日付,店舗ID,商品ID,予測販売数量,発注数量,単価,予測売上金額
2025-10-21,1,しらすおむすび,1142.61,1371,165.0,188531.0
2025-10-21,1,Ｍアーモンドチョコレート,1142.61,1371,305.0,348496.0
2025-10-21,1,龍角散ののどすっきりタブ,1142.61,1371,200.0,228522.0
2025-10-21,1,忍者めし鋼グレープ味,1142.61,1371,148.0,169106.0
2025-10-21,1,◎もちもちくるみパン,1142.61,1371,128.0,146254.0
2025-10-21,1,ｉｎゼリーエネルギー,1142.61,1371,210.0,239948.0
2025-10-21,1,◎白生クロワッサン（ダブ,1142.61,1371,156.0,178247.0
2025-10-21,1,モンスター　リッパー,1142.61,1371,213.0,243376.0
2025-10-21,1,◎レモン香るティーソーダ,1142.61,1371,130.0,148539.0
2025-10-21,1,カルピス　ひんやりライチ,1142.61,1371,160.0,182818.0
2025-10-21,1,カルピスウォーター５００,1142.61,1371,160.0,182818.0
2025-10-21,1,トロピカーナアップル,1142.61,1371,120.0,137113.0
2025-10-21,1,ミンティアＢカルピス,1142.61,1371,211.0,241091.0
2025-10-21,1,◎ボディＰレモンミント,1142.61,1371,350.0,399913.0
2025-10-21,1,薬用リップスティック,1142.61,1371,299.0,341640.0
2025-10-21,1,さらさらシートクール,1142.61,1371,295.0,337070.0
2025-10-21,1,◎のむＹＧアサイーボウル,1142.61,1371,184.0,210240.0
2025-10-21,1,Ｚｅｒｏシート携帯,1142.61,1371,328.0,374776.0
2025-10-21,1,レッドブルエナジー２５０,1142.61,1371,198.0,226237.0
2025-10-21,1,ペパーミント１００ＭＬ,1142.61,1371,200.0,228522.0
2025-10-21,1,ヘアリングゴム黒,1142.61,1371,200.0,228522.0
2025-10-21,1,１日分鉄分のむヨーグルト,1142.61,1371,145.0,165678.0
2025-10-21,1,ザバスミルクココア風味,1142.61,1371,181.0,206812.0
2025-10-21,1,イーラインマスクベージュ,1142.61,1371,299.0,341640.0
2025-10-21,1,ブルガリアＹＯ　苺,1142.61,1371,158.0,180532.0
2025-10-21,1,◎カフェラテレギュラー,1142.61,1371,181.0,206812.0
2025-10-21,1,金のミルクキャンディ,1142.61,1371,221.0,252517.0
2025-10-21,1,ミンティアＢリフレッシュ,1142.61,1371,211.0,241091.0
2025-10-21,1,邪払のど飴,1142.61,1371,258.0,294793.0
2025-10-21,1,◎生コッペパン（たまご）,1142.61,1371,128.0,146254.0
2025-10-21,1,キレートクエン酸ゼリー,1142.61,1371,210.0,239948.0
2025-10-21,1,◎もっち歩き（チョコ）,1142.61,1371,125.0,142826.0
2025-10-21,1,ミンティアワイルド＆クー,1142.61,1371,105.0,119974.0
2025-10-21,1,アーモンドＣ香ばしＰＪ,1142.61,1371,175.0,199957.0
2025-10-21,1,ミンティアＢクリスタル,1142.61,1371,211.0,241091.0
2025-10-21,1,ブラックＴひとくちサイズ,1142.61,1371,120.0,137113.0
2025-10-21,1,ジャムグミいちご,1142.61,1371,182.0,207955.0
2025-10-21,1,ぷにキャラグミちいかわ,1142.61,1371,218.0,249089.0
2025-10-21,1,ソルベットグミ白桃味,1142.61,1371,140.0,159965.0
2025-10-21,1,つぶグミカタイソーダ,1142.61,1371,168.0,191958.0
2025-10-21,1,たべっ子グミパイナップル,1142.61,1371,200.0,228522.0
2025-10-21,1,おとうふくんグミ,1142.61,1371,161.0,183960.0
2025-10-21,1,あの日夢見た雲グミ,1142.61,1371,171.0,195386.0
2025-10-21,1,ピュレグミなつももソーダ,1142.61,1371,150.0,171391.0
2025-10-21,1,ポケぷに,1142.61,1371,218.0,249089.0
2025-10-21,1,龍角散のど飴ｍａｘＳＴ,1142.61,1371,160.0,182818.0
2025-10-21,1,忍者めし巨峰,1142.61,1371,125.0,142826.0
2025-10-21,1,即攻元気ゼリー,1142.61,1371,204.0,233092.0
2025-10-21,1,龍角散のど飴スティック,1142.61,1371,140.0,159965.0
2025-10-21,1,のど飴,1142.61,1371,124.0,141684.0
2025-10-21,1,忍者めし鋼マスカット味,1142.61,1371,148.0,169106.0
2025-10-21,1,◎ドライマンゴー,1142.61,1371,276.0,315360.0
2025-10-21,1,◎カリカリ梅無着色小袋,1142.61,1371,184.0,210240.0
2025-10-21,1,大粒ラムネ,1142.61,1371,133.0,151967.0
2025-10-21,1,牛乳パン,1142.61,1371,230.0,262800.0
2025-10-21,1,１本満足プロテイン　ＷＴ,1142.61,1371,171.0,195386.0
2025-10-21,1,シルキータッチ大きめ,1142.61,1371,398.0,454759.0
2025-10-21,1,スマートカラーグレー,1142.61,1371,566.0,646717.0
2025-10-21,1,◎しっとりやわらか食パ６,1142.61,1371,158.0,180532.0
2025-10-21,1,◎ファミマ・ザ・クリーム,1142.61,1371,128.0,146254.0
2025-10-21,1,たまごサンド,1142.61,1371,265.0,302792.0
2025-10-21,1,具だくさん！チキン南蛮,1142.61,1371,221.0,252517.0
2025-10-21,1,具だくさん！チャーシュー,1142.61,1371,215.0,245661.0
2025-10-21,1,キャメＭマスカットＰＬ,1142.61,1371,455.0,519888.0
2025-10-21,1,◎ソフトなチーズクリーム,1142.61,1371,135.0,154252.0
2025-10-21,1,キャメＭベリープルーム,1142.61,1371,455.0,519888.0
2025-10-21,1,◎バタークロワッサンメロ,1142.61,1371,147.0,167964.0
2025-10-21,1,キャメＭコールドプルーム,1142.61,1371,455.0,519888.0
2025-10-21,1,◎チョコチップスナック６,1142.61,1371,135.0,154252.0
2025-10-21,1,◎ファミマ・ザ・メロンパ,1142.61,1371,128.0,146254.0
2025-10-21,1,ラーククラシックＭ,1142.61,1371,491.0,561022.0
2025-10-21,1,ラッキーＥＸカット１４,1142.61,1371,428.0,489037.0
2025-10-21,1,ラッキーＢチルベリー８,1142.61,1371,428.0,489037.0
2025-10-21,1,◎生コッペパン（コロッケ,1142.61,1371,167.0,190816.0
2025-10-21,1,ラッキーストライク,1142.61,1371,564.0,644432.0
2025-10-21,1,◎生コッペパン（焼きそば,1142.61,1371,167.0,190816.0
2025-10-21,1,ラッキーシガリロＳライト,1142.61,1371,428.0,489037.0
2025-10-21,1,◎白生コッペパン（トリプ,1142.61,1371,147.0,167964.0
2025-10-21,1,◎ひと口もち食感チーズ（,1142.61,1371,149.0,170249.0
2025-10-21,1,マルボロ・メン８Ｂ,1142.61,1371,546.0,623865.0
2025-10-21,1,◎もっちパン（ミート＆チ,1142.61,1371,121.0,138256.0
2025-10-21,1,◎お肉たっぷりメンチカツ,1142.61,1371,184.0,210240.0
2025-10-21,1,◎天然水新潟県津南６００,1142.61,1371,110.0,125687.0
2025-10-21,1,◎ミニクリームパン５個入,1142.61,1371,149.0,170249.0
2025-10-21,1,◎ジャスミン茶６００,1142.61,1371,110.0,125687.0
2025-10-21,1,クリームたい焼きカスター,1142.61,1371,165.0,188531.0
2025-10-21,1,アスティーグ肌　Ｍ,1142.61,1371,600.0,685566.0
2025-10-21,1,◎のむヨーグルトプレーン,1142.61,1371,149.0,170249.0
2025-10-21,1,ルーロー飯おむすび,1142.61,1371,194.0,221666.0
2025-10-21,1,グリーンダカラ,1142.61,1371,141.0,161108.0
2025-10-21,1,ウィルキンソン　タンサン,1142.61,1371,112.0,127972.0
2025-10-21,1,チョコラＢＢハイパー,1142.61,1371,380.0,434192.0
2025-10-21,1,◎発酵バター香るチョコク,1142.61,1371,147.0,167964.0
2025-10-21,1,◎ダブルチョコデニッシュ,1142.61,1371,128.0,146254.0
2025-10-21,1,ウコンの力ドリンク,1142.61,1371,191.0,218239.0
2025-10-21,1,リポビタンＤ,1142.61,1371,164.0,187388.0
2025-10-21,1,◎ゴロゴロチョコのクッキ,1142.61,1371,138.0,157680.0
2025-10-21,1,ジョージア　カフェモカ,1142.61,1371,168.0,191958.0
2025-10-21,1,ジョージア　カフェラテ,1142.61,1371,159.0,181675.0
2025-10-21,1,◎しっとりケーキ（チョコ,1142.61,1371,135.0,154252.0
2025-10-21,1,ジョージア　ブラック,1142.61,1371,149.0,170249.0
2025-10-21,1,◎白生フランスパン（つぶ,1142.61,1371,156.0,178247.0
2025-10-21,1,◎天然水長野県安曇野２Ｌ,1142.61,1371,112.0,127972.0
2025-10-21,1,午後の紅茶　レモンティー,1142.61,1371,160.0,182818.0
2025-10-21,1,◎緑茶６００,1142.61,1371,110.0,125687.0
2025-10-21,1,◎ぶどうぱん（シュガーマ,1142.61,1371,128.0,146254.0
2025-10-21,1,◎麦茶６００,1142.61,1371,110.0,125687.0
2025-10-21,1,健康ミネラルむぎ茶,1142.61,1371,158.0,180532.0
2025-10-21,1,◎生スコーン６個入,1142.61,1371,172.0,196529.0
2025-10-21,1,◎アップル香るジャスミン,1142.61,1371,110.0,125687.0
2025-10-21,1,塩バター揚げ焼きくりーむ,1142.61,1371,276.0,315360.0
2025-10-21,1,マルボロ・メン１２Ｂ,1142.61,1371,546.0,623865.0
2025-10-21,1,専ＵＦＯ大盛焼そばパンガ,1142.61,1371,276.0,315360.0
2025-10-21,1,じゃがりこチーズ,1142.61,1371,185.0,211383.0
2025-10-21,1,◎冷やし胡瓜一本漬,1142.61,1371,172.0,196529.0
2025-10-21,1,◎タンスティックレモン,1142.61,1371,184.0,210240.0
2025-10-21,1,メビウスＥＸＬ,1142.61,1371,528.0,603298.0
2025-10-21,1,メビウスＬ,1142.61,1371,528.0,603298.0
2025-10-21,1,メビウスＳＬ１００Ｂ,1142.61,1371,528.0,603298.0
2025-10-21,1,焙煎ごまドレッシング,1142.61,1371,33.0,37706.0
2025-10-21,1,◎半熟ゆでたまご１個,1142.61,1371,98.0,111976.0
2025-10-21,1,ポケカ拡張　ホワイト,1142.61,1371,264.0,301649.0
2025-10-21,1,テリアスムースレギュラー,1142.61,1371,528.0,603298.0
2025-10-21,1,高菜の寿司,1142.61,1371,176.0,201099.0
2025-10-21,1,レジ袋弁当大バイオマス,1142.61,1371,5.0,5713.0
2025-10-21,1,ホープ１０,1142.61,1371,273.0,311933.0
2025-10-21,1,手巻　紀州南高梅,1142.61,1371,158.0,180532.0
2025-10-21,1,手巻　真昆布,1142.61,1371,158.0,180532.0
2025-10-21,1,大きな　僕の梅おかか,1142.61,1371,297.0,339355.0
2025-10-21,1,味付海苔　おかか味噌,1142.61,1371,161.0,183960.0
2025-10-21,1,増量　手巻　紅しゃけ,1142.61,1371,195.0,222809.0
2025-10-21,1,増量　手巻　辛子明太子,1142.61,1371,195.0,222809.0
2025-10-21,1,大きな　昆布とツナマヨ,1142.61,1371,269.0,307362.0
2025-10-21,1,手巻　たらこマヨネーズ,1142.61,1371,188.0,214811.0
2025-10-21,1,豚バラしょうゆ,1142.61,1371,276.0,315360.0
2025-10-21,1,サンドおむすび　牛カルビ,1142.61,1371,328.0,374776.0
2025-10-21,1,手巻　紅しゃけ,1142.61,1371,195.0,222809.0
2025-10-21,1,レジ袋１２号バイオマス,1142.61,1371,3.0,3428.0
2025-10-21,1,ピース・ライト・ＢＯＸ,1142.61,1371,546.0,623865.0
2025-10-21,1,ピアニシモ・アリア・メン,1142.61,1371,519.0,593015.0
2025-10-21,1,◎海鮮スティック明太マヨ,1142.61,1371,167.0,190816.0
2025-10-21,1,センティアＩブラック,1142.61,1371,482.0,550738.0
2025-10-21,1,冷し明太とろろうどん,1142.61,1371,508.0,580446.0
2025-10-21,1,冷したぬきうどん,1142.61,1371,399.0,455901.0
2025-10-21,1,ゆず冷し鶏塩おろしうどん,1142.61,1371,526.0,601013.0
2025-10-21,1,テリアイエローメンソール,1142.61,1371,528.0,603298.0
2025-10-21,1,テリアサンパール,1142.61,1371,528.0,603298.0
2025-10-21,1,テリアシャインパール,1142.61,1371,528.0,603298.0
2025-10-21,1,マルボロ・ボックス,1142.61,1371,546.0,623865.0
2025-10-21,1,シーチキン＆コーンサラダ,1142.61,1371,249.0,284510.0
2025-10-21,1,ケントエス１・１００Ｂ,1142.61,1371,455.0,519888.0
2025-10-21,1,ローストチキンパスタサラ,1142.61,1371,369.0,421623.0
2025-10-21,1,エボルタＮＥＯ単４－４Ｐ,1142.61,1371,659.0,752980.0
2025-10-21,1,ライトニング１．２ｍ,1142.61,1371,1800.0,2056698.0
2025-10-21,1,ＣＲバーナーライター,1142.61,1371,190.0,217096.0
2025-10-21,1,耐風ビニール傘７０,1142.61,1371,862.0,984930.0
2025-10-21,1,ダブルシュー,1142.61,1371,172.0,196529.0
2025-10-21,1,デイリースポーツ東日本,1142.61,1371,146.0,166821.0
2025-10-21,1,冷やして食べるバウム,1142.61,1371,167.0,190816.0
2025-10-21,1,マカロンチョコパッション,1142.61,1371,267.0,305077.0
2025-10-21,1,日刊ゲンダイ,1142.61,1371,164.0,187388.0
2025-10-21,1,日本経済新聞,1142.61,1371,182.0,207955.0
2025-10-21,1,ＡｍａｚｏｎＶＡＲ,1142.61,1371,10000.0,11426100.0
2025-10-21,1,２種のキンパ,1142.61,1371,510.0,582731.0
2025-10-21,1,セブンスター,1142.61,1371,546.0,623865.0
2025-10-21,1,セブンスター・ＢＯＸ,1142.61,1371,546.0,623865.0
2025-10-21,1,手巻　辛子明太子,1142.61,1371,195.0,222809.0
2025-10-21,1,カロリーＭハーフ　バニラ,1142.61,1371,110.0,125687.0
2025-10-21,1,手巻シーチキンマヨネーズ,1142.61,1371,165.0,188531.0
2025-10-21,1,直巻　和風ツナマヨネーズ,1142.61,1371,149.0,170249.0
2025-10-21,1,テリアブラックＭ１０Ｐ,1142.61,1371,5273.0,6024983.0
2025-10-21,1,アサヒ生ビール３５０,1142.61,1371,216.0,246804.0
2025-10-21,1,スーパードライ３５０,1142.61,1371,216.0,246804.0
2025-10-21,1,さばと青じそおむすび,1142.61,1371,139.0,158823.0
2025-10-21,1,テリアＯパール,1142.61,1371,528.0,603298.0
2025-10-21,1,ポケカ拡張　ブラック,1142.61,1371,264.0,301649.0
2025-10-21,1,ポケカ拡張　バトルＰ,1142.61,1371,164.0,187388.0
2025-10-21,1,サラサクリップ　黒,1142.61,1371,99.0,113118.0
2025-10-21,1,ＬＩＢＥＲＡミルク,1142.61,1371,277.0,316503.0
2025-10-21,1,◎しみチョココーン,1142.61,1371,147.0,167964.0
2025-10-21,1,◎チョコシュー,1142.61,1371,128.0,146254.0
2025-10-21,1,もち麦　鮭ひじきしそ風味,1142.61,1371,163.0,186245.0
2025-10-21,1,◎こだわりのフロランタン,1142.61,1371,184.0,210240.0
2025-10-21,1,◎もちもちレモンドーナツ,1142.61,1371,149.0,170249.0
2025-10-21,1,◎濃厚ミルクドーナツ,1142.61,1371,100.0,114261.0
2025-10-21,1,◎焼たまごカレートースト,1142.61,1371,167.0,190816.0
2025-10-21,1,スイートサンダーいちご,1142.61,1371,60.0,68557.0
2025-10-21,1,ブラックサンダー,1142.61,1371,41.0,46847.0
2025-10-21,1,◎大きいウインナー,1142.61,1371,153.0,174819.0
2025-10-21,1,◎大きいあらびきチョリソ,1142.61,1371,153.0,174819.0
2025-10-21,1,パウダー２５０％ハッピー,1142.61,1371,120.0,137113.0
2025-10-21,1,◎ベーコンチーズオニオン,1142.61,1371,149.0,170249.0
2025-10-21,1,Ｆグレイシアラムネわらび,1142.61,1371,156.0,178247.0
2025-10-21,1,じゃがりこサラダ,1142.61,1371,185.0,211383.0
2025-10-21,1,ミンティアコールドスマッ,1142.61,1371,105.0,119974.0
2025-10-21,1,直巻　とり五目,1142.61,1371,165.0,188531.0
2025-10-21,1,ラッキーＳメンソール,1142.61,1371,391.0,446761.0
2025-10-21,1,ラッキーＳダークＭ,1142.61,1371,391.0,446761.0
2025-10-21,1,直巻　明太子マヨネーズ,1142.61,1371,165.0,188531.0
2025-10-21,1,直巻　焼しゃけ,1142.61,1371,158.0,180532.0
2025-10-21,1,レジ袋,1142.61,1371,3.0,3428.0
2025-10-21,1,１９６ＳＴゼロＷレモン３,1142.61,1371,161.0,183960.0
2025-10-21,1,角ハイボール３５０,1142.61,1371,219.0,250232.0
2025-10-21,1,氷結レモン３５０,1142.61,1371,168.0,191958.0
2025-10-21,1,生ハム寿司,1142.61,1371,212.0,242233.0
2025-10-21,1,テリアブラックパープルＭ,1142.61,1371,528.0,603298.0
2025-10-21,1,テリアブラックメンソール,1142.61,1371,528.0,603298.0
2025-10-21,1,手巻寿司　納豆,1142.61,1371,184.0,210240.0
2025-10-21,1,テリアミント,1142.61,1371,528.0,603298.0
2025-10-21,1,手巻寿司　シーチキンマヨ,1142.61,1371,167.0,190816.0
2025-10-21,1,テリアメンソール,1142.61,1371,528.0,603298.0
2025-10-21,1,テリアリッチレギュラー,1142.61,1371,528.0,603298.0
2025-10-21,1,テリアリビエラパール,1142.61,1371,528.0,603298.0
2025-10-21,1,テリアレギュラー,1142.61,1371,528.0,603298.0
2025-10-21,1,鮭はらみおむすび,1142.61,1371,258.0,294793.0
2025-10-21,1,助六寿司,1142.61,1371,482.0,550738.0
2025-10-21,1,テリアＢルビーＭ,1142.61,1371,528.0,603298.0
2025-10-21,1,ネオアークティックＭ,1142.61,1371,455.0,519888.0
2025-10-21,1,高菜たくあんおむすび,1142.61,1371,135.0,154252.0
2025-10-21,1,ラッキーＳダークタバコ,1142.61,1371,391.0,446761.0
2025-10-21,1,◎ハムチーズマヨネーズ２,1142.61,1371,135.0,154252.0
2025-10-21,1,ＭＶコールドＭプルーム,1142.61,1371,455.0,519888.0
2025-10-21,1,まるで桃みたいなケーキ,1142.61,1371,276.0,315360.0
2025-10-21,1,クリームワッフルクッキー,1142.61,1371,260.0,297079.0
2025-10-21,1,調製豆乳,1142.61,1371,105.0,119974.0
2025-10-21,1,テリアパープルメンソール,1142.61,1371,528.0,603298.0
2025-10-21,1,テリアバランスドＲ,1142.61,1371,528.0,603298.0
2025-10-21,1,野菜一日これ一本,1142.61,1371,113.0,129115.0
2025-10-21,1,◎デニッシュブレッド３枚,1142.61,1371,156.0,178247.0
2025-10-21,1,センティアＳバイオレット,1142.61,1371,482.0,550738.0
2025-10-21,1,◎バタークロワッサンメ３,1142.61,1371,156.0,178247.0
2025-10-21,1,センティアＩパープル,1142.61,1371,482.0,550738.0
2025-10-21,1,◎ファミマの牛乳５００,1142.61,1371,175.0,199957.0
2025-10-21,1,サブレサンドバニライチゴ,1142.61,1371,332.0,379347.0
2025-10-21,1,冷しニンニクまぜそば,1142.61,1371,647.0,739269.0
2025-10-21,1,ＳＰＡＭ　タコスミート,1142.61,1371,315.0,359922.0
2025-10-21,1,ＳＰＡＭ　ツナマヨネーズ,1142.61,1371,266.0,303934.0
2025-10-21,1,不明,1142.61,1371,164.0,187388.0
2025-10-21,1,レジ袋４５号バイオマス,1142.61,1371,7.0,7998.0
2025-10-21,1,鮭ほぐし飯（和風だしごは,1142.61,1371,338.0,386202.0
2025-10-21,1,天タレおむすび,1142.61,1371,138.0,157680.0
2025-10-21,1,植物生のスパイシーカレー,1142.61,1371,146.0,166821.0
2025-10-21,1,赤飯おむすび,1142.61,1371,165.0,188531.0
2025-10-21,1,レジ袋２０号バイオマス,1142.61,1371,5.0,5713.0
2025-10-21,1,鶏のうまみ！鶏そぼろ弁当,1142.61,1371,320.0,365635.0
2025-10-21,1,冷しビャンビャン麺,1142.61,1371,510.0,582731.0
2025-10-21,1,ラッキーＳＲタバコ１０Ｐ,1142.61,1371,3910.0,4467605.0
2025-10-21,1,野沢菜いなり寿司,1142.61,1371,179.0,204527.0
2025-10-21,1,国産チキン彩り野菜うどん,1142.61,1371,554.0,633006.0
2025-10-21,1,手巻寿司　ねぎとろ（青ま,1142.61,1371,230.0,262800.0
2025-10-21,1,かぶり寿司　唐揚げ巻,1142.61,1371,283.0,323359.0
2025-10-21,1,塩こんぶおむすび,1142.61,1371,139.0,158823.0
2025-10-21,1,サンド寿司　まぐろたくあ,1142.61,1371,334.0,381632.0
2025-10-21,1,冷たい生パスタ海老トマト,1142.61,1371,499.0,570162.0
2025-10-21,1,ジューシーハムサンド,1142.61,1371,297.0,339355.0
2025-10-21,1,ラッキーＳリッチタバコ,1142.61,1371,391.0,446761.0
2025-10-21,1,テリヤキチキンとたまごＳ,1142.61,1371,323.0,369063.0
2025-10-21,1,ラッキーＳベリーＭ,1142.61,1371,391.0,446761.0
2025-10-21,1,ラッキーＳトロピカルＳ,1142.61,1371,391.0,446761.0
2025-10-21,1,３種チーズとハムのサンド,1142.61,1371,323.0,369063.0
2025-10-21,1,ベコンレタストマトサンド,1142.61,1371,369.0,421623.0
2025-10-21,1,ネオＢベリーハイパー用,1142.61,1371,455.0,519888.0
2025-10-21,1,チキン南蛮サンド,1142.61,1371,369.0,421623.0
2025-10-21,1,ミックスサンド,1142.61,1371,276.0,315360.0
2025-10-21,1,鶏焼肉のバインミー,1142.61,1371,369.0,421623.0
2025-10-21,1,シーチキン＆たまごサラダ,1142.61,1371,239.0,273084.0
2025-10-21,1,棒棒鶏風サラダ,1142.61,1371,406.0,463900.0
2025-10-21,1,和風ドレッシング,1142.61,1371,33.0,37706.0
2025-10-21,1,シャキシャキレタスサンド,1142.61,1371,297.0,339355.0
2025-10-21,1,サメジマブルーソーダ味,1142.61,1371,178.0,203385.0
2025-10-21,1,蒸鶏とねぎのトマトパスタ,1142.61,1371,462.0,527886.0
2025-10-21,1,大きなおむすび唐揚げマヨ,1142.61,1371,290.0,331357.0
2025-10-21,1,本まぐろわさび醤油おむす,1142.61,1371,280.0,319931.0
2025-10-21,1,◎ベーコンペッパーマヨ,1142.61,1371,121.0,138256.0
2025-10-21,1,メビウス,1142.61,1371,528.0,603298.0
2025-10-21,1,シャインマスカットのど飴,1142.61,1371,105.0,119974.0
2025-10-21,1,ぷっちょＳＴメガコーラ,1142.61,1371,118.0,134828.0
2025-10-21,1,ハイチュウグレープ,1142.61,1371,127.0,145111.0
2025-10-21,1,ハイライトメンソール,1142.61,1371,473.0,540455.0
2025-10-21,1,ハイチュウＰシャインマス,1142.61,1371,152.0,173677.0
2025-10-21,1,センティアＦグリーン,1142.61,1371,482.0,550738.0
2025-10-21,1,ハイライト,1142.61,1371,473.0,540455.0
2025-10-21,1,ハイチュウＰ巨峰,1142.61,1371,152.0,173677.0
2025-10-21,1,キャメルクラフトＭ５,1142.61,1371,410.0,468470.0
2025-10-21,1,アメスピＯＭ１,1142.61,1371,382.0,436477.0
2025-10-21,1,アメスピＯＭライト,1142.61,1371,382.0,436477.0
2025-10-21,1,コロロシャインマスカット,1142.61,1371,148.0,169106.0
2025-10-21,1,コーラアップ,1142.61,1371,242.0,276512.0
2025-10-21,1,アメスピライト,1142.61,1371,382.0,436477.0
2025-10-21,1,ハイチュウＰヨーグルト,1142.61,1371,152.0,173677.0
2025-10-21,1,ＭＶスムースＲプルーム,1142.61,1371,455.0,519888.0
2025-10-21,1,◎しみ旨フレンチトースト,1142.61,1371,144.0,164536.0
2025-10-21,1,ＭＶシトラスＯＰプルーム,1142.61,1371,455.0,519888.0
2025-10-21,1,◎もちっとつぶあんドーナ,1142.61,1371,125.0,142826.0
2025-10-21,1,◎ミニフレンチトースト４,1142.61,1371,172.0,196529.0
2025-10-21,1,センティアＤブロンズ,1142.61,1371,482.0,550738.0
2025-10-21,1,センティアＣジェイド,1142.61,1371,482.0,550738.0
2025-10-21,1,センティアクリアシルバー,1142.61,1371,482.0,550738.0
2025-10-21,1,専ＵＦＯプチ焼そばパン４,1142.61,1371,212.0,242233.0
2025-10-21,1,ケントＴＲメンソール,1142.61,1371,437.0,499321.0
2025-10-21,1,◎北海道メロンパン,1142.61,1371,125.0,142826.0
2025-10-21,1,ケントＴメンソール,1142.61,1371,437.0,499321.0
2025-10-21,1,◎生コッペパン（あんバタ,1142.61,1371,135.0,154252.0
2025-10-21,1,◎白生コッペパン（カスタ,1142.61,1371,128.0,146254.0
2025-10-21,1,マルボロ・ブラックＭ８,1142.61,1371,546.0,623865.0
2025-10-21,1,ＭＶＰＧレギュラーウィズ,1142.61,1371,546.0,623865.0
2025-10-21,1,ＭＶＰＧメンソールウィズ,1142.61,1371,546.0,623865.0
2025-10-21,1,ＭＶＧレッドＭウィズ,1142.61,1371,546.0,623865.0
2025-10-21,1,◎ふんわりホットケーキ２,1142.61,1371,128.0,146254.0
2025-10-21,1,◎完熟バナナパンケーキ,1142.61,1371,138.0,157680.0
2025-10-21,1,ＭＶベリーＯＰプルーム,1142.61,1371,455.0,519888.0
2025-10-21,1,◎いちごのクロワッサン（,1142.61,1371,147.0,167964.0
2025-10-21,1,ＭＶブラックＣＭプルーム,1142.61,1371,455.0,519888.0
2025-10-21,1,タフグミグレーピーパンチ,1142.61,1371,238.0,271941.0
2025-10-21,1,はちみつカリンのど飴,1142.61,1371,124.0,141684.0
2025-10-21,1,メビウスワン,1142.61,1371,528.0,603298.0
2025-10-21,1,メビウスＥ１　１００Ｓ,1142.61,1371,455.0,519888.0
2025-10-21,1,◎スーパーＣＨ無糖レモ３,1142.61,1371,119.0,135971.0
2025-10-21,1,おむすびおかずＳ（昆・ツ,1142.61,1371,434.0,495893.0
2025-10-21,1,特撰　白角水割　２５０,1142.61,1371,175.0,199957.0
2025-10-21,1,茉莉花ジャスミン茶割ＪＪ,1142.61,1371,181.0,206812.0
2025-10-21,1,檸檬堂夏のラムネとレモン,1142.61,1371,160.0,182818.0
2025-10-21,1,手巻寿司　サーモン（青ま,1142.61,1371,230.0,262800.0
2025-10-21,1,本搾りライム３５０,1142.61,1371,168.0,191958.0
2025-10-21,1,未来のレサワオリジナル３,1142.61,1371,271.0,309647.0
2025-10-21,1,ルイボスティーハイ３４０,1142.61,1371,181.0,206812.0
2025-10-21,1,手巻寿司　青しそ納豆,1142.61,1371,190.0,217096.0
2025-10-21,1,◎スーパーＣＨグレフル３,1142.61,1371,119.0,135971.0
2025-10-21,1,大関　佳撰ワンカップ,1142.61,1371,219.0,250232.0
2025-10-21,1,金麦３５０,1142.61,1371,180.0,205670.0
2025-10-21,1,いなり寿司３ヶ入,1142.61,1371,276.0,315360.0
2025-10-21,1,ザプレミアムモルツ３５０,1142.61,1371,254.0,290223.0
2025-10-21,1,黒ラベル３５０,1142.61,1371,216.0,246804.0
2025-10-21,1,炙り焼辛子明太子おむすび,1142.61,1371,251.0,286795.0
2025-10-21,1,◎パン・オ・ショコラ４個,1142.61,1371,184.0,210240.0
2025-10-21,1,６種具材の冷し中華,1142.61,1371,536.0,612439.0
2025-10-21,1,センティアＦパープル,1142.61,1371,482.0,550738.0
2025-10-21,1,キシリトール粒フレッシュ,1142.61,1371,178.0,203385.0
2025-10-21,1,大粒ラムネＲすっぱレモン,1142.61,1371,133.0,151967.0
2025-10-21,1,マルボロアイスＢ・Ｍ８,1142.61,1371,546.0,623865.0
2025-10-21,1,マルボロアイスＢ・Ｍ５,1142.61,1371,546.0,623865.0
2025-10-21,1,ベロＭＰＭインテンス,1142.61,1371,291.0,332500.0
2025-10-21,1,◎黒胡椒香るチーズフラン,1142.61,1371,184.0,210240.0
2025-10-21,1,ケント・１・１００ＢＯＸ,1142.61,1371,473.0,540455.0
2025-10-21,1,◎ファミマ・ザ・カレーパ,1142.61,1371,139.0,158823.0
2025-10-21,1,ケントエス・スパーク１,1142.61,1371,455.0,519888.0
2025-10-21,1,◎手巻きソーセージドーナ,1142.61,1371,158.0,180532.0
2025-10-21,1,マルボロゴールドＢ,1142.61,1371,546.0,623865.0
2025-10-21,1,キシリトール粒グレープ,1142.61,1371,178.0,203385.0
2025-10-21,1,キシリトール粒ライムミン,1142.61,1371,178.0,203385.0
2025-10-21,1,Ｗ・Ｃ・ホワイト・５,1142.61,1371,491.0,561022.0
2025-10-21,1,メビＰＭＯＰＰ１１００,1142.61,1371,528.0,603298.0
2025-10-21,1,メビウスＳＬ,1142.61,1371,528.0,603298.0
2025-10-21,1,フリスクＦＦマスカット,1142.61,1371,278.0,317646.0
2025-10-21,1,ヨーグレットミニ,1142.61,1371,150.0,171391.0
2025-10-21,1,メビウスＥＭＯＰＰ５Ｓ,1142.61,1371,455.0,519888.0
2025-10-21,1,メロンソーダアップ,1142.61,1371,242.0,276512.0
2025-10-21,1,ラムネアップ,1142.61,1371,242.0,276512.0
2025-10-21,1,サンスポ（サンケ,1142.61,1371,164.0,187388.0
2025-10-21,1,コンパクトＳ２４．５ｃｍ,1142.61,1371,230.0,262800.0
2025-10-21,1,忍者めしラムネ,1142.61,1371,125.0,142826.0
2025-10-21,1,週刊少年ジャンプ,1142.61,1371,282.0,322216.0
2025-10-21,1,男梅グミ,1142.61,1371,143.0,163393.0
2025-10-21,1,週　刊　文　春,1142.61,1371,464.0,530171.0
2025-10-21,1,◎ドライみかん,1142.61,1371,276.0,315360.0
2025-10-21,1,ヤングマガジン,1142.61,1371,464.0,530171.0
2025-10-21,1,◎ドライりんご,1142.61,1371,276.0,315360.0
2025-10-21,1,◎５種のナッツ＆フルーツ,1142.61,1371,198.0,226237.0
2025-10-21,1,◎おしゃぶり昆布,1142.61,1371,172.0,196529.0
2025-10-21,1,ＢＩＣ電子ライター,1142.61,1371,170.0,194244.0
2025-10-21,1,◎やみつき種ぬき干し梅,1142.61,1371,175.0,199957.0
2025-10-21,1,コンパクトＳ２１．５ｃｍ,1142.61,1371,230.0,262800.0
2025-10-21,1,◎除菌ハンディＷティシュ,1142.61,1371,164.0,187388.0
2025-10-21,1,コカ・コーラ　３００,1142.61,1371,110.0,125687.0
2025-10-21,1,◎みるくバターまんじゅう,1142.61,1371,144.0,164536.0
2025-10-21,1,◎パイまんじゅうつぶあん,1142.61,1371,153.0,174819.0
2025-10-21,1,ピュレグミＰ白桃,1142.61,1371,180.0,205670.0
2025-10-21,1,ピュレグミＰマスカット,1142.61,1371,180.0,205670.0
2025-10-21,1,ピュレグミグレープ味,1142.61,1371,150.0,171391.0
2025-10-21,1,◎紅はるかの熟成干し芋,1142.61,1371,260.0,297079.0
2025-10-21,1,龍角散ののどすっきり飴袋,1142.61,1371,280.0,319931.0
2025-10-21,1,まい塩あめ小袋,1142.61,1371,138.0,157680.0
2025-10-21,1,今治ＴＨドット,1142.61,1371,600.0,685566.0
2025-10-21,1,ハンカチＳＴ,1142.61,1371,600.0,685566.0
2025-10-21,1,婦人ショートＳ白,1142.61,1371,390.0,445618.0
2025-10-21,1,ひざ下２足ヌードベージュ,1142.61,1371,500.0,571305.0
2025-10-21,1,邪払のど飴小袋,1142.61,1371,119.0,135971.0
2025-10-21,1,◎ばんそうこうＭサイズ,1142.61,1371,362.0,413625.0
2025-10-21,1,プリッツ旨サラダ,1142.61,1371,131.0,149682.0
2025-10-21,1,◎チョコマシュマロ,1142.61,1371,139.0,158823.0
2025-10-21,1,◎ミニバタークッキー,1142.61,1371,128.0,146254.0
2025-10-21,1,シルキータッチふつう,1142.61,1371,398.0,454759.0
2025-10-21,1,◎練乳はちみつドーナツ,1142.61,1371,147.0,167964.0
2025-10-21,1,◎こだわりのマドレーヌ,1142.61,1371,147.0,167964.0
2025-10-21,1,ソフトタンポンコンパクト,1142.61,1371,282.0,322216.0
2025-10-21,1,◎こだわりのワッフル,1142.61,1371,144.0,164536.0
2025-10-21,1,今治ＴＨＳＴ／青橙,1142.61,1371,600.0,685566.0
2025-10-21,1,ジェットスリーム０．５,1142.61,1371,150.0,171391.0
2025-10-21,1,リングメモＡ７Ｂ罫,1142.61,1371,208.0,237663.0
2025-10-21,1,ハリボーハッピーコーラ,1142.61,1371,198.0,226237.0
2025-10-21,1,東スポ（東京スポーツ）,1142.61,1371,164.0,187388.0
2025-10-21,1,ドデカミンＢＩＧ,1142.61,1371,149.0,170249.0
2025-10-21,1,今治ＴＨネイビーＭＩＸ,1142.61,1371,600.0,685566.0
2025-10-21,1,◎ミニ羊羹　煉,1142.61,1371,91.0,103978.0
2025-10-21,1,ペプシコーラ　６００,1142.61,1371,130.0,148539.0
2025-10-21,1,無香料ケープ　ＳＨ　小,1142.61,1371,300.0,342783.0
2025-10-21,1,◎贅沢バウムクーヘン,1142.61,1371,202.0,230807.0
2025-10-21,1,◎とろけるチョコミントＣ,1142.61,1371,139.0,158823.0
2025-10-21,1,◎４種のフルーツケーキ,1142.61,1371,156.0,178247.0
2025-10-21,1,バナナバウムクーヘン,1142.61,1371,139.0,158823.0
2025-10-21,1,さらさらシートせっけん,1142.61,1371,295.0,337070.0
2025-10-21,1,ベースブレッドシナモン,1142.61,1371,260.0,297079.0
2025-10-21,1,ビオレふくだけＣうるおい,1142.61,1371,341.0,389630.0
2025-10-21,1,ベースブレッドチョコ,1142.61,1371,260.0,297079.0
2025-10-21,1,ベースブレッドメープル,1142.61,1371,260.0,297079.0
2025-10-21,1,天然水きりっとヨグ,1142.61,1371,159.0,181675.0
2025-10-21,1,Ｆリーフィアロールケーキ,1142.61,1371,165.0,188531.0
2025-10-21,1,梅のり巻,1142.61,1371,142.0,162251.0
2025-10-21,1,耐風ビニール傘６５,1142.61,1371,705.0,805540.0
2025-10-21,1,ＣＷワンタッチ開閉折傘,1142.61,1371,2014.0,2301217.0
2025-10-21,1,レインコートＬ,1142.61,1371,687.0,784973.0
2025-10-21,1,アクオグリーンミント,1142.61,1371,170.0,194244.0
2025-10-21,1,アクオクリアブルーミント,1142.61,1371,170.0,194244.0
2025-10-21,1,◎春雨スープ担々麺味,1142.61,1371,167.0,190816.0
2025-10-21,1,◎とん汁,1142.61,1371,167.0,190816.0
2025-10-21,1,Ｆレモンクリームのロール,1142.61,1371,153.0,174819.0
2025-10-21,1,クリアクリーントラベル,1142.61,1371,323.0,369063.0
2025-10-21,1,◎濃厚チョコパウンド,1142.61,1371,213.0,243376.0
2025-10-21,1,モンスターエナジーボトル,1142.61,1371,297.0,339355.0
2025-10-21,1,おっとっとうすしお味,1142.61,1371,131.0,149682.0
2025-10-21,1,チップスターＳうすしお味,1142.61,1371,144.0,164536.0
2025-10-21,1,アクエリアス５００,1142.61,1371,160.0,182818.0
2025-10-21,1,チップスターＳコンソメ味,1142.61,1371,144.0,164536.0
2025-10-21,1,サントリー天然水　２Ｌ,1142.61,1371,131.0,149682.0
2025-10-21,1,天然水１Ｌ,1142.61,1371,168.0,191958.0
2025-10-21,1,◎キャラメルコーン,1142.61,1371,119.0,135971.0
2025-10-21,1,◎ＢＳラーメン丸チキン味,1142.61,1371,119.0,135971.0
2025-10-21,1,◎天然水新潟県津南３７０,1142.61,1371,100.0,114261.0
2025-10-21,1,ＳＯＹＪＯＹ　黒ゴマ,1142.61,1371,125.0,142826.0
2025-10-21,1,◎きんつば,1142.61,1371,158.0,180532.0
2025-10-21,1,ウェルチ　１房分のぶどう,1142.61,1371,160.0,182818.0
2025-10-21,1,天然水きりっと果実,1142.61,1371,159.0,181675.0
2025-10-21,1,玉ねぎせん,1142.61,1371,158.0,180532.0
2025-10-21,1,贅沢保湿ポケットＴ,1142.61,1371,169.0,193101.0
2025-10-21,1,◎チョコミントタルト,1142.61,1371,176.0,201099.0
2025-10-21,1,◎チョコミントロール,1142.61,1371,167.0,190816.0
2025-10-21,1,◎水に流せるポケットＴ,1142.61,1371,133.0,151967.0
2025-10-21,1,◎紀州南高梅茎わかめ,1142.61,1371,158.0,180532.0
2025-10-21,1,◎種ぬきはちみつ干し梅,1142.61,1371,158.0,180532.0
2025-10-21,1,今治ＴＨ２５夏の色白,1142.61,1371,600.0,685566.0
2025-10-21,1,１本満足シリアルチョコ,1142.61,1371,152.0,173677.0
2025-10-21,1,１本満足シリアルブラック,1142.61,1371,152.0,173677.0
2025-10-21,1,爽健美茶３００,1142.61,1371,110.0,125687.0
2025-10-21,1,おーいお茶緑茶　３５０,1142.61,1371,110.0,125687.0
2025-10-21,1,１本満足シリアルホワイト,1142.61,1371,152.0,173677.0
2025-10-21,1,伊右衛門特茶,1142.61,1371,170.0,194244.0
2025-10-21,1,ヘルシア緑茶　３５０ｍｌ,1142.61,1371,180.0,205670.0
2025-10-21,1,Ｃ玄米ブラン　ブルーベリ,1142.61,1371,155.0,177105.0
2025-10-21,1,クラフトボスイタリアーノ,1142.61,1371,159.0,181675.0
2025-10-21,1,Ｃ玄米ブランメープル,1142.61,1371,155.0,177105.0
2025-10-21,1,モーニングマアムバニラ,1142.61,1371,130.0,148539.0
2025-10-21,1,◎玄米茶　６００,1142.61,1371,110.0,125687.0
2025-10-21,1,◎台湾烏龍茶　６００,1142.61,1371,110.0,125687.0
2025-10-21,1,ｉｎゼリーマルチビタミン,1142.61,1371,210.0,239948.0
2025-10-21,1,Ｃ１０００ビタミンレモン,1142.61,1371,130.0,148539.0
2025-10-21,1,◎ピーチマンゴールイボス,1142.61,1371,110.0,125687.0
2025-10-21,1,オロナミンＣ,1142.61,1371,135.0,154252.0
2025-10-21,1,ヘパリーゼＷ,1142.61,1371,276.0,315360.0
2025-10-21,1,い・ろ・は・す５４０,1142.61,1371,118.0,134828.0
2025-10-21,1,カロリＭハーフチーズ味,1142.61,1371,110.0,125687.0
2025-10-21,1,クラフトボス　ミルクラテ,1142.61,1371,166.0,189673.0
2025-10-21,1,伊右衛門　６００,1142.61,1371,158.0,180532.0
2025-10-21,1,午後の紅茶　ミルクティー,1142.61,1371,160.0,182818.0
2025-10-21,1,◎オレンジ香アールグレイ,1142.61,1371,110.0,125687.0
2025-10-21,1,きのこベーコン醤油パスタ,1142.61,1371,434.0,495893.0
2025-10-21,1,小岩井　Ｔｈｅカフェオレ,1142.61,1371,159.0,181675.0
2025-10-21,1,おーいお茶濃く香るほうじ,1142.61,1371,158.0,180532.0
2025-10-21,1,クラフトボスブラック,1142.61,1371,149.0,170249.0
2025-10-21,1,ウィルキンソン　レモン,1142.61,1371,112.0,127972.0
2025-10-21,1,クラフトボス　ラテ,1142.61,1371,159.0,181675.0
2025-10-21,1,除菌アルコールタオル,1142.61,1371,238.0,271941.0
2025-10-21,1,１００％　オレンジ,1142.61,1371,168.0,191958.0
2025-10-21,1,カルピス　ザ　リッチ,1142.61,1371,160.0,182818.0
2025-10-21,1,フェイシャルペーパー,1142.61,1371,250.0,285652.0
2025-10-21,1,ｉｎバーザクザクビター,1142.61,1371,170.0,194244.0
2025-10-21,1,ｉｎバー　ベイクドチョコ,1142.61,1371,170.0,194244.0
2025-10-21,1,カシミヤＥＸポケット,1142.61,1371,162.0,185103.0
2025-10-21,1,カロリＭハーフチョコ,1142.61,1371,110.0,125687.0
2025-10-21,1,アイルＣＲ電子ライター,1142.61,1371,159.0,181675.0
2025-10-21,1,カロリーＭハーフフルーツ,1142.61,1371,110.0,125687.0
2025-10-21,1,◎有機栽培の恵み天津甘栗,1142.61,1371,165.0,188531.0
2025-10-21,1,アクエリアス　９５０,1142.61,1371,166.0,189673.0
2025-10-21,1,はだおもい２３ｃｍ,1142.61,1371,253.0,289080.0
2025-10-21,1,コンパクトＳ３０．５ｃｍ,1142.61,1371,230.0,262800.0
2025-10-21,1,イーラインマスクピンク,1142.61,1371,299.0,341640.0
2025-10-21,1,プリングルズサワクリＳ,1142.61,1371,158.0,180532.0
2025-10-21,1,スタイルフィットグレー,1142.61,1371,410.0,468470.0
2025-10-21,1,スタイルフィットＯＬ,1142.61,1371,410.0,468470.0
2025-10-21,1,じゃがビーバターしょうゆ,1142.61,1371,164.0,187388.0
2025-10-21,1,ストロングサワーＣオニオ,1142.61,1371,155.0,177105.0
2025-10-21,1,超快適マスクふつう,1142.61,1371,350.0,399913.0
2025-10-21,1,超快適マスクやや大きめ,1142.61,1371,350.0,399913.0
2025-10-21,1,超快適マスク小さめ,1142.61,1371,350.0,399913.0
2025-10-21,1,７ＤＡＹＳマスク大きめ,1142.61,1371,298.0,340498.0
2025-10-21,1,◎香ばしいバタピー,1142.61,1371,167.0,190816.0
2025-10-21,1,フリクションノックＢＫ,1142.61,1371,230.0,262800.0
2025-10-21,1,◎薫製したうずらたまご,1142.61,1371,249.0,284510.0
2025-10-21,1,富士通ＰＲＥ　単４－４Ｐ,1142.61,1371,528.0,603298.0
2025-10-21,1,◎素焼きミックスナッツ,1142.61,1371,360.0,411340.0
2025-10-21,1,◎ＰＣ濃いめのり塩,1142.61,1371,139.0,158823.0
2025-10-21,1,◎ハンディウェットティシ,1142.61,1371,117.0,133685.0
2025-10-21,1,グリーンダカラ麦茶６８０,1142.61,1371,148.0,169106.0
2025-10-21,1,◎ジュワっとした塩バター,1142.61,1371,130.0,148539.0
2025-10-21,1,ベースブレッドミルク,1142.61,1371,260.0,297079.0
2025-10-21,1,メビウス・ワン・ＢＯＸ,1142.61,1371,528.0,603298.0
2025-10-21,1,カントリーＭミニバニラ,1142.61,1371,121.0,138256.0
2025-10-21,1,ミニたべっ子塩バター味,1142.61,1371,160.0,182818.0
2025-10-21,1,ｅ－ｍａのどグレープ小袋,1142.61,1371,118.0,134828.0
2025-10-21,1,金のミルク小袋,1142.61,1371,138.0,157680.0
2025-10-21,1,塩分チャージタブ小袋塩レ,1142.61,1371,140.0,159965.0
2025-10-21,1,ネオＣＬタバコハイパー用,1142.61,1371,455.0,519888.0
2025-10-21,1,キャメルクラフト６,1142.61,1371,410.0,468470.0
2025-10-21,1,ＭＶＧパープルＭウィズ,1142.61,1371,546.0,623865.0
2025-10-21,1,ＭＶアップルＯＰプルーム,1142.61,1371,455.0,519888.0
2025-10-21,1,ＭＶシャープＣＭプルーム,1142.61,1371,455.0,519888.0
2025-10-21,1,◎チョコチップクッキー,1142.61,1371,128.0,146254.0
2025-10-21,1,ＭＶディープＲプルーム,1142.61,1371,455.0,519888.0
2025-10-21,1,◎ちいさなオールレーズン,1142.61,1371,128.0,146254.0
2025-10-21,1,◎ガトーショコラ風チョコ,1142.61,1371,165.0,188531.0
2025-10-21,1,ＭＶペア―ＯＰプルーム,1142.61,1371,455.0,519888.0
2025-10-21,1,ベースブレッドこしあん,1142.61,1371,276.0,315360.0
2025-10-21,1,ベースブレッドオレンジ,1142.61,1371,276.0,315360.0
2025-10-21,1,◎スティックサラミ,1142.61,1371,110.0,125687.0
2025-10-21,1,◎おつまみイカフライ,1142.61,1371,110.0,125687.0
2025-10-21,1,週刊　モーニング,1142.61,1371,428.0,489037.0
2025-10-21,1,ジャパンニューズ,1142.61,1371,137.0,156538.0
2025-10-21,1,スポーツ報知東日本,1142.61,1371,164.0,187388.0
2025-10-21,1,東京新聞,1142.61,1371,128.0,146254.0
2025-10-21,1,毎日新聞,1142.61,1371,146.0,166821.0
2025-10-21,1,茨城新聞,1142.61,1371,137.0,156538.0
2025-10-21,1,堅ぶつ揚げとうもろこし味,1142.61,1371,128.0,146254.0
2025-10-21,1,ガルボつぶ練り苺ＰＫＰ,1142.61,1371,175.0,199957.0
2025-10-21,1,テリアフュージョンＭ,1142.61,1371,528.0,603298.0
2025-10-21,1,テリアブラックイエローＭ,1142.61,1371,528.0,603298.0
2025-10-21,1,チョコあーんぱん袋,1142.61,1371,121.0,138256.0
2025-10-21,1,産経新聞,1142.61,1371,128.0,146254.0
2025-10-21,1,タフグミ梅マニア,1142.61,1371,238.0,271941.0
2025-10-21,1,テリアトロピカルＭ,1142.61,1371,528.0,603298.0
2025-10-21,1,ＡｐｐｌｅＧＣ＿ＶＡＲ,1142.61,1371,3250.0,3713482.0
2025-10-21,1,ラッキーＥＸカット６,1142.61,1371,428.0,489037.0
2025-10-21,1,キャメルリッチプルーム,1142.61,1371,455.0,519888.0
2025-10-21,1,ソイチキン根菜ラップ,1142.61,1371,369.0,421623.0
2025-10-21,1,ガルボポケットパック,1142.61,1371,175.0,199957.0
2025-10-21,1,クランキーＰＪクランチＣ,1142.61,1371,175.0,199957.0
2025-10-21,1,センティアＴイエロー,1142.61,1371,482.0,550738.0
2025-10-21,1,◎カリカリ梅赤小袋,1142.61,1371,184.0,210240.0
2025-10-21,1,一番搾りホワイト３５０,1142.61,1371,216.0,246804.0
2025-10-21,1,未来のレサワプレーン３４,1142.61,1371,271.0,309647.0
2025-10-21,1,ガーナザクほろ塩ミルＰＪ,1142.61,1371,177.0,202242.0
2025-10-21,1,ひとくちルマンド,1142.61,1371,162.0,185103.0
2025-10-21,1,センティアＳゴールド,1142.61,1371,482.0,550738.0
2025-10-21,1,スニッカーズピーナッツ,1142.61,1371,150.0,171391.0
2025-10-21,1,◎こだわりのフィナンシェ,1142.61,1371,135.0,154252.0
2025-10-21,1,ツナたまごサンド,1142.61,1371,246.0,281082.0
2025-10-21,1,ちびサワーズドリンクアソ,1142.61,1371,211.0,241091.0
2025-10-21,1,メントスグレープ,1142.61,1371,120.0,137113.0
2025-10-21,1,スッパイスッパイマン大作,1142.61,1371,139.0,158823.0
2025-10-21,1,ミンティアＢ濃苺,1142.61,1371,211.0,241091.0
2025-10-21,1,シゲキックス梅ソルト味,1142.61,1371,120.0,137113.0
2025-10-21,1,植物生まれマスカットグミ,1142.61,1371,148.0,169106.0
2025-10-21,1,ザ・クレープ　生チョコ,1142.61,1371,230.0,262800.0
2025-10-21,1,さけるチーズプレーン,1142.61,1371,141.0,161108.0
2025-10-21,1,ナカミグミもも味,1142.61,1371,168.0,191958.0
2025-10-21,1,◎生コッペパン（ツナ＆ポ,1142.61,1371,149.0,170249.0
2025-10-21,1,◎いちごモッチ,1142.61,1371,139.0,158823.0
2025-10-21,1,◎アップルクリームデニッ,1142.61,1371,135.0,154252.0
2025-10-21,1,◎たっぷりクリームデニッ,1142.61,1371,116.0,132543.0
2025-10-21,1,クロレッツＸＰ　オリジナ,1142.61,1371,180.0,205670.0
2025-10-21,1,ミンティアドライハード,1142.61,1371,105.0,119974.0
2025-10-21,1,ミンティアＢシャイニーピ,1142.61,1371,211.0,241091.0
2025-10-21,1,果汁グミぶどう,1142.61,1371,152.0,173677.0
2025-10-21,1,ピュレグミレモン味,1142.61,1371,150.0,171391.0
2025-10-21,1,◎サラダチキンＳハーブ,1142.61,1371,172.0,196529.0
2025-10-21,1,◎グリルチキンＢＰ,1142.61,1371,221.0,252517.0
2025-10-21,1,野菜生活シークヮーサー,1142.61,1371,118.0,134828.0
2025-10-21,1,トマトジュース食塩無添加,1142.61,1371,113.0,129115.0
2025-10-21,1,エッセンシャルズ鉄分,1142.61,1371,152.0,173677.0
2025-10-21,1,エッセンシャルズビタミン,1142.61,1371,152.0,173677.0
2025-10-21,1,ネクターピーチティー,1142.61,1371,193.0,220524.0
2025-10-21,1,◎カフェラテ　砂糖不使用,1142.61,1371,181.0,206812.0
2025-10-21,1,のむフルーチェイチゴ,1142.61,1371,249.0,284510.0
2025-10-21,1,◎のむヨーグルトいちご,1142.61,1371,162.0,185103.0
2025-10-21,1,ＯＡＴＳＩＤＥプレーン,1142.61,1371,128.0,146254.0
2025-10-21,1,激シゲキックスソーダ,1142.61,1371,120.0,137113.0
2025-10-21,1,◎サラダチキンＳスモーク,1142.61,1371,172.0,196529.0
2025-10-21,1,ブレンドＳ,1142.61,1371,135.0,154252.0
2025-10-21,1,◎グリルチキンやきとり,1142.61,1371,221.0,252517.0
2025-10-21,1,アイスコーヒーＳ,1142.61,1371,135.0,154252.0
2025-10-21,1,◎おつまみかまぼこチーズ,1142.61,1371,173.0,197672.0
2025-10-21,1,◎豆腐と枝豆のひじき和え,1142.61,1371,239.0,273084.0
2025-10-21,1,◎特製ダレの味付けたまご,1142.61,1371,304.0,347353.0
2025-10-21,1,豚しゃぶのパスタサラダ,1142.61,1371,369.0,421623.0
2025-10-21,1,豚しゃぶおろしパスタサラ,1142.61,1371,369.0,421623.0
2025-10-21,1,彩りサラダチキンサンド,1142.61,1371,399.0,455901.0
2025-10-21,1,ゆでたまご＆ハムミックス,1142.61,1371,323.0,369063.0
2025-10-21,1,焦がし醤油風グリルチキン,1142.61,1371,369.0,421623.0
2025-10-21,1,ラッキーＥＸカット１０,1142.61,1371,428.0,489037.0
2025-10-21,1,◎チョコツイスト３本入,1142.61,1371,144.0,164536.0
2025-10-21,1,生ハムとルッコラ,1142.61,1371,462.0,527886.0
2025-10-21,1,◎生コッペパン（ダブルピ,1142.61,1371,135.0,154252.0
2025-10-21,1,おいしい牛乳２００ＭＬ,1142.61,1371,133.0,151967.0
2025-10-21,1,◎白生クリームパン（ダブ,1142.61,1371,147.0,167964.0
2025-10-21,1,◎炙りいかそうめん,1142.61,1371,193.0,220524.0
2025-10-21,1,Ｗ・Ｃホワイト１・１００,1142.61,1371,491.0,561022.0
2025-10-21,1,チップスターＳ梅しそ味,1142.61,1371,158.0,180532.0
2025-10-21,1,◎フランクロール,1142.61,1371,184.0,210240.0
2025-10-21,1,メビＰメンＯＰＰ８,1142.61,1371,528.0,603298.0
2025-10-21,1,今治ＴＨ千鳥,1142.61,1371,600.0,685566.0
2025-10-21,1,つかめる実験！ふしぎ玉,1142.61,1371,180.0,205670.0
2025-10-21,1,三次元マスクふつう,1142.61,1371,350.0,399913.0
2025-10-21,1,メビウスＥＸＬＢ,1142.61,1371,528.0,603298.0
2025-10-21,1,グミチョコ苺,1142.61,1371,233.0,266228.0
2025-10-21,1,マカダミアＰＪカラメリゼ,1142.61,1371,175.0,199957.0
2025-10-21,1,たべっ子ラムネレモン味,1142.61,1371,150.0,171391.0
2025-10-21,1,ポテトＣおたくのマヨ味,1142.61,1371,190.0,217096.0
2025-10-21,1,ケントＮＳインテンスリＦ,1142.61,1371,500.0,571305.0
2025-10-21,1,メビウスＥＭＯＰＰ１Ｓ,1142.61,1371,455.0,519888.0
2025-10-21,1,３色そぼろ＆チキン南蛮弁,1142.61,1371,580.0,662714.0
2025-10-21,1,海苔巻おかき,1142.61,1371,228.0,260515.0
2025-10-21,1,レジ袋４５号,1142.61,1371,7.0,7998.0
2025-10-21,1,◎マシマシ紅しょうがせん,1142.61,1371,119.0,135971.0
2025-10-21,1,◎おこめチップスのりしお,1142.61,1371,249.0,284510.0
2025-10-21,1,メビウス１・１００ＢＯＸ,1142.61,1371,528.0,603298.0
2025-10-21,1,◎ミニクッキー,1142.61,1371,128.0,146254.0
2025-10-21,1,グリーンガム,1142.61,1371,138.0,157680.0
2025-10-21,1,◎黒ごまミニアスパラガス,1142.61,1371,119.0,135971.0
2025-10-21,1,健康のど飴梅小袋,1142.61,1371,128.0,146254.0
2025-10-21,1,メビＰメンＯＰＰ５,1142.61,1371,528.0,603298.0
2025-10-21,1,富士通ＰＲＥ　単３－４Ｐ,1142.61,1371,528.0,603298.0
2025-10-21,1,オリオンドラフト３５０,1142.61,1371,216.0,246804.0
2025-10-21,1,週刊少年マガジン,1142.61,1371,364.0,415910.0
2025-10-21,1,ｉｎバープロテインバニラ,1142.61,1371,170.0,194244.0
2025-10-21,1,◎ひとくちこしあん大福５,1142.61,1371,156.0,178247.0
2025-10-21,1,ミルク餅,1142.61,1371,130.0,148539.0
2025-10-21,1,◎有明産の海苔,1142.61,1371,121.0,138256.0
2025-10-21,1,まるごとりんごのど飴小袋,1142.61,1371,128.0,146254.0
2025-10-21,1,キットカットバー,1142.61,1371,140.0,159965.0
2025-10-21,1,グミだよ。レモネード味,1142.61,1371,166.0,189673.0
2025-10-21,1,カンデミーナＷ電撃ライチ,1142.61,1371,200.0,228522.0
2025-10-21,1,◎スパイシービーフジャー,1142.61,1371,156.0,178247.0
2025-10-21,1,ＢＳラーメンおつまみ,1142.61,1371,131.0,149682.0
2025-10-21,1,ケントトゥルータバコ,1142.61,1371,437.0,499321.0
2025-10-21,1,フェットチーネＰピーチパ,1142.61,1371,148.0,169106.0
2025-10-21,1,◎超暴君ハバネロ,1142.61,1371,128.0,146254.0
2025-10-21,1,◎ノアールミニ,1142.61,1371,119.0,135971.0
2025-10-21,1,スティックのりＰＩＴ,1142.61,1371,232.0,265086.0
2025-10-21,1,ケントＴリッチタバコ,1142.61,1371,437.0,499321.0
2025-10-21,1,クロレッツＸＰシャープミ,1142.61,1371,180.0,205670.0
2025-10-21,1,クールループド,1142.61,1371,455.0,519888.0
2025-10-21,1,ラーク・マイルド・ＢＯＸ,1142.61,1371,491.0,561022.0
2025-10-21,1,週　刊　プ　ロ　レ　ス,1142.61,1371,573.0,654716.0
2025-10-21,1,◎しっとりバウムクーヘン,1142.61,1371,167.0,190816.0
2025-10-21,1,◎つぶあんどら焼き,1142.61,1371,144.0,164536.0
2025-10-21,1,今治ＴＨドット／黒青,1142.61,1371,600.0,685566.0
2025-10-21,1,アメスピＯＬゴールド,1142.61,1371,382.0,436477.0
2025-10-21,1,ビッグ　コミック,1142.61,1371,437.0,499321.0
2025-10-21,1,グランドジャンプ,1142.61,1371,437.0,499321.0
2025-10-21,1,◎ばかうけたっぷり青のり,1142.61,1371,110.0,125687.0
2025-10-21,1,ニベアディープモイスチャ,1142.61,1371,533.0,609011.0
2025-10-21,1,ホロチャージホロライブＧ,1142.61,1371,260.0,297079.0
2025-10-21,1,トロピカーナオレンジ,1142.61,1371,150.0,171391.0
2025-10-21,1,１本満足プロテインチョコ,1142.61,1371,171.0,195386.0
2025-10-21,1,プロテインバー　チョコ,1142.61,1371,180.0,205670.0
2025-10-21,1,堅あげポテトうすしお味,1142.61,1371,179.0,204527.0
2025-10-21,1,氷結グレープフルーツ３５,1142.61,1371,168.0,191958.0
2025-10-21,1,読売新聞,1142.61,1371,164.0,187388.0
2025-10-21,1,週刊ベースボール,1142.61,1371,564.0,644432.0
2025-10-21,1,明治Ｒ－１ドリンク,1142.61,1371,149.0,170249.0
2025-10-21,1,◎瀬戸内レモンピール,1142.61,1371,167.0,190816.0
2025-10-21,1,雑貨（雑誌便）,1142.61,1371,2490.0,2845099.0
2025-10-21,1,マルボロ・メン４Ｂ,1142.61,1371,546.0,623865.0
2025-10-21,1,Ｗ・Ｃレッド８・ＢＯＸ,1142.61,1371,491.0,561022.0
2025-10-21,1,ネオＢワイルドベリー,1142.61,1371,455.0,519888.0
2025-10-21,1,ポリッピーしお味,1142.61,1371,120.0,137113.0
2025-10-21,1,特撰月餅,1142.61,1371,140.0,159965.0
2025-10-21,1,ＭＶＰＧフローズンウィズ,1142.61,1371,546.0,623865.0
2025-10-21,1,ふわもち生大福　コーヒー,1142.61,1371,138.0,157680.0
2025-10-21,1,ラー油四川風麻婆焼そば,1142.61,1371,499.0,570162.0
2025-10-21,1,サラサクリップ　赤,1142.61,1371,99.0,113118.0
2025-10-21,1,エボコールドＭ　ＰＬＭ,1142.61,1371,500.0,571305.0
2025-10-21,1,べスティＥＸ首振り,1142.61,1371,100.0,114261.0
2025-10-21,1,野菜スティック味噌マヨ,1142.61,1371,276.0,315360.0
2025-10-21,1,冷たい明太カルボナーラ,1142.61,1371,499.0,570162.0
2025-10-21,1,フレッシュ野菜サラダ,1142.61,1371,199.0,227379.0
2025-10-21,1,ミニチーズおかきお好み焼,1142.61,1371,147.0,167964.0
2025-10-21,1,メビウスＥＯＰＰ８,1142.61,1371,455.0,519888.0
2025-10-21,1,週刊少年サンデー,1142.61,1371,346.0,395343.0
2025-10-21,1,セロテープ小巻直線カッタ,1142.61,1371,220.0,251374.0
2025-10-21,1,メビウスＢ,1142.61,1371,528.0,603298.0
2025-10-21,1,洗顔シート　石けんの香り,1142.61,1371,246.0,281082.0
2025-10-21,1,ラーク・ＢＯＸ,1142.61,1371,491.0,561022.0
2025-10-21,1,日刊ゲンダイ　通常版,1142.61,1371,164.0,187388.0
2025-10-21,1,ＡｐｐｌｅＧＣ　ＶＡＲ,1142.61,1371,5000.0,5713050.0
2025-10-21,1,ＭＶマスカットＯＰＰＬＭ,1142.61,1371,455.0,519888.0
2025-10-21,1,タフグミｍｉｎｉデュオ,1142.61,1371,238.0,271941.0
2025-10-21,1,フェイシャルＰアイス,1142.61,1371,250.0,285652.0
2025-10-21,1,パリジャンサンドハムチズ,1142.61,1371,323.0,369063.0
2025-10-21,1,レインボーキューブグミ,1142.61,1371,198.0,226237.0
2025-10-21,1,冷しとろろそば,1142.61,1371,508.0,580446.0
2025-10-21,1,メビウス１００Ｂ,1142.61,1371,528.0,603298.0
2025-10-21,1,◎グリルチキン梅しそ,1142.61,1371,221.0,252517.0
2025-10-21,1,午後の紅茶　ストレート,1142.61,1371,160.0,182818.0
2025-10-21,1,ネオアイスドＭハイパー,1142.61,1371,455.0,519888.0
2025-10-21,1,じゃがりこＬ明太もんじゃ,1142.61,1371,218.0,249089.0
2025-10-21,1,◎ふんわりカステラ,1142.61,1371,119.0,135971.0
2025-10-21,1,プロテインピーナッツバタ,1142.61,1371,249.0,284510.0
2025-10-21,1,ＭＶアロマＲプルーム,1142.61,1371,473.0,540455.0
2025-10-21,1,さけるチーズとうがらし味,1142.61,1371,141.0,161108.0
2025-10-21,1,◎麻辣花生,1142.61,1371,128.0,146254.0
2025-10-21,1,無限そら豆濃塩ポーク,1142.61,1371,158.0,180532.0
2025-10-21,1,ＡｐｐｌｅＧＣ１．５千,1142.61,1371,1500.0,1713915.0
2025-10-21,1,冷シート　フローラル,1142.61,1371,462.0,527886.0
2025-10-21,1,ポカリスエット５００,1142.61,1371,150.0,171391.0
2025-10-21,1,ポッキーチョコレート,1142.61,1371,207.0,236520.0
2025-10-21,1,メビウスＥ６　１００Ｓ,1142.61,1371,455.0,519888.0
2025-10-21,1,オイコス　ストロベリー,1142.61,1371,189.0,215953.0
2025-10-21,1,センティアＣグリーン,1142.61,1371,482.0,550738.0
2025-10-21,1,デイリースポーツ,1142.61,1371,146.0,166821.0
2025-10-21,1,ハムレタスたまごサンド,1142.61,1371,265.0,302792.0
2025-10-21,1,◎高地栽培バナナ１本,1142.61,1371,130.0,148539.0
2025-10-21,1,ＣＷ晴雨兼用ミニ折傘,1142.61,1371,2014.0,2301217.0
2025-10-21,1,濃い大満足みかん,1142.61,1371,239.0,273084.0
2025-10-21,1,塩分チャージタブレッツ,1142.61,1371,238.0,271941.0
2025-10-21,1,ケントＴベリーブースト,1142.61,1371,437.0,499321.0
2025-10-21,1,朝日新聞,1142.61,1371,164.0,187388.0
2025-10-21,1,１９６無糖Ｗパイン３５,1142.61,1371,161.0,183960.0
2025-10-21,1,ケントＮＳブライトタバコ,1142.61,1371,500.0,571305.0
2025-10-21,1,◎グリルチキンゆず七味,1142.61,1371,221.0,252517.0
2025-10-21,1,エボベリーＣＲ　ＰＬＭ,1142.61,1371,500.0,571305.0
2025-10-21,1,メビウスＳＬＢ,1142.61,1371,528.0,603298.0
2025-10-21,1,エボディープＲ　ＰＬＭ,1142.61,1371,500.0,571305.0
2025-10-21,1,ＳｐｏｒｔｓＧｒａｐｈｉ,1142.61,1371,746.0,852387.0
2025-10-21,1,少年チャンピオン,1142.61,1371,364.0,415910.0
2025-10-21,1,紳士リブＳ黒,1142.61,1371,390.0,445618.0
2025-10-21,1,文庫,1142.61,1371,600.0,685566.0
2025-10-21,1,ヤング　ジャンプ,1142.61,1371,428.0,489037.0
2025-10-21,1,フリスクペパーミント,1142.61,1371,235.0,268513.0
2025-10-21,1,テリアルビーレギュラー,1142.61,1371,528.0,603298.0
2025-10-21,1,週　刊　新　潮,1142.61,1371,464.0,530171.0
2025-10-21,1,◎２種の醤油仕上げ柿ピー,1142.61,1371,167.0,190816.0
2025-10-21,1,三次元マスク大きめ,1142.61,1371,350.0,399913.0
2025-10-21,1,顔体用シート　ゴミポケ,1142.61,1371,280.0,319931.0
2025-10-21,1,炙り焼　鳥めし弁当,1142.61,1371,526.0,601013.0
2025-10-21,1,今治ＴＨ　ハート,1142.61,1371,637.0,727843.0
2025-10-21,1,スポニチ東日本,1142.61,1371,164.0,187388.0
2025-10-21,1,ざるそば,1142.61,1371,417.0,476468.0
2025-10-21,1,◎塩揚げ餅,1142.61,1371,128.0,146254.0
2025-10-21,1,ラッキーＳベリーＢ,1142.61,1371,391.0,446761.0
2025-10-21,1,◎チョコチップスコーン,1142.61,1371,149.0,170249.0
2025-10-21,1,週　刊　実　話,1142.61,1371,519.0,593015.0
2025-10-21,1,チ－ズインカレ－ハンバ－,1142.61,1371,184.0,210240.0
2025-10-21,1,マルボロミディアムＢＯＸ,1142.61,1371,546.0,623865.0
2025-10-21,1,ＧＰｌａｙバリアブル,1142.61,1371,3000.0,3427830.0
2025-10-21,1,ソフトワン使い切り１回分,1142.61,1371,121.0,138256.0
2025-10-21,1,ソルティライチ,1142.61,1371,163.0,186245.0
2025-10-21,1,果汁グミ弾力プラスいちご,1142.61,1371,225.0,257087.0
2025-10-21,1,綴じノートＢ５Ａ罫,1142.61,1371,208.0,237663.0
2025-10-21,1,ニッカン東日本（日刊スポ,1142.61,1371,164.0,187388.0
2025-10-21,1,クリニカハミガキ　ミニ,1142.61,1371,91.0,103978.0
2025-10-21,1,アメリカヘアピン,1142.61,1371,280.0,319931.0
2025-10-21,1,午後の紅茶おいしい無糖,1142.61,1371,158.0,180532.0
2025-10-21,1,折りたたみセットコーム,1142.61,1371,491.0,561022.0
2025-10-21,1,極冷感　フリージア,1142.61,1371,462.0,527886.0
2025-10-21,1,回転焼（抹茶あん）２個入,1142.61,1371,147.0,167964.0
2025-10-21,1,冷しぶっかけ豚肉うどん,1142.61,1371,554.0,633006.0
2025-10-21,1,クリニカトラベルセット,1142.61,1371,330.0,377061.0
2025-10-21,1,かっぱえびせん鳴門の塩,1142.61,1371,158.0,180532.0
2025-10-21,1,プレミアムルック清水白桃,1142.61,1371,270.0,308505.0
2025-10-21,1,ポテトチップス大人の夏味,1142.61,1371,158.0,180532.0
2025-10-21,1,フリスクＣＢフレッシュＭ,1142.61,1371,278.0,317646.0
2025-10-21,1,◎あたりめ　小,1142.61,1371,147.0,167964.0
2025-10-21,1,ハッピーターンスパイス,1142.61,1371,120.0,137113.0
2025-10-21,1,◎チョコマカダミアクッキ,1142.61,1371,184.0,210240.0
2025-10-21,1,アイスコーヒーＭ,1142.61,1371,223.0,254802.0
2025-10-21,1,Ｆ謹製塩豆大福,1142.61,1371,167.0,190816.0
2025-10-21,1,◎トルティーヤＣタコス味,1142.61,1371,128.0,146254.0
2025-10-21,1,ミニ冷し中華,1142.61,1371,369.0,421623.0
2025-10-21,1,競馬ブック,1142.61,1371,500.0,571305.0
2025-10-21,1,週刊　漫画タイムス,1142.61,1371,364.0,415910.0
2025-10-21,1,ＢＳおつまみ激辛チキン,1142.61,1371,136.0,155395.0
2025-10-21,1,東スポ競馬特別版,1142.61,1371,228.0,260515.0
2025-10-21,1,キャメルクラフト１２,1142.61,1371,410.0,468470.0
2025-10-21,1,メビウスＳＴ１　１００,1142.61,1371,528.0,603298.0
2025-10-21,1,アロンアルフア速効多用途,1142.61,1371,501.0,572448.0
2025-10-21,1,◎風味が豊かなチーズ鱈小,1142.61,1371,172.0,196529.0
2025-10-21,1,ライトニング用イヤホン,1142.61,1371,3255.0,3719196.0
2025-10-21,1,ＭＶＭミントＭプルーム,1142.61,1371,455.0,519888.0
2025-10-21,1,◎春雨スープかきたま,1142.61,1371,167.0,190816.0
2025-10-21,1,ピアニシモ・プレシアメン,1142.61,1371,519.0,593015.0
2025-10-21,1,ハイマッキー　太字　黒,1142.61,1371,136.0,155395.0
2025-10-21,1,ミックスアイス,1142.61,1371,464.0,530171.0
2025-10-21,1,コミック,1142.61,1371,520.0,594157.0
2025-10-21,1,海味鮮,1142.61,1371,120.0,137113.0
2025-10-21,1,漫　画　ゴラク,1142.61,1371,500.0,571305.0
2025-10-21,1,ビッグコミックオリジナル,1142.61,1371,437.0,499321.0
2025-10-21,1,もっちりクリームロール,1142.61,1371,313.0,357637.0
2025-10-21,1,塩チョコタルト,1142.61,1371,258.0,294793.0
2025-10-21,1,雑誌（地元発行紙）,1142.61,1371,228.0,260515.0
2025-10-21,1,アクアリッチ　エッセンス,1142.61,1371,880.0,1005497.0
2025-10-21,1,ベロブリージーマンゴーＭ,1142.61,1371,291.0,332500.0
2025-10-21,1,噛むブレスケアレモン,1142.61,1371,385.0,439905.0
2025-10-21,1,月刊　少年マガジン,1142.61,1371,637.0,727843.0
2025-10-21,1,マッキー　極細　黒,1142.61,1371,111.0,126830.0
2025-10-21,1,ネオＢレッドフルーツ,1142.61,1371,455.0,519888.0
2025-10-21,1,技のこだ割り濃厚醤油,1142.61,1371,138.0,157680.0
2025-10-21,1,さけるチーズスモーク味,1142.61,1371,141.0,161108.0
2025-10-21,1,冷シート　無香,1142.61,1371,462.0,527886.0
2025-10-21,1,大盛　明太子スパゲティ,1142.61,1371,554.0,633006.0
2025-10-21,1,ブレンドＭ,1142.61,1371,204.0,233092.0
2025-10-21,1,スポーツ報知,1142.61,1371,164.0,187388.0
2025-10-21,1,日刊スポーツ,1142.61,1371,164.0,187388.0
2025-10-21,1,競馬エイト,1142.61,1371,591.0,675283.0
2025-10-21,1,ゼロチョコレートクリスプ,1142.61,1371,220.0,251374.0
2025-10-21,1,◎ドライもも,1142.61,1371,276.0,315360.0
2025-10-21,1,メビウスＥＸＬ１００Ｂ,1142.61,1371,528.0,603298.0
2025-10-21,1,キャメルクラフト１,1142.61,1371,410.0,468470.0
2025-10-21,1,今治ＴＨＣグラデーション,1142.61,1371,600.0,685566.0
2025-10-21,1,今治ＴＨ　ストライプＢＧ,1142.61,1371,637.0,727843.0
2025-10-21,1,テリアメンソール１０Ｐ,1142.61,1371,5273.0,6024983.0
2025-10-21,1,オイコスドリンク　カフェ,1142.61,1371,248.0,283367.0
2025-10-21,1,明治ヨーグルトＲ－１,1142.61,1371,144.0,164536.0
2025-10-21,1,ネオＢマスカッット,1142.61,1371,455.0,519888.0
2025-10-21,1,夏ポテト紀州の南高梅味,1142.61,1371,179.0,204527.0
2025-10-21,1,ＧＰｌａｙ５０００,1142.61,1371,5000.0,5713050.0
2025-10-21,1,スパッシュラムネレモン,1142.61,1371,147.0,167964.0
2025-10-21,1,ラッキーＳトロピカルＢ,1142.61,1371,391.0,446761.0
2025-10-21,1,スフレ・プリン,1142.61,1371,306.0,349639.0
2025-10-21,1,スポーツニッポン,1142.61,1371,164.0,187388.0
2025-10-21,1,エボルタＮＥＯ単３－４Ｐ,1142.61,1371,659.0,752980.0
2025-10-21,1,アスティーグ肌　Ｌ,1142.61,1371,600.0,685566.0
2025-10-21,1,消しゴム　ＭＯＮＯ,1142.61,1371,110.0,125687.0
2025-10-21,1,キャップ付鉛筆３Ｐ,1142.61,1371,180.0,205670.0
2025-10-21,1,ケント・１・ＫＳ・ＢＯＸ,1142.61,1371,473.0,540455.0
2025-10-21,1,スーパーグリップシャープ,1142.61,1371,100.0,114261.0
2025-10-21,1,ショートＳ灰緑／白小,1142.61,1371,390.0,445618.0
2025-10-21,1,ソルティグレフルグミ,1142.61,1371,184.0,210240.0
2025-10-21,1,うまイチュウ青りんご味,1142.61,1371,127.0,145111.0
2025-10-21,1,ペタグーシャインマスカッ,1142.61,1371,150.0,171391.0
2025-10-21,1,クールマイルド・ＢＯＸ,1142.61,1371,528.0,603298.0
2025-10-21,1,マロッシュラムネ味,1142.61,1371,159.0,181675.0
2025-10-21,1,アポロマイスタイル,1142.61,1371,247.0,282225.0
2025-10-21,1,◎夏のベイクドチーズＣ,1142.61,1371,138.0,157680.0
2025-10-21,1,パイの実レアチーズケーキ,1142.61,1371,238.0,271941.0
2025-10-21,1,ビッグコミックスピリッツ,1142.61,1371,464.0,530171.0
2025-10-21,1,塩キャラメルプリン,1142.61,1371,230.0,262800.0
2025-10-21,1,クロレッツＸＰ　クリアミ,1142.61,1371,180.0,205670.0
2025-10-21,1,ライトニング電池式６本,1142.61,1371,2346.0,2680563.0
2025-10-21,1,多当仏　御霊前,1142.61,1371,87.0,99407.0
2025-10-21,1,テリヤキチキンたまごコぺ,1142.61,1371,323.0,369063.0
2025-10-21,1,ワンピデッキシャンクス,1142.61,1371,500.0,571305.0
2025-10-21,1,◎ばんそうこう３サイズ,1142.61,1371,362.0,413625.0
2025-10-21,1,◎塩キャラメルケーキタ３,1142.61,1371,167.0,190816.0
2025-10-21,1,Ｃボス　地中海スカッシュ,1142.61,1371,166.0,189673.0
2025-10-21,1,マッチ　５００,1142.61,1371,150.0,171391.0
2025-10-21,1,テリアスムースＲ１０Ｐ,1142.61,1371,5273.0,6024983.0
2025-10-21,1,こだわり酒場のレモン３５,1142.61,1371,161.0,183960.0
2025-10-21,1,狩人めしエナジードリンク,1142.61,1371,125.0,142826.0
2025-10-21,1,サントリー生ビール３５０,1142.61,1371,212.0,242233.0
2025-10-21,1,北海道生ビール３５０,1142.61,1371,216.0,246804.0
2025-10-21,1,◎やわらか燻製さきいか,1142.61,1371,184.0,210240.0
2025-10-21,1,◎とうふとわかめ,1142.61,1371,121.0,138256.0
2025-10-21,1,青磯海苔　まぐろたくあん,1142.61,1371,187.0,213668.0
2025-10-21,1,ザバスチョコレート２００,1142.61,1371,205.0,234235.0
2025-10-21,1,大粒ラムネアイスボックス,1142.61,1371,161.0,183960.0
2025-10-21,1,男梅サワー梅涼し３５０,1142.61,1371,187.0,213668.0
2025-10-21,1,もち麦　新生姜とわかめ,1142.61,1371,163.0,186245.0
2025-10-21,1,紳士くるぶし丈Ｓ黒,1142.61,1371,390.0,445618.0
2025-10-21,1,ショートＳ灰緑／白大,1142.61,1371,390.0,445618.0
2025-10-21,1,漬け真鯛おむすび,1142.61,1371,260.0,297079.0
2025-10-21,1,こってり炒飯おむすび,1142.61,1371,166.0,189673.0
2025-10-21,1,手巻寿司　ばくだん納豆,1142.61,1371,207.0,236520.0
2025-10-21,1,茶流彩彩　コーン茶,1142.61,1371,110.0,125687.0
2025-10-21,1,◎どかっとベーコンチーズ,1142.61,1371,139.0,158823.0
2025-10-21,1,ＢＩＧあらびきソーセージ,1142.61,1371,150.0,171391.0
2025-10-21,1,◎クランベリー＆チーズク,1142.61,1371,147.0,167964.0
2025-10-21,1,◎塩バターパン（チョコク,1142.61,1371,156.0,178247.0
2025-10-21,1,３種のミックスサンド,1142.61,1371,298.0,340498.0
2025-10-21,1,ネオＢトロピカルハイパー,1142.61,1371,455.0,519888.0
2025-10-21,1,ブラックＴココナッツ小袋,1142.61,1371,128.0,146254.0
2025-10-21,1,ぷっちょＳＴ瀬戸内レモン,1142.61,1371,118.0,134828.0
2025-10-21,1,みんなのレモネード,1142.61,1371,212.0,242233.0
2025-10-21,1,オレンジもちとろクリーム,1142.61,1371,184.0,210240.0
2025-10-21,1,まるごとバナナ,1142.61,1371,260.0,297079.0
2025-10-21,1,８×４ロールオンせっけん,1142.61,1371,641.0,732413.0
2025-10-21,1,ノンシュガー塩果実キャン,1142.61,1371,211.0,241091.0
2025-10-21,1,◎ふんわりとしたパンケ８,1142.61,1371,172.0,196529.0
2025-10-21,1,つくね＆鶏そぼろごはん,1142.61,1371,313.0,357637.0
2025-10-21,1,ＩＱＯＳｉＯＭブラック,1142.61,1371,3619.0,4135106.0
2025-10-21,1,◎焼きカレーパン３個入,1142.61,1371,184.0,210240.0
2025-10-21,1,プライドポテト神戸ビーフ,1142.61,1371,168.0,191958.0
2025-10-21,1,堅あげ焼きとうもろこし,1142.61,1371,179.0,204527.0
2025-10-21,1,◎Ｆボスブラック　４５０,1142.61,1371,130.0,148539.0
2025-10-21,1,コアラのマーチ練乳ミルク,1142.61,1371,177.0,202242.0
2025-10-21,1,ＰＧスパイシーチキンＳ缶,1142.61,1371,168.0,191958.0
2025-10-21,1,ハニーミルクティー,1142.61,1371,230.0,262800.0
2025-10-21,1,果汁グミすいか,1142.61,1371,152.0,173677.0
2025-10-21,1,カスタムプラスＥＸ首振り,1142.61,1371,398.0,454759.0
2025-10-21,1,ツナとたまごサンド,1142.61,1371,265.0,302792.0
2025-10-21,1,◎塩チョコフィナンシェ,1142.61,1371,167.0,190816.0
2025-10-21,1,大盛豚肉とねぎの塩焼そば,1142.61,1371,554.0,633006.0
2025-10-21,1,純連冷し味噌ラーメン,1142.61,1371,599.0,684423.0
2025-10-21,1,フルーツの沼メロン＆白桃,1142.61,1371,230.0,262800.0
2025-10-21,1,トルティーヤ豚生姜ハムチ,1142.61,1371,369.0,421623.0
2025-10-21,1,ぷっちょイカゲーム第二弾,1142.61,1371,193.0,220524.0
2025-10-21,1,Ｗ・Ｃホワイト３ＢＯＸ,1142.61,1371,491.0,561022.0
2025-10-21,1,毎日新聞（１都６県静０１,1142.61,1371,,
2025-10-21,1,東京スポーツ（１都６県静,1142.61,1371,,
2025-10-21,1,東京新聞（１都６県静０１,1142.61,1371,,
2025-10-21,1,スポーツ報知（関東東北北,1142.61,1371,,
2025-10-21,1,日刊ゲンダイ（１都６県静,1142.61,1371,,
2025-10-21,1,納豆細巻寿司（２巻増量）,1142.61,1371,389.0,444475.0
2025-10-21,1,ＪＴニューヨーク（旧：ヘ,1142.61,1371,,
2025-10-21,1,読売新聞（１都６県静０１,1142.61,1371,,
2025-10-21,1,日本経済新聞（静０５）,1142.61,1371,,
2025-10-21,1,朝日新聞（宮山梨静０５以,1142.61,1371,,
2025-10-21,1,ＴｈｅＪａｐａｎＮｅｗｓ,1142.61,1371,,
2025-10-21,1,産経新聞（宮山梨静０５以,1142.61,1371,,
2025-10-21,1,プロテインキャラメル,1142.61,1371,249.0,284510.0
2025-10-21,1,キャメルクラフトＭＢ５,1142.61,1371,410.0,468470.0
2025-10-21,1,◎どかっとテリマヨチキン,1142.61,1371,135.0,154252.0
2025-10-21,1,スポニチ（山梨静０５以外,1142.61,1371,,
2025-10-21,1,デイリースポーツ（１都６,1142.61,1371,,
2025-10-21,1,サンスポ（山梨静０５以外,1142.61,1371,,
2025-10-21,1,日刊スポ（山梨静０５以外,1142.61,1371,,
2025-10-21,1,婦人リブＳ白,1142.61,1371,390.0,445618.0
2025-10-21,1,◎こだわりのバタークッキ,1142.61,1371,239.0,273084.0
2025-10-21,1,Ｆはちみつ＆マーガリンの,1142.61,1371,147.0,167964.0
2025-10-21,1,男梅シート,1142.61,1371,200.0,228522.0
2025-10-21,1,ＧＰｌａｙ３０００,1142.61,1371,3000.0,3427830.0
2025-10-21,1,Ｓスター１０Ｂ,1142.61,1371,546.0,623865.0
2025-10-21,1,オイコス　パッションフル,1142.61,1371,189.0,215953.0
2025-10-21,1,コーヒー用氷Ｓ,1142.61,1371,,
2025-10-21,1,◎冷スープかぼちゃと人参,1142.61,1371,332.0,379347.0
2025-10-21,1,ＣＷ晴雨兼用スリム折傘,1142.61,1371,2014.0,2301217.0
2025-10-21,1,セブンスター１０Ｐ,1142.61,1371,5455.0,6232938.0
2025-10-21,1,フライドチキン＆ハンバー,1142.61,1371,555.0,634149.0
2025-10-21,1,ケントエス・スパーク５,1142.61,1371,455.0,519888.0
2025-10-21,1,Ｃ玄米ブラン贅沢ミルク,1142.61,1371,180.0,205670.0
2025-10-21,1,Ｃ玄米ブラン　カカオ,1142.61,1371,155.0,177105.0
2025-10-21,1,ブルガリアＹＯマスカット,1142.61,1371,185.0,211383.0
2025-10-21,1,激辛韓国風焼そば,1142.61,1371,510.0,582731.0
2025-10-21,1,◎フルーツＣ塩レモン,1142.61,1371,276.0,315360.0
2025-10-21,1,沖縄黒糖のブラウにゃー,1142.61,1371,220.0,251374.0
2025-10-21,1,カントリーＭ塩バニラアイ,1142.61,1371,145.0,165678.0
2025-10-21,1,シングルモルト白州１８０,1142.61,1371,1950.0,2228090.0
2025-10-21,1,週刊ＴＶガイド（関東版）,1142.61,1371,,
2025-10-21,1,その他３口座売上,1142.61,1371,649.0,741554.0
2025-10-21,1,竹箸　５００膳,1142.61,1371,,
2025-10-21,1,ＴＶＬＩＦＥ　首都圏版,1142.61,1371,,
2025-10-21,1,コーヒー用氷Ｍ,1142.61,1371,,
2025-10-21,1,ａｎａｎ（アンアン）,1142.61,1371,,
2025-10-21,1,コーヒーリッドＭ,1142.61,1371,,
2025-10-21,1,今治ＴＨフジＲ２５,1142.61,1371,637.0,727843.0
2025-10-21,1,ストローレスリッド,1142.61,1371,,
2025-10-21,1,しあわせ素肌ミニ夜用,1142.61,1371,162.0,185103.0
2025-10-21,1,ニンフィアゼリードリンク,1142.61,1371,249.0,284510.0
2025-10-21,1,新・値下シール３０円,1142.61,1371,,
2025-10-21,1,ＣＷ折りたたみ耐風傘,1142.61,1371,2014.0,2301217.0
2025-10-21,1,サンデー毎日,1142.61,1371,600.0,685566.0
2025-10-21,1,カフェカップＳ,1142.61,1371,,
2025-10-21,1,塩分チャージタブ小袋,1142.61,1371,140.0,159965.0
2025-10-21,1,週刊　女性セブン,1142.61,1371,482.0,550738.0
2025-10-21,1,第１０７回全国高校野球選,1142.61,1371,,
2025-10-21,1,お泊まりスキンケアセット,1142.61,1371,380.0,434192.0
2025-10-21,1,楽天ギフトバリアブル,1142.61,1371,10500.0,11997405.0
2025-10-21,1,ＡＥＲＡ（アエラ）,1142.61,1371,591.0,675283.0
2025-10-21,1,なめらか食感水ようかん,1142.61,1371,158.0,180532.0
2025-10-21,1,トマトベーコンパスタサラ,1142.61,1371,389.0,444475.0
2025-10-21,1,ベ　ス　ト　カ　ー,1142.61,1371,537.0,613582.0
2025-10-21,1,ポケカ拡張ステラ,1142.61,1371,164.0,187388.0
2025-10-21,1,ベロＢマンゴーＭ５Ｐ,1142.61,1371,1455.0,1662498.0
2025-10-21,1,明太マヨいか天,1142.61,1371,130.0,148539.0
2025-10-21,1,マウスＷクリア８０ＭＬ,1142.61,1371,200.0,228522.0
2025-10-21,1,こんがりパンポタージュ,1142.61,1371,170.0,194244.0
2025-10-21,1,クラフトテープ　１巻,1142.61,1371,,
2025-10-21,1,タリーズブラック３９０,1142.61,1371,158.0,180532.0
2025-10-21,1,アルバトロス・ビュー,1142.61,1371,,
2025-10-21,1,テリアレギュラー１０Ｐ,1142.61,1371,5273.0,6024983.0
2025-10-21,1,発注レジ袋１２号バイオマ,1142.61,1371,,
2025-10-21,1,ショコラ＆ホイップパイ,1142.61,1371,239.0,273084.0
2025-10-21,1,ビッグコミックスペリオー,1142.61,1371,464.0,530171.0
2025-10-21,1,ネイビーやまがた県民手帳,1142.61,1371,500.0,571305.0
2025-10-21,1,塩レモンクッキーシュー,1142.61,1371,204.0,233092.0
2025-10-21,1,アスティーグ黒　Ｍ,1142.61,1371,600.0,685566.0
2025-10-21,1,しょうが香る冷し薬味そば,1142.61,1371,,
2025-10-21,1,明太海苔弁当,1142.61,1371,555.0,634149.0
2025-10-21,1,東京スポーツ競馬特別版,1142.61,1371,,
2025-10-21,1,夏ポテト対馬の浜御塩味,1142.61,1371,179.0,204527.0
2025-10-21,1,優馬（関東山形福島）,1142.61,1371,,
2025-10-21,1,日刊競馬（関東山形福島）,1142.61,1371,,
2025-10-21,1,勝馬（関東山形福島）,1142.61,1371,,
2025-10-21,1,競友（関東福島）,1142.61,1371,,
2025-10-21,1,競馬エイト（関東福島）,1142.61,1371,,
2025-10-21,1,競馬ブック（関東山形福島,1142.61,1371,,
2025-10-21,1,馬サブロー（１都６県宮城,1142.61,1371,,
2025-10-21,1,研究（関東山形福島）,1142.61,1371,,
2025-10-21,1,リルＨリキッドＣ,1142.61,1371,73.0,83411.0
2025-10-21,1,ネックバンドイヤホン　黒,1142.61,1371,3164.0,3615218.0
2025-10-21,1,天使のチーズケーキ,1142.61,1371,230.0,262800.0
2025-10-21,1,プレジデント,1142.61,1371,,
2025-10-21,1,ＰＯＳレジロール５０巻,1142.61,1371,,
2025-10-21,1,ペーパータオルＢＳ,1142.61,1371,,
2025-10-21,1,ＪＴオンサンデー（旧：ジ,1142.61,1371,,
2025-10-21,1,コーヒーフレッシュ,1142.61,1371,,
2025-10-21,1,ダーク豆（ＵＣＣ）,1142.61,1371,,
2025-10-21,1,ピース（２０本）,1142.61,1371,546.0,623865.0
2025-10-21,1,２５０円スポーツ,1142.61,1371,228.0,260515.0
2025-10-21,1,ワンピデッキ緑黄ヤマト,1142.61,1371,500.0,571305.0
2025-10-21,1,ワンピデッキ紫黒ルフィ,1142.61,1371,500.0,571305.0
2025-10-21,1,婦人クルーＳ黒,1142.61,1371,390.0,445618.0
2025-10-21,1,ワンピデッキ　バギー,1142.61,1371,500.0,571305.0
2025-10-21,1,ハミガキハブラシセット,1142.61,1371,448.0,511889.0
2025-10-21,1,ＬストライクＢ,1142.61,1371,564.0,644432.0
2025-10-21,1,備蓄米１Ｋｇ,1142.61,1371,,
2025-10-21,1,ｉｎバー　ベイクドビター,1142.61,1371,170.0,194244.0
2025-10-21,1,２ＷＡＹマーカーピンク,1142.61,1371,180.0,205670.0
2025-10-21,1,ガムシロップ,1142.61,1371,,
2025-10-21,1,備蓄米　１ｋｇ,1142.61,1371,360.0,411340.0
2025-10-21,1,堅ぶつ旨塩,1142.61,1371,128.0,146254.0
2025-10-21,1,◎人気のミックスナッツ,1142.61,1371,360.0,411340.0
2025-10-21,1,うるおいさらっとジェル,1142.61,1371,248.0,283367.0
2025-10-21,1,ワンピデッキジュエリー,1142.61,1371,500.0,571305.0
2025-10-21,1,Ｃボス　フルーツエード,1142.61,1371,143.0,163393.0
2025-10-21,1,紅茶花伝　ミルクティー,1142.61,1371,155.0,177105.0
2025-10-21,1,週刊　プレイボーイ,1142.61,1371,591.0,675283.0
2025-10-21,1,今治ＴＨ２５春の色白,1142.61,1371,600.0,685566.0
2025-10-21,1,週　刊　大　衆,1142.61,1371,437.0,499321.0
2025-10-21,1,サクレグミレモン＆梨,1142.61,1371,208.0,237663.0
2025-10-21,1,つぶ塩梅,1142.61,1371,158.0,180532.0
2025-10-21,1,パーラメント１００ＢＯＸ,1142.61,1371,564.0,644432.0
2025-10-21,1,あの夏のラムネグミ,1142.61,1371,167.0,190816.0
2025-10-21,1,濃厚カスタードシュー,1142.61,1371,156.0,178247.0
2025-10-21,1,オレンジパンチ３５０,1142.61,1371,161.0,183960.0
2025-10-21,1,全粒粉サラダチキンたまご,1142.61,1371,369.0,421623.0
2025-10-21,1,パリジャン３種ミート,1142.61,1371,348.0,397628.0
2025-10-21,1,センテＩブラック１０Ｐ,1142.61,1371,4819.0,5506238.0
2025-10-21,1,炭火焼うなぎおむすび,1142.61,1371,369.0,421623.0
2025-10-21,1,海鮮サラダおむすび,1142.61,1371,147.0,167964.0
2025-10-21,1,おろしタツタ弁当（わかめ,1142.61,1371,598.0,683281.0
2025-10-21,1,ビーフハンバーグのロコモ,1142.61,1371,647.0,739269.0
2025-10-21,1,ＳＰＡＭ　玉子焼き,1142.61,1371,313.0,357637.0
2025-10-21,1,週刊　東洋経済,1142.61,1371,864.0,987215.0
2025-10-21,1,エ　コ　ノ　ミ　ス　ト,1142.61,1371,,
2025-10-21,1,テリアリッチＲ１０Ｐ,1142.61,1371,5273.0,6024983.0
2025-10-21,1,ＹＯＵＮＧ　ＫＩＮＧ（ヤ,1142.61,1371,464.0,530171.0
2025-10-21,1,野菜生活巨峰,1142.61,1371,118.0,134828.0
2025-10-21,1,ブーストバイツ,1142.61,1371,240.0,274226.0
2025-10-21,1,専炭治郎の抹茶クリームロ,1142.61,1371,158.0,180532.0
2025-10-21,1,銀鮭と煮物の幕の内弁当,1142.61,1371,555.0,634149.0
2025-10-21,1,鬼滅の刃フルーツオレ,1142.61,1371,249.0,284510.0
2025-10-21,1,アサイーボウルドリンク,1142.61,1371,249.0,284510.0
2025-10-21,1,◎生スコーン６個入（チー,1142.61,1371,172.0,196529.0
2025-10-21,1,サンド寿司　サーモン,1142.61,1371,334.0,381632.0
2025-10-21,1,Ｆ伊之助のほわほわ大福,1142.61,1371,125.0,142826.0
2025-10-21,1,Ｆ水柱の水まんじゅう（ラ,1142.61,1371,149.0,170249.0
2025-10-21,1,◎マラサダ（マカダミアチ,1142.61,1371,147.0,167964.0
2025-10-21,1,専胡蝶しのぶの藤色メロン,1142.61,1371,165.0,188531.0
2025-10-21,1,◎Ｆボス　ラテ　４５０,1142.61,1371,139.0,158823.0
2025-10-21,1,新Ｅプリンター用インク青,1142.61,1371,,
2025-10-21,1,◎レモネードソーダ,1142.61,1371,186.0,212525.0
2025-10-21,1,翠ジンソーダ３５０,1142.61,1371,194.0,221666.0
2025-10-21,1,ＳＰＡ！（スパ！）,1142.61,1371,573.0,654716.0
2025-10-21,1,半熟たまご大盛冷しうどん,1142.61,1371,554.0,633006.0
2025-10-21,1,ライオンカフェオレ,1142.61,1371,208.0,237663.0
2025-10-21,1,台湾風まぜそば,1142.61,1371,599.0,684423.0
2025-10-21,1,週刊女性自身,1142.61,1371,500.0,571305.0
2025-10-21,1,週刊ゴルフダイジェスト,1142.61,1371,573.0,654716.0
2025-10-21,1,クア・アイナテリチキン,1142.61,1371,369.0,421623.0
2025-10-21,1,フライドサイミン,1142.61,1371,,
2025-10-21,1,週刊アサヒ芸能,1142.61,1371,564.0,644432.0
2025-10-21,1,マカダミアパンケーキ,1142.61,1371,323.0,369063.0
2025-10-21,1,ＦＬＡＳＨ　（フラッシュ,1142.61,1371,664.0,758693.0
2025-10-21,1,ミンティアグレープ,1142.61,1371,105.0,119974.0
2025-10-21,1,健康のど飴冷やし飴小袋,1142.61,1371,138.0,157680.0
2025-10-21,1,コアラのマーチいちご,1142.61,1371,164.0,187388.0
2025-10-21,1,◎ハムエッグデニッシュ２,1142.61,1371,135.0,154252.0
2025-10-21,1,週　刊　女　性,1142.61,1371,,
2025-10-21,1,透明プリン？マンゴー？,1142.61,1371,194.0,221666.0
2025-10-21,1,青ねぎと蒸し鶏のパスタ,1142.61,1371,462.0,527886.0
2025-10-21,1,２０品目のサラダ,1142.61,1371,276.0,315360.0
2025-10-21,1,ベロＭＰミントＸインテン,1142.61,1371,310.0,354209.0
2025-10-21,1,◎りんごカスタードデニ４,1142.61,1371,167.0,190816.0
2025-10-21,1,◎ハムチーズクロワッサン,1142.61,1371,135.0,154252.0
2025-10-21,1,紳士ショートＳ黒,1142.61,1371,390.0,445618.0
2025-10-21,1,ラインＳ２５夏の色白大,1142.61,1371,390.0,445618.0
2025-10-21,1,カルピスＰマンゴーピーチ,1142.61,1371,170.0,194244.0
2025-10-21,1,ブリーフ団イカ墨まぜそば,1142.61,1371,369.0,421623.0
2025-10-21,1,江頭　激辛豚骨ラーメン,1142.61,1371,369.0,421623.0
2025-10-21,1,ラークウルトラ１・１００,1142.61,1371,491.0,561022.0
2025-10-21,1,◎ひとくち濃厚梅だれせん,1142.61,1371,139.0,158823.0
2025-10-21,1,ミニチーズおかきガーリッ,1142.61,1371,150.0,171391.0
2025-10-21,1,◎瀬戸内レモンのドーナツ,1142.61,1371,139.0,158823.0
2025-10-21,1,キリン晴れ風３５０,1142.61,1371,216.0,246804.0
2025-10-21,1,Ｇファイトシャープ芯ＨＢ,1142.61,1371,200.0,228522.0
2025-10-21,1,最強王図鑑激闘バトルグミ,1142.61,1371,193.0,220524.0
2025-10-21,1,すっぱいぶどうグミ,1142.61,1371,100.0,114261.0
2025-10-21,1,レインコートＭ,1142.61,1371,687.0,784973.0
2025-10-21,1,オイコス　レモン＆ハニー,1142.61,1371,179.0,204527.0
2025-10-21,1,４５Ｌ半透明ゴミ袋,1142.61,1371,,
2025-10-21,1,レジ従業員金庫引継ノート,1142.61,1371,,
2025-10-21,1,◎生コッペパン（ハムカツ,1142.61,1371,167.0,190816.0
2025-10-21,1,振って塩こんぶキャベツ,1142.61,1371,221.0,252517.0
2025-10-21,1,センティアＦエメラルド,1142.61,1371,482.0,550738.0
2025-10-21,1,サンカット　ＵＶスプレー,1142.61,1371,798.0,911803.0
2025-10-21,1,抹茶シベリア３個入,1142.61,1371,230.0,262800.0
2025-10-21,1,ライト豆（ＵＣＣ）,1142.61,1371,,
2025-10-21,1,ターザン,1142.61,1371,728.0,831820.0
2025-10-21,1,ジャージー牛乳プリン,1142.61,1371,178.0,203385.0
2025-10-21,1,ＡｐｐｌｅＧＣ＿５千,1142.61,1371,5000.0,5713050.0
2025-10-21,1,ベロスピッフィーＳミント,1142.61,1371,291.0,332500.0
2025-10-21,1,センテＣシルバー１０Ｐ,1142.61,1371,4819.0,5506238.0
2025-10-21,1,電卓　１２桁,1142.61,1371,1280.0,1462541.0
2025-10-21,1,ライトニングイヤホン変換,1142.61,1371,1982.0,2264653.0
2025-10-21,1,ＦＲＩＤＡＹ（フライデー,1142.61,1371,710.0,811253.0
2025-10-21,1,オレンジページ,1142.61,1371,544.0,621580.0
2025-10-21,1,ミルクソースのシフォン,1142.61,1371,369.0,421623.0
2025-10-21,1,ネオチルドＭハイパー用,1142.61,1371,455.0,519888.0
2025-10-21,1,カーセンサー東日本版,1142.61,1371,,
2025-10-21,1,Ｗｅｄｇｅ（ウェッジ）,1142.61,1371,,
2025-10-21,1,週　刊　ポ　ス　ト,1142.61,1371,519.0,593015.0
2025-10-21,1,ＵＳＢーＣ用イヤホン黒,1142.61,1371,2164.0,2472608.0
2025-10-21,1,Ｎｅｗｔｏｎ（ニュートン,1142.61,1371,1082.0,1236304.0
2025-10-21,1,パリパリ麺サラダ,1142.61,1371,369.0,421623.0
2025-10-21,1,カーセンサー首都圏版,1142.61,1371,,
2025-10-21,1,新Ｅプリンター用インク赤,1142.61,1371,,
2025-10-21,1,新Ｅプリンター用インク黒,1142.61,1371,,
2025-10-21,1,ネオＢマスカット,1142.61,1371,455.0,519888.0
2025-10-21,1,ＩＱＯＳｉＯＢブルー,1142.61,1371,3619.0,4135106.0
2025-10-21,1,クール・ＢＯＸ,1142.61,1371,528.0,603298.0
2025-10-21,1,アルカリ水クリーナ－詰替,1142.61,1371,,
2025-10-21,1,やまがた県民手帳ブラック,1142.61,1371,500.0,571305.0
2025-10-21,1,ごまだれ冷し中華,1142.61,1371,554.0,633006.0
2025-10-21,1,Ｓスター７Ｂ,1142.61,1371,546.0,623865.0
2025-10-21,1,綾鷹　濃い緑茶　６５０,1142.61,1371,158.0,180532.0
2025-10-21,1,ＵＳＢ－Ｃ電池充電器,1142.61,1371,1710.0,1953863.0
2025-10-21,1,氷結無糖スモモ３５０,1142.61,1371,168.0,191958.0
2025-10-21,1,ゼロシュガーフリーチョコ,1142.61,1371,220.0,251374.0
2025-10-21,1,トッポ,1142.61,1371,209.0,238805.0
2025-10-21,1,コーヒーリッド黒Ｓ,1142.61,1371,,
2025-10-21,1,カフェカップＭ,1142.61,1371,,
2025-10-21,1,◎フルーツミックス５００,1142.61,1371,112.0,127972.0
2025-10-21,1,◎南高梅うす塩個食,1142.61,1371,131.0,149682.0
2025-10-21,1,◎南高梅はちみつ入個食,1142.61,1371,131.0,149682.0
2025-10-21,1,◎生コッペパン（厚ぎりと,1142.61,1371,230.0,262800.0
2025-10-21,1,綾鷹　６５０,1142.61,1371,158.0,180532.0
2025-10-21,1,サントリー天然水　５５０,1142.61,1371,118.0,134828.0
2025-10-21,1,烏龍茶　６００,1142.61,1371,158.0,180532.0
2025-10-21,1,鮭わかめおむすび,1142.61,1371,139.0,158823.0
2025-10-21,1,つぶグミＰ濃厚マンゴー,1142.61,1371,198.0,226237.0
2025-10-21,1,ケント・６・１００ＢＯＸ,1142.61,1371,473.0,540455.0
2025-10-21,1,４Ｄグミ旅路のマジックア,1142.61,1371,221.0,252517.0
2025-10-21,1,モチド富良野メロン味,1142.61,1371,171.0,195386.0
2025-10-21,1,三ツ矢　ひんやり和梨,1142.61,1371,160.0,182818.0
2025-10-21,1,備蓄米　２Ｋｇ,1142.61,1371,,
2025-10-21,1,◎生コッペパン（チョコバ,1142.61,1371,135.0,154252.0
2025-10-21,1,ビスコ発酵バター,1142.61,1371,156.0,178247.0
2025-10-21,1,銀座ライオンビヤ３５０,1142.61,1371,216.0,246804.0
2025-10-21,1,◎プリンみたいなパン,1142.61,1371,119.0,135971.0
2025-10-21,1,善逸たまごＢＯＸＤ２,1142.61,1371,425.0,485609.0
2025-10-21,1,炭治郎＆義勇おむ２,1142.61,1371,369.0,421623.0
2025-10-21,1,はみでたチキンカツバーガ,1142.61,1371,369.0,421623.0
2025-10-21,1,国チキンとゴーダとたまご,1142.61,1371,443.0,506176.0
2025-10-21,1,海苔監修　手巻たまごかけ,1142.61,1371,185.0,211383.0
2025-10-21,1,手巻ベーコン＆コーンマヨ,1142.61,1371,184.0,210240.0
2025-10-21,1,◎桃大福,1142.61,1371,147.0,167964.0
2025-10-21,1,まるで鶏皮のようなＰＣ,1142.61,1371,176.0,201099.0
2025-10-21,1,Ｌｉｐｔｏｎチャームグミ,1142.61,1371,350.0,399913.0
2025-10-21,1,◎サーターアンダギー６個,1142.61,1371,165.0,188531.0
2025-10-21,1,週　刊　現　代,1142.61,1371,546.0,623865.0
2025-10-21,1,７０Ｌ半透明ゴミ袋,1142.61,1371,,
2025-10-21,1,スウェディッシュキャンデ,1142.61,1371,498.0,569020.0
2025-10-21,1,一粒梅おむすび,1142.61,1371,241.0,275369.0
2025-10-21,1,大粒ラムネ強炭酸シュワコ,1142.61,1371,133.0,151967.0
2025-10-21,1,きりっと果実　ピンクＧＦ,1142.61,1371,159.0,181675.0
2025-10-21,1,サラダラップチキンサルサ,1142.61,1371,348.0,397628.0
2025-10-21,1,新旧両用）ペーパフィルタ,1142.61,1371,,
2025-10-21,1,くりーむパン　カスタード,1142.61,1371,260.0,297079.0
2025-10-21,1,◎桃パウンドケーキ,1142.61,1371,165.0,188531.0
2025-10-21,1,めっちゃふくらむフーセン,1142.61,1371,158.0,180532.0
2025-10-21,1,しゃりｉｎグミソーダ味,1142.61,1371,168.0,191958.0
2025-10-21,1,すだち明太クリームうどん,1142.61,1371,462.0,527886.0
2025-10-21,1,岩下の新生姜いなり寿司,1142.61,1371,185.0,211383.0
2025-10-21,1,◎のむヨーグルトメロン,1142.61,1371,195.0,222809.0
2025-10-21,1,レモンチーズケーキ,1142.61,1371,156.0,178247.0
2025-10-21,1,バター醤油パスタ,1142.61,1371,426.0,486752.0
2025-10-21,1,りんごの目覚め,1142.61,1371,276.0,315360.0
2025-10-21,1,ミンティア宮崎日向夏,1142.61,1371,105.0,119974.0
2025-10-21,1,生ラムネ玉,1142.61,1371,152.0,173677.0
2025-10-21,1,タリーズ　無糖ラテ,1142.61,1371,170.0,194244.0
2025-10-21,1,名札バッジ　２個入,1142.61,1371,,
2025-10-21,1,フエラムネサイダー第２弾,1142.61,1371,138.0,157680.0
2025-10-21,1,たべっ子水族館ソルティ,1142.61,1371,170.0,194244.0
2025-10-21,1,マーブルパウチ,1142.61,1371,215.0,245661.0
2025-10-21,1,ドリトス激辛ナチョチーズ,1142.61,1371,180.0,205670.0
2025-10-21,1,ピンクグレープフルーツア,1142.61,1371,186.0,212525.0
2025-10-21,1,野菜生活ベリーサラダ,1142.61,1371,113.0,129115.0
2025-10-21,1,フルーツこれ１本ビタミン,1142.61,1371,150.0,171391.0
2025-10-21,1,Ｙｏｕｎｇ　ｃｈａｍｐｉ,1142.61,1371,410.0,468470.0
2025-10-21,1,ゆず塩ラーメンサラダ,1142.61,1371,389.0,444475.0
2025-10-21,1,◎お好み焼＆塩焼そば,1142.61,1371,,
2025-10-21,1,牛スープの旨み盛岡風冷麺,1142.61,1371,536.0,612439.0
2025-10-21,1,冷し鶏天タルタルうどん,1142.61,1371,599.0,684423.0
2025-10-21,1,オレンジ,1142.61,1371,315.0,359922.0
2025-10-21,1,グレープフルーツ,1142.61,1371,276.0,315360.0
2025-10-21,1,ラインＳＣ白１９－２２,1142.61,1371,390.0,445618.0
2025-10-21,1,備蓄米　２ｋｇ,1142.61,1371,700.0,799827.0
2025-10-21,1,◎オクラわかめとろり豆腐,1142.61,1371,258.0,294793.0
2025-10-21,1,コロネクッキー,1142.61,1371,71.0,81125.0
2025-10-21,1,フルーツサラダヨーグルト,1142.61,1371,230.0,262800.0
2025-10-21,1,野菜生活１００オリジナル,1142.61,1371,113.0,129115.0
2025-10-21,1,クラッシュ蒟蒻畑りんご味,1142.61,1371,183.0,209098.0
2025-10-21,1,ビスコ,1142.61,1371,156.0,178247.0
2025-10-21,1,サラダチキンロール,1142.61,1371,399.0,455901.0
2025-10-21,1,グローＨプロサクラＥＤ,1142.61,1371,3619.0,4135106.0
2025-10-21,1,ザ・クレープチョコバナナ,1142.61,1371,249.0,284510.0
2025-10-21,1,こだわりカレー,1142.61,1371,367.0,419338.0
2025-10-21,1,コーヒーゼリーパフェ,1142.61,1371,313.0,357637.0
2025-10-21,1,チョコラＳＰ　グレフル＆,1142.61,1371,149.0,170249.0
2025-10-21,1,キレート　ＭＵＫＵＭＩ,1142.61,1371,158.0,180532.0
2025-10-21,1,ワンピカードＢＥＳＴ２,1142.61,1371,500.0,571305.0
2025-10-21,1,アスティーグ黒　Ｌ,1142.61,1371,600.0,685566.0
2025-10-21,1,慶弔サインペン（筆文字）,1142.61,1371,250.0,285652.0
2025-10-21,1,モンスターエナジー,1142.61,1371,213.0,243376.0
2025-10-21,1,ヒヤロン,1142.61,1371,180.0,205670.0
2025-10-21,1,ラインＳ２５夏の色白小,1142.61,1371,390.0,445618.0
2025-10-21,1,冷し鶏ねぎそば,1142.61,1371,599.0,684423.0
2025-10-21,1,０．０１ゼロワン,1142.61,1371,900.0,1028349.0
2025-10-21,1,イープラス　発券,1142.61,1371,165.0,188531.0
2025-10-21,1,ダブルフロマージュ　２個,1142.61,1371,426.0,486752.0
2025-10-21,1,ＵＳＢ－Ｃ１．２ｍ,1142.61,1371,1255.0,1433976.0
2025-10-21,1,サンドおむすび　豚焼肉,1142.61,1371,323.0,369063.0
2025-10-21,1,ハイチュウＰメロン,1142.61,1371,152.0,173677.0
2025-10-21,1,マッチビタミンみかん,1142.61,1371,150.0,171391.0
2025-10-21,1,◎ハムチーズエッグマフィ,1142.61,1371,156.0,178247.0
2025-10-21,1,直巻　炙り焼　牛タン,1142.61,1371,199.0,227379.0
2025-10-21,1,具だくさん炙り焼鶏つくね,1142.61,1371,213.0,243376.0
2025-10-21,1,コミック乱,1142.61,1371,546.0,623865.0
2025-10-21,1,カニカママカロニサラダ,1142.61,1371,239.0,273084.0
2025-10-21,1,じゅるるマンゴー,1142.61,1371,221.0,252517.0
2025-10-21,1,コク旨たまごサンド,1142.61,1371,276.0,315360.0
2025-10-21,1,むっち実グミオレンジ味,1142.61,1371,198.0,226237.0
2025-10-21,1,たまご海老ブロコリサンド,1142.61,1371,348.0,397628.0
2025-10-21,1,カンデミーナ電撃マスカッ,1142.61,1371,200.0,228522.0
2025-10-21,1,◎ホットサンド（ハム＆チ,1142.61,1371,158.0,180532.0
2025-10-21,1,ウィルキンソンＥＸグレプ,1142.61,1371,117.0,133685.0
2025-10-21,1,生茶ほうじ煎茶,1142.61,1371,158.0,180532.0
2025-10-21,1,サーモン寿司,1142.61,1371,237.0,270799.0
2025-10-21,1,フレンチクルーラーミルク,1142.61,1371,193.0,220524.0
2025-10-21,1,ちいかわステッカーグミ,1142.61,1371,180.0,205670.0
2025-10-21,1,激モロコシフライドアラレ,1142.61,1371,158.0,180532.0
2025-10-21,1,んぽちゃむグミ,1142.61,1371,180.0,205670.0
2025-10-21,1,じゃがりこ肉じゃがｂｉｔ,1142.61,1371,129.0,147397.0
2025-10-21,1,１９６レモン３５０,1142.61,1371,161.0,183960.0
2025-10-21,1,ねるねるねるねドリンク,1142.61,1371,276.0,315360.0
2025-10-21,1,ポケカ拡張ナイトワンダ,1142.61,1371,164.0,187388.0
2025-10-21,1,ホームパイチビムーホ,1142.61,1371,140.0,159965.0
2025-10-21,1,野菜生活Ｓベリー＆ざくろ,1142.61,1371,178.0,203385.0
2025-10-21,1,テリヤキチキンとたまご,1142.61,1371,332.0,379347.0
2025-10-21,1,スーパー大麦安曇野わさび,1142.61,1371,181.0,206812.0
2025-10-21,1,◎つぶつぶいちご蒸しＣ,1142.61,1371,135.0,154252.0
2025-10-21,1,鶏そぼろ野沢菜醤油パスタ,1142.61,1371,369.0,421623.0
2025-10-21,1,ヨーグレットグミブルーベ,1142.61,1371,140.0,159965.0
2025-10-21,1,冷し明太クリームうどん,1142.61,1371,445.0,508461.0
2025-10-21,1,◎ツイストサンド（カスタ,1142.61,1371,128.0,146254.0
2025-10-21,1,野菜食べよう冷しタンメン,1142.61,1371,554.0,633006.0
2025-10-21,1,ポケぷにソーダ,1142.61,1371,218.0,249089.0
2025-10-21,1,チョコチャンクスコーン,1142.61,1371,119.0,135971.0
2025-10-21,1,窯出しとろけるプリン,1142.61,1371,195.0,222809.0
2025-10-21,1,香ばし炒めの玉子炒飯,1142.61,1371,341.0,389630.0
2025-10-21,1,ＢＳおつまみ焼そば味スパ,1142.61,1371,136.0,155395.0
2025-10-21,1,ナイキ　ラバーグローブＬ,1142.61,1371,498.0,569020.0
2025-10-21,1,冷し担担麺,1142.61,1371,462.0,527886.0
2025-10-21,1,はちみつとりんごのケーキ,1142.61,1371,276.0,315360.0
2025-10-21,1,センテＦグリーン１０Ｐ,1142.61,1371,4819.0,5506238.0
2025-10-21,1,３種チーズのミートソース,1142.61,1371,599.0,684423.0
2025-10-21,1,ピュレフルーツりんご,1142.61,1371,268.0,306219.0
2025-10-21,1,巨峰大福（白こしあん）,1142.61,1371,188.0,214811.0
2025-10-21,1,すッパイチュウレモン味,1142.61,1371,127.0,145111.0
2025-10-21,1,てんこ盛弁当,1142.61,1371,598.0,683281.0
2025-10-21,1,ナイキ　ラバーグローブＭ,1142.61,1371,498.0,569020.0
2025-10-21,1,厚切りポテトペッパー,1142.61,1371,142.0,162251.0
2025-10-21,1,ハイチュウ人気ミックス,1142.61,1371,127.0,145111.0
2025-10-21,1,コロコロハイチュウ,1142.61,1371,127.0,145111.0
2025-10-21,1,黒わらび餅,1142.61,1371,178.0,203385.0
2025-10-21,1,メガシャキ,1142.61,1371,239.0,273084.0
2025-10-21,1,ポケカ拡張メガシンフォ,1142.61,1371,164.0,187388.0
2025-10-21,1,ポケカ拡張メガブレイブ,1142.61,1371,164.0,187388.0
2025-10-21,1,イープラス　入金,1142.61,1371,16455.0,18801648.0
2025-10-21,1,夏のミルクシュー,1142.61,1371,138.0,157680.0
2025-10-21,1,ふわしゅわスフレレモン,1142.61,1371,249.0,284510.0
2025-10-21,1,ラッキーＳベリーＳ,1142.61,1371,391.0,446761.0
2025-10-21,1,グローＨプロオニキスＰ,1142.61,1371,3619.0,4135106.0
2025-10-21,1,エボＴバナナＣＰＬＭ,1142.61,1371,500.0,571305.0
2025-10-21,1,エボＴベリーＣＰＬＭ,1142.61,1371,500.0,571305.0
2025-10-21,1,マウススプレークールＭ,1142.61,1371,251.0,286795.0
2025-10-21,1,おーいお茶緑茶　６００,1142.61,1371,158.0,180532.0
2025-10-21,1,◎のむヨーグルトパイン,1142.61,1371,158.0,180532.0
2025-10-21,1,ルーローハン風パスタサラ,1142.61,1371,417.0,476468.0
2025-10-21,1,１９６白桃３５０,1142.61,1371,161.0,183960.0
2025-10-21,1,履歴書用紙,1142.61,1371,309.0,353066.0
2025-10-21,1,メガライフガード　７００,1142.61,1371,150.0,171391.0
2025-10-21,1,１９６マスカット３５０,1142.61,1371,161.0,183960.0
2025-10-21,1,ケントＮＳダークＦ,1142.61,1371,500.0,571305.0
2025-10-21,1,ワンピデッキ　ティーチ,1142.61,1371,500.0,571305.0
2025-10-21,1,ソフト携帯吸殻入れ,1142.61,1371,273.0,311933.0
2025-10-21,1,リチウム５０００ｍＡｈ,1142.61,1371,2982.0,3407263.0
2025-10-21,1,ユニアリ　ワンパンマン,1142.61,1371,350.0,399913.0
2025-10-21,1,多当祝　御祝,1142.61,1371,87.0,99407.0
2025-10-21,1,碧Ａｏ海薫るＨＢ３５０,1142.61,1371,350.0,399913.0
2025-10-21,1,ポケピファンピカチュウ,1142.61,1371,3164.0,3615218.0
2025-10-21,1,タフグミビッグバンピーチ,1142.61,1371,238.0,271941.0
2025-10-21,1,もちっとガブリマスカット,1142.61,1371,143.0,163393.0
2025-10-21,1,ＭＶＰＧレギュウィズ６Ｐ,1142.61,1371,3273.0,3739763.0
2025-10-21,1,テリアＯパール１０Ｐ,1142.61,1371,5273.0,6024983.0
2025-10-21,1,ふんわりたまごのオムライ,1142.61,1371,276.0,315360.0
2025-10-21,1,韓国風海苔佃煮おむすび,1142.61,1371,147.0,167964.0
2025-10-21,1,ラークスーパー５,1142.61,1371,491.0,561022.0
2025-10-21,1,青しそ高菜おむすび,1142.61,1371,139.0,158823.0
2025-10-21,1,ツメキリ　Ｓ,1142.61,1371,480.0,548453.0
2025-10-21,1,ビタミン野菜,1142.61,1371,113.0,129115.0
2025-10-21,1,ポケぷにフルーツ,1142.61,1371,218.0,249089.0
2025-10-21,1,◎ジューシーソーセージパ,1142.61,1371,135.0,154252.0
2025-10-21,1,炙り豚焼肉マヨネーズ,1142.61,1371,276.0,315360.0
2025-10-21,1,おーいお茶濃い茶６００,1142.61,1371,158.0,180532.0
2025-10-21,1,細ーいじゃがビーサワクリ,1142.61,1371,164.0,187388.0
2025-10-21,1,テリアＢルビーＭ１０Ｐ,1142.61,1371,5273.0,6024983.0
2025-10-21,1,Ｃ１０００コラーゲン＆,1142.61,1371,147.0,167964.0
2025-10-21,1,カニカマの寿司,1142.61,1371,174.0,198814.0
2025-10-21,1,いかめしおむすび,1142.61,1371,258.0,294793.0
2025-10-21,1,モッチュ白桃味,1142.61,1371,148.0,169106.0
2025-10-21,1,テリアミント１０Ｐ,1142.61,1371,5273.0,6024983.0
2025-10-21,1,◎増量うす焼せんべい,1142.61,1371,147.0,167964.0
2025-10-21,1,ポテロング,1142.61,1371,162.0,185103.0
2025-10-21,1,カルピス　リンゴ＆洋梨,1142.61,1371,160.0,182818.0
2025-10-21,1,ごろごろゆでたまごサンド,1142.61,1371,369.0,421623.0
2025-10-21,1,◎ふんわりもっちパン（チ,1142.61,1371,128.0,146254.0
2025-10-21,1,ミンティアＢブラック,1142.61,1371,211.0,241091.0
2025-10-21,1,増量チキンパスタサラダ,1142.61,1371,369.0,421623.0
2025-10-21,1,島星シトラスエール３５０,1142.61,1371,306.0,349639.0
2025-10-21,1,アーモンド効果プロテイン,1142.61,1371,198.0,226237.0
2025-10-21,1,小枝チョコクッキーサンド,1142.61,1371,239.0,273084.0
2025-10-21,1,冷たい生パスタツナトマト,1142.61,1371,499.0,570162.0
2025-10-21,1,◎レアチーズデニッシュ,1142.61,1371,147.0,167964.0
2025-10-21,1,にゃんともチーズ塩バニラ,1142.61,1371,230.0,262800.0
2025-10-21,1,ザクザクやみつきクランキ,1142.61,1371,198.0,226237.0
2025-10-21,1,増量ロースかつカレー,1142.61,1371,555.0,634149.0
2025-10-21,1,＊Ｆハイキューまんじゅう,1142.61,1371,172.0,196529.0
2025-10-21,1,ペタグーソーダ,1142.61,1371,150.0,171391.0
2025-10-21,1,超急速２ｉｎ１Ｃ＆Ｌ１ｍ,1142.61,1371,2346.0,2680563.0
2025-10-21,1,トマトジュースプレミアム,1142.61,1371,148.0,169106.0
2025-10-21,1,玉子焼＆ハムサンド,1142.61,1371,323.0,369063.0
2025-10-21,1,２種チーズとハムサンド,1142.61,1371,323.0,369063.0
2025-10-21,1,かぶり寿司　甘辛そぼろマ,1142.61,1371,283.0,323359.0
2025-10-21,1,◎増量チョコビスケット,1142.61,1371,139.0,158823.0
2025-10-21,1,マーブル,1142.61,1371,184.0,210240.0
2025-10-21,1,ラーク・１００・ＢＯＸ,1142.61,1371,491.0,561022.0
2025-10-21,1,１９６無糖冷凍みかん３５,1142.61,1371,161.0,183960.0
2025-10-21,1,メビウスワン１００Ｂ１０,1142.61,1371,5273.0,6024983.0
2025-10-21,1,◎ミニメンチカツバーガ３,1142.61,1371,195.0,222809.0
2025-10-21,1,野菜マシマシ冷し中華,1142.61,1371,647.0,739269.0
2025-10-21,1,ミンティアＢＣマイルド,1142.61,1371,210.0,239948.0
2025-10-21,1,塩おむすび,1142.61,1371,129.0,147397.0
2025-10-21,1,ミンティアＢＦピーチ,1142.61,1371,211.0,241091.0
2025-10-21,1,ミンティアＢＦレモン,1142.61,1371,211.0,241091.0
2025-10-21,1,カロリーメイトチョコ,1142.61,1371,220.0,251374.0
2025-10-21,1,カロリーメイト　バニラ,1142.61,1371,220.0,251374.0
2025-10-21,1,ゼロプロテインチョコ,1142.61,1371,198.0,226237.0
2025-10-21,1,カントリーＭマロンケーキ,1142.61,1371,180.0,205670.0
2025-10-21,1,カンロザストロングソーダ,1142.61,1371,200.0,228522.0
2025-10-21,1,◎増量大盛たこ焼き,1142.61,1371,554.0,633006.0
2025-10-21,1,フリクション３スリムＢＫ,1142.61,1371,541.0,618152.0
2025-10-21,1,パイの実,1142.61,1371,237.0,270799.0
2025-10-21,1,ゼログラノーラチョコ,1142.61,1371,198.0,226237.0
2025-10-21,1,ペタグーグレープ,1142.61,1371,150.0,171391.0
2025-10-21,1,ＩＱＯＳｉＯＤバイオレ,1142.61,1371,3619.0,4135106.0
2025-10-21,1,テリアＢトロピカルＭ,1142.61,1371,528.0,603298.0
2025-10-21,1,カレーせんオリジナルスパ,1142.61,1371,138.0,157680.0
2025-10-21,1,花椒香る　麻婆焼そばＤ２,1142.61,1371,554.0,633006.0
2025-10-21,1,ジャパンタイムズ,1142.61,1371,273.0,311933.0
2025-10-21,1,たまごっち　めじるし２,1142.61,1371,300.0,342783.0
2025-10-21,1,ワンピカード　師弟の絆,1142.61,1371,200.0,228522.0
2025-10-21,1,アポロチョコレート,1142.61,1371,184.0,210240.0
2025-10-21,1,テリアＢフューシャＭ,1142.61,1371,528.0,603298.0
2025-10-21,1,勝馬,1142.61,1371,500.0,571305.0
2025-10-21,1,おむすび２個（鮭・昆布）,1142.61,1371,313.0,357637.0
2025-10-21,1,クッキークリームクレープ,1142.61,1371,332.0,379347.0
2025-10-21,1,きのこの山のジクカール,1142.61,1371,263.0,300506.0
2025-10-21,1,アーモンド・ブリーズ微糖,1142.61,1371,128.0,146254.0
2025-10-21,1,チーズあじカカールアーモ,1142.61,1371,230.0,262800.0
2025-10-21,1,◎増量かーるいチーズスナ,1142.61,1371,128.0,146254.0
2025-10-21,1,三ツ矢サイダー５００,1142.61,1371,160.0,182818.0
2025-10-21,1,栄養強化型　１日分の野菜,1142.61,1371,131.0,149682.0
2025-10-21,1,ぶどうきゃん,1142.61,1371,128.0,146254.0
2025-10-21,1,大きなロール焼そばたまご,1142.61,1371,369.0,421623.0
2025-10-21,1,シーザーパスタサラダ,1142.61,1371,389.0,444475.0
2025-10-21,1,納豆細巻寿司（５巻増量）,1142.61,1371,389.0,444475.0
2025-10-21,1,わさび海苔　野沢菜わさび,1142.61,1371,175.0,199957.0
2025-10-21,1,さばほぐしごはん,1142.61,1371,332.0,379347.0
2025-10-21,1,ねるねるねるねゼリー,1142.61,1371,276.0,315360.0
2025-10-21,1,たまごボーロっち２,1142.61,1371,350.0,399913.0
2025-10-21,1,グミだよ。ピーチフラッペ,1142.61,1371,166.0,189673.0
2025-10-21,1,◎３種フルーツとナッツ,1142.61,1371,165.0,188531.0
2025-10-21,1,◎でっかいカレーたまごパ,1142.61,1371,139.0,158823.0
2025-10-21,1,◎チョコバナナロール,1142.61,1371,156.0,178247.0
2025-10-21,1,シゲキックスグレープ,1142.61,1371,120.0,137113.0
2025-10-21,1,天使のグミ甘熟マンゴー味,1142.61,1371,170.0,194244.0
2025-10-21,1,かむかむレモン,1142.61,1371,150.0,171391.0
2025-10-21,1,梨スムージー,1142.61,1371,193.0,220524.0
2025-10-21,1,のむアサイーボウル,1142.61,1371,188.0,214811.0
2025-10-21,1,ミルキーバニラアイス味,1142.61,1371,170.0,194244.0
2025-10-21,1,ウェルチ　マスカットＳＰ,1142.61,1371,160.0,182818.0
2025-10-21,1,ゆず鶏だしミニ塩ラーメン,1142.61,1371,399.0,455901.0
2025-10-21,1,コク旨醤油だれの油そば,1142.61,1371,499.0,570162.0
2025-10-21,1,くりーむメロンパン,1142.61,1371,276.0,315360.0
2025-10-21,1,ネバネバと大根のサラダ,1142.61,1371,297.0,339355.0
2025-10-21,1,麻辣湯,1142.61,1371,248.0,283367.0
2025-10-21,1,ポケピファンワッカネズミ,1142.61,1371,3164.0,3615218.0
2025-10-21,1,シフォンマンゴー＆ピーチ,1142.61,1371,250.0,285652.0
2025-10-21,1,ふわもち生大福　きなこ,1142.61,1371,138.0,157680.0
2025-10-21,1,生クリームパイコロネ,1142.61,1371,204.0,233092.0
2025-10-21,1,コカ・コーラゼロ５００,1142.61,1371,170.0,194244.0
2025-10-21,1,ケント１・１００Ｂ１０Ｐ,1142.61,1371,4728.0,5402260.0
2025-10-21,1,生茶６００,1142.61,1371,158.0,180532.0
2025-10-21,1,アリィージェルＵＶミニ,1142.61,1371,1346.0,1537953.0
2025-10-21,1,ｉｎゼリーＥＮ　ブドウ糖,1142.61,1371,210.0,239948.0
2025-10-21,1,その他１０口座売上,1142.61,1371,228.0,260515.0
2025-10-21,1,優馬,1142.61,1371,591.0,675283.0
2025-10-21,1,◎増量しみチョココーン,1142.61,1371,147.0,167964.0
2025-10-21,1,◎クルーラーリングドー８,1142.61,1371,184.0,210240.0
2025-10-21,1,◎クラウンメロンパン,1142.61,1371,139.0,158823.0
2025-10-21,1,◎つぶあんぱん北海道小豆,1142.61,1371,121.0,138256.0
2025-10-21,1,大きなチーズカレーパン（,1142.61,1371,184.0,210240.0
2025-10-21,1,梅づくしおむすび,1142.61,1371,172.0,196529.0
2025-10-21,1,もち麦　枝豆ゆかり,1142.61,1371,163.0,186245.0
2025-10-21,1,青磯海苔　漬けサーモン,1142.61,1371,199.0,227379.0
2025-10-21,1,三ツ矢　特濃アップル,1142.61,1371,160.0,182818.0
2025-10-21,1,ＧＰｌａｙ１０００,1142.61,1371,1000.0,1142610.0
2025-10-21,1,堅あげ極味玉ねぎ黒胡椒,1142.61,1371,196.0,223952.0
2025-10-21,1,秋味３５０,1142.61,1371,216.0,246804.0
2025-10-21,1,黒チャーハンおむすび,1142.61,1371,175.0,199957.0
2025-10-21,1,トルティーヤケバブチキン,1142.61,1371,369.0,421623.0
2025-10-21,1,ピュアポテト濃いのり塩,1142.61,1371,155.0,177105.0
2025-10-21,1,マシマシ焼もろこしせん,1142.61,1371,148.0,169106.0
2025-10-21,1,増量　天使のチーズケーキ,1142.61,1371,230.0,262800.0
2025-10-21,1,ＩＱＯＳｉＯＳモデル,1142.61,1371,3619.0,4135106.0
2025-10-21,1,ｉｎゼリートリプルＥ,1142.61,1371,210.0,239948.0
2025-10-21,1,ＳＰＡＭむすび　玉子焼き,1142.61,1371,320.0,365635.0
2025-10-21,1,蒸し鶏ラー油ネギ冷うどん,1142.61,1371,499.0,570162.0
2025-10-21,1,大きな具材ミックスサント,1142.61,1371,399.0,455901.0
2025-10-21,1,手巻寿司　梅ゆかり納豆,1142.61,1371,189.0,215953.0
2025-10-21,1,大きいバウムクーヘン,1142.61,1371,221.0,252517.0
2025-10-21,1,パリジャン　ハム＆チーズ,1142.61,1371,350.0,399913.0
2025-10-21,1,大きいフィナンシェ,1142.61,1371,221.0,252517.0
2025-10-21,1,◎メロンクリームパン４,1142.61,1371,156.0,178247.0
2025-10-21,1,サンド寿司　まぐろたたき,1142.61,1371,332.0,379347.0
2025-10-21,1,白いたべっ子おさつバター,1142.61,1371,180.0,205670.0
2025-10-21,1,大きなたまごづくしサンド,1142.61,1371,369.0,421623.0
2025-10-21,1,ウィルキンソンマスカット,1142.61,1371,138.0,157680.0
2025-10-21,1,◎北海道メロンのコロネ,1142.61,1371,135.0,154252.0
2025-10-21,1,ミニプラグ用イヤホン,1142.61,1371,1528.0,1745908.0
2025-10-21,1,マスカットのど飴小袋,1142.61,1371,138.0,157680.0
2025-10-21,1,じゃがりこＬヤンニョム,1142.61,1371,218.0,249089.0
2025-10-21,1,カレーコロッケバ－ガ－（,1142.61,1371,167.0,190816.0
2025-10-21,1,檸檬堂白ぶどうレモン３５,1142.61,1371,160.0,182818.0
2025-10-21,1,増量麻婆豆腐ごはん,1142.61,1371,462.0,527886.0
2025-10-21,1,ファミマ・ザ・ナポリタン,1142.61,1371,406.0,463900.0
2025-10-21,1,フルーチェグミイチゴ,1142.61,1371,184.0,210240.0
2025-10-21,1,ガルボチョコパウチ,1142.61,1371,270.0,308505.0
2025-10-21,1,冷たいパスタチキンバジル,1142.61,1371,499.0,570162.0
2025-10-21,1,ポケピファンポッチャマ,1142.61,1371,3164.0,3615218.0
2025-10-21,1,チキングリル弁当,1142.61,1371,555.0,634149.0
2025-10-21,1,辛口回鍋肉焼そば,1142.61,1371,536.0,612439.0
2025-10-21,1,パステルのプリンマドレー,1142.61,1371,220.0,251374.0
2025-10-21,1,ピュアポテト塩と岩塩,1142.61,1371,155.0,177105.0
2025-10-21,1,いちごミルク,1142.61,1371,269.0,307362.0
2025-10-21,1,甘辛醤油たれ唐揚弁当,1142.61,1371,555.0,634149.0
2025-10-21,1,ワンピカード意志,1142.61,1371,200.0,228522.0
2025-10-21,1,ビオレトラベルセット,1142.61,1371,620.0,708418.0
2025-10-21,1,ノンオイル青じそドレッシ,1142.61,1371,28.0,31993.0
2025-10-21,1,◎プリンみたいなパンケー,1142.61,1371,138.0,157680.0
2025-10-21,1,１９６王林３５０,1142.61,1371,161.0,183960.0
2025-10-21,1,オイコス　プレーン加糖,1142.61,1371,179.0,204527.0
2025-10-21,1,ＩＱＯＳｉＤバイオレット,1142.61,1371,6346.0,7251003.0
2025-10-21,1,柿安監修　牛すきおむすび,1142.61,1371,258.0,294793.0
2025-10-21,1,ＧＩＮＯＮレモン３５０,1142.61,1371,167.0,190816.0
2025-10-21,1,◎ラベルレス天然水安曇箱,1142.61,1371,489.0,558736.0
2025-10-21,1,一番搾り糖質ゼロ３５０,1142.61,1371,216.0,246804.0
2025-10-21,1,オニポテスナック,1142.61,1371,248.0,283367.0
2025-10-21,1,しゃりｉｎグミみかん,1142.61,1371,168.0,191958.0
2025-10-21,1,ググッタＳマスカット味,1142.61,1371,199.0,227379.0
2025-10-21,1,とろみーグミぶどう味,1142.61,1371,184.0,210240.0
2025-10-21,1,果汁グミシチリアレモン,1142.61,1371,152.0,173677.0
2025-10-21,1,◎ベーコン＆チーズデニッ,1142.61,1371,158.0,180532.0
2025-10-21,1,桃マカロン,1142.61,1371,249.0,284510.0
2025-10-21,1,梅蒸し鶏あったかそうめん,1142.61,1371,399.0,455901.0
2025-10-21,1,千里眼　ニンニクまぜそば,1142.61,1371,647.0,739269.0
2025-10-21,1,ナッツフルーツカッサータ,1142.61,1371,258.0,294793.0
2025-10-21,1,ＳＤブラックピンク３５０,1142.61,1371,216.0,246804.0
2025-10-21,1,大きな　鮭マヨと生たらこ,1142.61,1371,276.0,315360.0
2025-10-21,1,クリーミーほうじ茶ラテ,1142.61,1371,181.0,206812.0
2025-10-21,1,ハムカツサンド,1142.61,1371,297.0,339355.0
2025-10-21,1,◎たまご蒸しパン４個入,1142.61,1371,172.0,196529.0
2025-10-21,1,しゃりぷにょ梅グミ,1142.61,1371,170.0,194244.0
2025-10-21,1,もちゅグミ温州みかん味,1142.61,1371,184.0,210240.0
2025-10-21,1,むちもっちバナナグミ,1142.61,1371,180.0,205670.0
2025-10-21,1,プリン！？シュー,1142.61,1371,138.0,157680.0
2025-10-21,1,◎ジュワっとしたチーズ塩,1142.61,1371,139.0,158823.0
2025-10-21,1,たっぷりハムサンド,1142.61,1371,323.0,369063.0
2025-10-21,1,野菜生活マスカット,1142.61,1371,118.0,134828.0
2025-10-21,1,◎たっぷりマロンクリーム,1142.61,1371,147.0,167964.0
2025-10-21,1,◎生スコーン６個入（スイ,1142.61,1371,172.0,196529.0
2025-10-21,1,モンブランのサンダー,1142.61,1371,50.0,57130.0
2025-10-21,1,にじピグチップスうすしお,1142.61,1371,230.0,262800.0
2025-10-21,1,◎バウムクーヘン（４）,1142.61,1371,239.0,273084.0
2025-10-21,1,ブルーベリーサンド,1142.61,1371,195.0,222809.0
2025-10-21,1,ハガキフリー,1142.61,1371,200.0,228522.0
2025-10-21,1,ＢＩＯ　ブルーベリーミッ,1142.61,1371,168.0,191958.0
2025-10-21,1,半熟玉子冷ぶっかけうどん,1142.61,1371,399.0,455901.0
2025-10-21,1,ヴイックスのど飴シトラス,1142.61,1371,238.0,271941.0
2025-10-21,1,多当　　御見舞,1142.61,1371,87.0,99407.0
2025-10-21,1,しゃり蔵ザクザクッラー油,1142.61,1371,120.0,137113.0
2025-10-21,1,赤肉メロンミルク,1142.61,1371,267.0,305077.0
2025-10-21,1,完熟トマトベーコンパスタ,1142.61,1371,536.0,612439.0
2025-10-21,1,ＰＧスイートチリＳ缶,1142.61,1371,168.0,191958.0
2025-10-21,1,唐揚巻（マヨネーズ付）,1142.61,1371,462.0,527886.0
2025-10-21,1,クリーム＆コーヒーゼリー,1142.61,1371,135.0,154252.0
2025-10-21,1,ＵＳＢ－Ｃ電池式６本,1142.61,1371,1800.0,2056698.0
2025-10-21,1,甜面醤の旨ジャージャー麺,1142.61,1371,499.0,570162.0
2025-10-21,1,パリジャンサンドチキンべ,1142.61,1371,350.0,399913.0
2025-10-21,1,ケントＮＳスムースＦ,1142.61,1371,500.0,571305.0
2025-10-21,1,スパイシーチキン野菜サラ,1142.61,1371,554.0,633006.0
2025-10-21,1,充電器５０００ｍＡｈ,1142.61,1371,2982.0,3407263.0
2025-10-21,1,キャラパキ発掘恐竜,1142.61,1371,110.0,125687.0
2025-10-21,1,食べマスおぱんちゅうさぎ,1142.61,1371,350.0,399913.0
2025-10-21,1,海老マヨネーズおむすび,1142.61,1371,239.0,273084.0
2025-10-21,1,さけるグミハロウィン,1142.61,1371,120.0,137113.0
2025-10-21,1,◎シャルドネ香るティー,1142.61,1371,110.0,125687.0
2025-10-21,1,スニッカーズハーフＳアー,1142.61,1371,158.0,180532.0
2025-10-21,1,大きな　肉そぼろ卵黄ソー,1142.61,1371,297.0,339355.0
2025-10-21,1,ヱビス和奏３５０,1142.61,1371,272.0,310790.0
2025-10-21,1,タフグミＰＲＯローヤル,1142.61,1371,359.0,410197.0
2025-10-21,1,ヴァルトメンソールＣＬ,1142.61,1371,528.0,603298.0
2025-10-21,1,グロー・ヒーロ・ルビー,1142.61,1371,3619.0,4135106.0
2025-10-21,1,◎サクサク食感のミニチ５,1142.61,1371,184.0,210240.0
2025-10-21,1,ＧＯＤＩＶＡドリンク,1142.61,1371,397.0,453616.0
2025-10-21,1,伝説のケバブ風味ポテトＣ,1142.61,1371,193.0,220524.0
2025-10-21,1,北海道なまらでっかいシュ,1142.61,1371,315.0,359922.0
2025-10-21,1,クラッシュ蒟蒻畑みかん味,1142.61,1371,183.0,209098.0
2025-10-21,1,ＦＭオリジナル安食ロール,1142.61,1371,369.0,421623.0
2025-10-21,1,レッツハロウィンつぶグミ,1142.61,1371,158.0,180532.0
2025-10-21,1,◎ピリ辛明太フランス（か,1142.61,1371,135.0,154252.0
2025-10-21,1,◎和風ツナパン,1142.61,1371,135.0,154252.0
2025-10-21,1,ハラペーニョチキンチェダ,1142.61,1371,443.0,506176.0
2025-10-21,1,全粒粉サラダチキンとハム,1142.61,1371,369.0,421623.0
2025-10-21,1,◎ピスタチオいちごケーキ,1142.61,1371,230.0,262800.0
2025-10-21,1,焼ベーコン寿司,1142.61,1371,230.0,262800.0
2025-10-21,1,ちいかわ黒猫ミニバッグ,1142.61,1371,1000.0,1142610.0
2025-10-21,1,ごろっと白桃ケーキ,1142.61,1371,297.0,339355.0
2025-10-21,1,さくふわきなこもちぼーる,1142.61,1371,150.0,171391.0
2025-10-21,1,◎白生コッペパン（レアチ,1142.61,1371,153.0,174819.0
2025-10-21,1,秋のフルーツこれ一本,1142.61,1371,118.0,134828.0
2025-10-21,1,◎キャラメルバニラメロン,1142.61,1371,172.0,196529.0
2025-10-21,1,３１マスコットつきグミ２,1142.61,1371,350.0,399913.0
2025-10-21,1,◎ショコラクッキー,1142.61,1371,212.0,242233.0
2025-10-21,1,ピュレグミＰふじりんご,1142.61,1371,180.0,205670.0
2025-10-21,1,たぬきおむすび,1142.61,1371,138.0,157680.0
2025-10-21,1,わた雪みたいなレアチーズ,1142.61,1371,315.0,359922.0
2025-10-21,1,スイートポテトスティック,1142.61,1371,212.0,242233.0
2025-10-21,1,ハリボープリマヴェーラ,1142.61,1371,198.0,226237.0
2025-10-21,1,ザバスミルクキャラメル,1142.61,1371,222.0,253659.0
2025-10-21,1,パーラメントＥＸＬ１００,1142.61,1371,564.0,644432.0
2025-10-21,1,チャーシュー冷しまぜそば,1142.61,1371,599.0,684423.0
2025-10-21,1,氷結無糖ゆずＳＰ３５０,1142.61,1371,168.0,191958.0
2025-10-21,1,スティックモンブラン,1142.61,1371,249.0,284510.0
2025-10-21,1,１９６無糖ピンクＧＦ３５,1142.61,1371,161.0,183960.0
2025-10-21,1,◎アールグレイクロワッサ,1142.61,1371,172.0,196529.0
2025-10-21,1,ラーメン荘　豚ラーメン,1142.61,1371,647.0,739269.0
2025-10-21,1,◎ハムチーズデニッシュ４,1142.61,1371,184.0,210240.0
2025-10-21,1,ヴァルトダークタバコ,1142.61,1371,528.0,603298.0
2025-10-21,1,ヴァルトメロンクリック,1142.61,1371,528.0,603298.0
2025-10-21,1,ドラキュラへんしんグミ,1142.61,1371,350.0,399913.0
2025-10-21,1,わさびいなり寿司,1142.61,1371,178.0,203385.0
2025-10-21,1,ちいかわ花占いグミ,1142.61,1371,230.0,262800.0
2025-10-21,1,ねぎ塩チキン醤油まぶし飯,1142.61,1371,555.0,634149.0
2025-10-21,1,紫いもミルクティー,1142.61,1371,190.0,217096.0
2025-10-21,1,ＢＳラーメン柿の種ミック,1142.61,1371,110.0,125687.0
2025-10-21,1,焼まろん,1142.61,1371,215.0,245661.0
2025-10-21,1,ウィルキンソンＥＸ　ＧＦ,1142.61,1371,117.0,133685.0
2025-10-21,1,ミンティア瀬戸田レモン,1142.61,1371,105.0,119974.0
2025-10-21,1,北海道リッチミルクプリン,1142.61,1371,399.0,455901.0
2025-10-21,1,焼ほし芋,1142.61,1371,195.0,222809.0
2025-10-21,1,冷しすだちおろしうどん,1142.61,1371,510.0,582731.0
2025-10-21,1,テリヤキチキンのサラダ,1142.61,1371,397.0,453616.0
2025-10-21,1,和牛カラムーチョわさび,1142.61,1371,155.0,177105.0
2025-10-21,1,きのことベーコンのドリア,1142.61,1371,526.0,601013.0
2025-10-21,1,ｂｉｔｌｏｔガンダム,1142.61,1371,680.0,776975.0
2025-10-21,1,ポケカメガゲンガーｅｘ,1142.61,1371,1637.0,1870453.0
2025-10-21,1,ポケカメガディアンシー,1142.61,1371,1637.0,1870453.0
2025-10-21,1,◎トマトコンソメスープ,1142.61,1371,350.0,399913.0
2025-10-21,1,◎４種きのこクリームスー,1142.61,1371,426.0,486752.0
2025-10-21,1,Ａｐｐｌｅチャージ,1142.61,1371,10500.0,11997405.0
2025-10-21,1,ＨＷ変顔キャンディ,1142.61,1371,400.0,457044.0
2025-10-21,1,週末版ジャパンタイムズ,1142.61,1371,364.0,415910.0
2025-10-21,1,魚ギョッと釣りグミ,1142.61,1371,70.0,79983.0
2025-10-21,1,じゃりむちグミピーチＳ,1142.61,1371,175.0,199957.0
2025-10-21,1,スターバックス　ブラック,1142.61,1371,168.0,191958.0
2025-10-21,1,フリスクＦＦみかん,1142.61,1371,278.0,317646.0
2025-10-21,1,アップルパンチ３５０,1142.61,1371,161.0,183960.0
2025-10-21,1,山ちゃん監修　海老天むす,1142.61,1371,276.0,315360.0
2025-10-21,1,スヌーピークッキーサンド,1142.61,1371,369.0,421623.0
2025-10-21,1,◎塩バターケーキタルト,1142.61,1371,147.0,167964.0
2025-10-21,1,ＳＰＡＭ　玉子焼き明太子,1142.61,1371,369.0,421623.0
2025-10-21,1,ヴァルトＩメンソールＣＬ,1142.61,1371,528.0,603298.0
2025-10-21,1,スターバックスカフェラテ,1142.61,1371,178.0,203385.0
2025-10-21,1,グローＨＧブラック,1142.61,1371,1346.0,1537953.0
2025-10-21,1,ガイコツグミグレープ味,1142.61,1371,230.0,262800.0
2025-10-21,1,モンストロマーブルガム,1142.61,1371,100.0,114261.0
2025-10-21,1,ぷっちょ袋ＨＷアソート,1142.61,1371,210.0,239948.0
2025-10-21,1,宇都宮線・高崎線チップス,1142.61,1371,156.0,178247.0
2025-10-21,1,つくねおむすび,1142.61,1371,276.0,315360.0
2025-10-21,1,ヴァルトＩベリークリック,1142.61,1371,528.0,603298.0
2025-10-21,1,おーいお茶濃茶ストロング,1142.61,1371,158.0,180532.0
2025-10-21,1,ちぎれるブリオッシュパン,1142.61,1371,147.0,167964.0
2025-10-21,1,鮭金ごまおむすび,1142.61,1371,139.0,158823.0
2025-10-21,1,ピュレグミラ・フランス,1142.61,1371,150.0,171391.0
2025-10-21,1,チュッパサワーバイトグミ,1142.61,1371,158.0,180532.0
2025-10-21,1,味付海苔　ベーコンマヨ,1142.61,1371,184.0,210240.0
2025-10-21,1,バナナカスタードブリュレ,1142.61,1371,350.0,399913.0
2025-10-21,1,◎生コッペパン（オムナポ,1142.61,1371,184.0,210240.0
2025-10-21,1,◎伊右衛門　濃い緑茶,1142.61,1371,121.0,138256.0
2025-10-21,1,チョコクリームたい焼き,1142.61,1371,176.0,201099.0
2025-10-21,1,専スヌーピーチョコドーナ,1142.61,1371,156.0,178247.0
2025-10-21,1,ヴァルトベリークリック,1142.61,1371,528.0,603298.0
2025-10-21,1,鶏天うどん,1142.61,1371,599.0,684423.0
2025-10-21,1,チキンカツサンド,1142.61,1371,399.0,455901.0
2025-10-21,1,ルーシーのレモネード,1142.61,1371,184.0,210240.0
2025-10-21,1,ブルガリアＹＯさくらんぼ,1142.61,1371,195.0,222809.0
2025-10-21,1,たべっ子ラムネみかん,1142.61,1371,150.0,171391.0
2025-10-21,1,さつまりこ焼きいも,1142.61,1371,185.0,211383.0
2025-10-21,1,◎焦がしバターのクロワッ,1142.61,1371,121.0,138256.0
2025-10-21,1,モッチ生ドーナツ生チョコ,1142.61,1371,184.0,210240.0
2025-10-21,1,カンデミーナＳＰベスト,1142.61,1371,200.0,228522.0
2025-10-21,1,ＦチャーリーＢロール,1142.61,1371,165.0,188531.0
2025-10-21,1,ルックア・ラ・モード,1142.61,1371,200.0,228522.0
2025-10-21,1,ルックホワイトラバーズ,1142.61,1371,200.0,228522.0
2025-10-21,1,くりーむパン　和栗,1142.61,1371,269.0,307362.0
2025-10-21,1,Ｐルックシャインマスカッ,1142.61,1371,270.0,308505.0
2025-10-21,1,海老とブロッコリーロール,1142.61,1371,369.0,421623.0
2025-10-21,1,かぶり寿司　旨辛唐揚げ巻,1142.61,1371,283.0,323359.0
2025-10-21,1,Ｐルック生キャラメル,1142.61,1371,270.0,308505.0
2025-10-21,1,来来亭監修　冷し中華,1142.61,1371,554.0,633006.0
2025-10-21,1,野菜生活Ｓアサイーバナナ,1142.61,1371,178.0,203385.0
2025-10-21,1,ポテトＣ感謝のほたてしお,1142.61,1371,157.0,179390.0
2025-10-21,1,ぷっちょＳＴ有田みかん,1142.61,1371,118.0,134828.0
2025-10-21,1,ａｍｉ活ゼリーピングレ味,1142.61,1371,210.0,239948.0
2025-10-21,1,ベーコンとレタスのサラダ,1142.61,1371,332.0,379347.0
2025-10-21,1,カカオ味わうショコララテ,1142.61,1371,230.0,262800.0
2025-10-21,1,スッパイマンちいかわ一番,1142.61,1371,200.0,228522.0
2025-10-21,1,天津あんかけ焼そば,1142.61,1371,554.0,633006.0
2025-10-21,1,ヴァルトミントクリック,1142.61,1371,528.0,603298.0
2025-10-21,1,生パスタ　カルボナーラ,1142.61,1371,499.0,570162.0
2025-10-21,1,プルームオーラＪブラック,1142.61,1371,2710.0,3096473.0
2025-10-21,1,帆立と鰹の昆布水つけ麺,1142.61,1371,600.0,685566.0
2025-10-21,1,秋のフルーツスムージー,1142.61,1371,193.0,220524.0
2025-10-21,1,Ｗ・Ｃホワイト５・１０Ｐ,1142.61,1371,4910.0,5610215.0
2025-10-21,1,ＧＰｌａｙ１００００,1142.61,1371,10000.0,11426100.0
2025-10-21,1,白身フライごはん,1142.61,1371,276.0,315360.0
2025-10-21,1,カルピス　Ｐグレープ,1142.61,1371,170.0,194244.0
2025-10-21,1,◎なすトマトソースグラタ,1142.61,1371,508.0,580446.0
2025-10-21,1,０１：ＢＥ：ＦＩＲＳＴ,1142.61,1371,0.0,0.0
2025-10-21,1,コミック乱ツインズ,1142.61,1371,528.0,603298.0
2025-10-21,1,いなり寿司５ヶ入,1142.61,1371,443.0,506176.0
2025-10-21,1,◎根菜入つくね和風スープ,1142.61,1371,406.0,463900.0
2025-10-21,1,もち明太チーズドリア,1142.61,1371,491.0,561022.0
2025-10-21,1,シングルモルト山崎１８０,1142.61,1371,1950.0,2228090.0
2025-10-21,1,グミチョコボールぶどう味,1142.61,1371,199.0,227379.0
2025-10-21,1,Ｈ綾鷹,1142.61,1371,128.0,146254.0
2025-10-21,1,Ｈ伊右衛門５００,1142.61,1371,138.0,157680.0
2025-10-21,1,堅あげポテト鬼旨ブラック,1142.61,1371,190.0,217096.0
2025-10-21,1,三陸産わかめおむすび,1142.61,1371,139.0,158823.0
2025-10-21,1,大きな　チキンとタルタル,1142.61,1371,304.0,347353.0
2025-10-21,1,サンドおむすび炙り焼チキ,1142.61,1371,352.0,402199.0
2025-10-21,1,ベースブレッドさつまいも,1142.61,1371,260.0,297079.0
2025-10-21,1,伊右衛門　京都サイダー,1142.61,1371,158.0,180532.0
2025-10-21,1,紅はるかのスイートポテト,1142.61,1371,264.0,301649.0
2025-10-21,1,スイートポテトロール,1142.61,1371,276.0,315360.0
2025-10-21,1,◎どかっと満足パン（ベー,1142.61,1371,230.0,262800.0
2025-10-21,1,掘って発見スイートポテト,1142.61,1371,341.0,389630.0
2025-10-21,1,メントスＤＵＯブラッドオ,1142.61,1371,163.0,186245.0
2025-10-21,1,カジッテミカン＆レモン,1142.61,1371,228.0,260515.0
2025-10-21,1,大盛！野菜スティック,1142.61,1371,369.0,421623.0
2025-10-21,1,スーパー大麦　梅ひじき,1142.61,1371,175.0,199957.0
2025-10-21,1,野菜生活北海道メロン,1142.61,1371,138.0,157680.0
2025-10-21,1,おーいお茶濃い茶１Ｌ,1142.61,1371,176.0,201099.0
2025-10-21,1,カジッテグレープ＆マスカ,1142.61,1371,228.0,260515.0
2025-10-21,1,生パスタ海老トマトクリム,1142.61,1371,508.0,580446.0
2025-10-21,1,◎スイートポテトタルトデ,1142.61,1371,158.0,180532.0
2025-10-21,1,青磯海苔　まぐろたたき,1142.61,1371,199.0,227379.0
2025-10-21,1,◎スイートポテト蒸しケ４,1142.61,1371,176.0,201099.0
2025-10-21,1,まいたけおこわ,1142.61,1371,185.0,211383.0
2025-10-21,1,◎どかっとパン（テリマヨ,1142.61,1371,135.0,154252.0
2025-10-21,1,鎌倉コロッケサンド,1142.61,1371,297.0,339355.0
2025-10-21,1,◎生フランスパン（おいも,1142.61,1371,156.0,178247.0
2025-10-21,1,◎おいものパウンドケーキ,1142.61,1371,167.0,190816.0
2025-10-21,1,ワイルドターキーＨＢ３５,1142.61,1371,238.0,271941.0
2025-10-21,1,サラダチキンのサラダ,1142.61,1371,239.0,273084.0
2025-10-21,1,ハムチーズとツナサンド,1142.61,1371,323.0,369063.0
2025-10-21,1,◎はちみつすいーとぽてと,1142.61,1371,176.0,201099.0
2025-10-21,1,ロリポップＣちいかわ黒猫,1142.61,1371,300.0,342783.0
2025-10-21,1,◎おいものマドレーヌ,1142.61,1371,167.0,190816.0
2025-10-21,1,シャンゴ監修　ベスビオ,1142.61,1371,582.0,664999.0
2025-10-21,1,ポケカ拡張　ロケット団,1142.61,1371,164.0,187388.0
2025-10-21,1,手巻寿司　３種のねばねば,1142.61,1371,190.0,217096.0
2025-10-21,1,グミチョコボール苺,1142.61,1371,199.0,227379.0
2025-10-21,1,増量３色そぼろ＆チキン南,1142.61,1371,580.0,662714.0
2025-10-21,1,◎紅はるかのおいもチップ,1142.61,1371,198.0,226237.0
2025-10-21,1,お手軽！冷しぶっかけそば,1142.61,1371,276.0,315360.0
2025-10-21,1,極上はちみつ紅茶Ｃ小袋,1142.61,1371,125.0,142826.0
2025-10-21,1,福かまど　べこ餅,1142.61,1371,165.0,188531.0
2025-10-21,1,ねぎたっぷり！豚肉そば,1142.61,1371,554.0,633006.0
2025-10-21,1,ヱビスビール３５０,1142.61,1371,254.0,290223.0
2025-10-21,1,Ｃ玄米プラス　アーモンド,1142.61,1371,180.0,205670.0
2025-10-21,1,お月見タルト　カスタード,1142.61,1371,276.0,315360.0
2025-10-21,1,爽健美茶　６００,1142.61,1371,158.0,180532.0
2025-10-21,1,鳴門金時ラテ,1142.61,1371,267.0,305077.0
2025-10-21,1,ｉｎゼリーＶカロリーゼロ,1142.61,1371,210.0,239948.0
2025-10-21,1,ヘパリーゼＷハイパー,1142.61,1371,380.0,434192.0
2025-10-21,1,増量特製ダレの炙り焼牛カ,1142.61,1371,625.0,714131.0
2025-10-21,1,増量明太海苔弁当,1142.61,1371,555.0,634149.0
2025-10-21,1,ヤクルトＹ１０００,1142.61,1371,150.0,171391.0
2025-10-21,1,クラッシュ蒟蒻畑ぶどう味,1142.61,1371,183.0,209098.0
2025-10-21,1,ブルガリアＹＯブルーベ,1142.61,1371,168.0,191958.0
2025-10-21,1,ビューティチャージハニー,1142.61,1371,548.0,626150.0
2025-10-21,1,ミックスアイスプラス,1142.61,1371,464.0,530171.0
2025-10-21,1,ＡｐｐｌｅＧＣ＿１万,1142.61,1371,10000.0,11426100.0
2025-10-21,1,馬サブロー,1142.61,1371,500.0,571305.0
2025-10-21,1,コロロ二十世紀梨,1142.61,1371,148.0,169106.0
2025-10-21,1,海老とあさりのスパゲティ,1142.61,1371,499.0,570162.0
2025-10-21,1,ライフガード５００,1142.61,1371,150.0,171391.0
2025-10-21,1,ブロックロス　ユニコーン,1142.61,1371,1700.0,1942437.0
2025-10-21,1,Ｈジョージア　カフェラテ,1142.61,1371,148.0,169106.0
2025-10-21,1,サッポロラガービール３５,1142.61,1371,216.0,246804.0
2025-10-21,1,手巻　チャーシューマヨ,1142.61,1371,185.0,211383.0
2025-10-21,1,大きなおむすび　鮭昆布,1142.61,1371,239.0,273084.0
2025-10-21,1,だし醤油まぶし飯海苔佃煮,1142.61,1371,156.0,178247.0
2025-10-21,1,忍者めし鉄の鎧グレープ味,1142.61,1371,160.0,182818.0
2025-10-21,1,ＢＳラーメン丸銀だこ,1142.61,1371,160.0,182818.0
2025-10-21,1,フェットチーネマスカット,1142.61,1371,112.0,127972.0
2025-10-21,1,ラインＳ２５秋の色黒小,1142.61,1371,390.0,445618.0
2025-10-21,1,ミルクブッセ,1142.61,1371,93.0,106263.0
2025-10-21,1,コーヒーブッセ,1142.61,1371,93.0,106263.0
2025-10-21,1,Ｈ伊右衛門焙じ茶,1142.61,1371,138.0,157680.0
2025-10-21,1,Ｈジョージア　ブラック,1142.61,1371,138.0,157680.0
2025-10-21,1,カフェオレクリームサンド,1142.61,1371,121.0,138256.0
2025-10-21,1,キレートレモンクエン酸,1142.61,1371,175.0,199957.0
2025-10-21,1,チョコパイとろ甘キャラメ,1142.61,1371,138.0,157680.0
2025-10-21,1,午後フルーツティ白ぶどう,1142.61,1371,158.0,180532.0
2025-10-21,1,午後フルーツティオレンジ,1142.61,1371,158.0,180532.0
2025-10-21,1,チョコパイほろ苦ダークカ,1142.61,1371,138.0,157680.0
2025-10-21,1,ガルボほろにがブラックＰ,1142.61,1371,175.0,199957.0
2025-10-21,1,スイートポテト＆ホイップ,1142.61,1371,348.0,397628.0
2025-10-21,1,白玉入りお芋のどら焼き,1142.61,1371,195.0,222809.0
2025-10-21,1,ピザサンド　さつまいも,1142.61,1371,306.0,349639.0
2025-10-21,1,カフェラッテクリーミーラ,1142.61,1371,181.0,206812.0
2025-10-21,1,ふわしゅわショコラスフレ,1142.61,1371,258.0,294793.0
2025-10-21,1,◎クロワッサンワッフル,1142.61,1371,167.0,190816.0
2025-10-21,1,ジャックジンジャーＨＢ３,1142.61,1371,210.0,239948.0
2025-10-21,1,たまご＆海老ブロサンド,1142.61,1371,348.0,397628.0
2025-10-21,1,◎チーズインてりやきバー,1142.61,1371,184.0,210240.0
2025-10-21,1,のむココナッツ杏仁,1142.61,1371,276.0,315360.0
2025-10-21,1,たまごっち　まんまる焼き,1142.61,1371,232.0,265086.0
2025-10-21,1,大粒ラムネ濃い果実ぶどう,1142.61,1371,133.0,151967.0
2025-10-21,1,ブロックロスジークアクス,1142.61,1371,1700.0,1942437.0
2025-10-21,1,サンド寿司サーモンチーズ,1142.61,1371,332.0,379347.0
2025-10-21,1,ダースミルク,1142.61,1371,191.0,218239.0
2025-10-21,1,ショコラキャラメルタルト,1142.61,1371,230.0,262800.0
2025-10-21,1,大きなつくねの醤油パスタ,1142.61,1371,510.0,582731.0
2025-10-21,1,コーンのバター醤油パスタ,1142.61,1371,426.0,486752.0
2025-10-21,1,◎グリルＣヨシダテリヤキ,1142.61,1371,232.0,265086.0
2025-10-21,1,スプバレ豊潤ラガー３５０,1142.61,1371,245.0,279939.0
2025-10-21,1,ハリボーハッピーグレープ,1142.61,1371,198.0,226237.0
2025-10-21,1,野菜を食べよう　タンメン,1142.61,1371,554.0,633006.0
2025-10-21,1,たべっ子グミグレープ＆マ,1142.61,1371,200.0,228522.0
2025-10-21,1,バヤリース果実のど飴,1142.61,1371,220.0,251374.0
2025-10-21,1,豚焼肉弁当（マヨネーズ付,1142.61,1371,499.0,570162.0
2025-10-21,1,ｈａｎａキンモクセイ,1142.61,1371,698.0,797542.0
2025-10-21,1,ちいかわひやキャラ,1142.61,1371,280.0,319931.0
2025-10-21,1,４Ｄグミサンリオキャラ,1142.61,1371,180.0,205670.0
2025-10-21,1,オイコス　ピーチ,1142.61,1371,189.0,215953.0
2025-10-21,1,サンリオグミチュアチャー,1142.61,1371,350.0,399913.0
2025-10-21,1,ブラックサンダー至福のバ,1142.61,1371,60.0,68557.0
2025-10-21,1,その他４口座売上,1142.61,1371,164.0,187388.0
2025-10-21,1,１日分Ｖゼリーピーチ,1142.61,1371,218.0,249089.0
2025-10-21,1,うるおいトラベルセット,1142.61,1371,1680.0,1919585.0
2025-10-21,1,ポップアップス！ハチワレ,1142.61,1371,390.0,445618.0
2025-10-21,1,ポップアップス！うさぎ,1142.61,1371,390.0,445618.0
2025-10-21,1,コロロ巨峰,1142.61,1371,148.0,169106.0
2025-10-21,1,◎ロングデニッシュ（バタ,1142.61,1371,121.0,138256.0
2025-10-21,1,麻辣湯（はるさめ麺）,1142.61,1371,554.0,633006.0
2025-10-21,1,◎ふくちゃん豚骨どんぶり,1142.61,1371,297.0,339355.0
2025-10-21,1,ポケカ拡張インフェルノ,1142.61,1371,164.0,187388.0
2025-10-21,1,５種チーズのドリア,1142.61,1371,499.0,570162.0
2025-10-21,1,新金封　結ちどり,1142.61,1371,500.0,571305.0
2025-10-21,1,チップスターＳバター味,1142.61,1371,158.0,180532.0
2025-10-21,1,レンジかき揚げそば,1142.61,1371,462.0,527886.0
2025-10-21,1,モッチュＳマスカット,1142.61,1371,148.0,169106.0
2025-10-21,1,まるごと和なしのど飴小袋,1142.61,1371,128.0,146254.0
2025-10-21,1,ガルボ紫いもＰＫＰ,1142.61,1371,175.0,199957.0
2025-10-21,1,クランキーＰＪストロベリ,1142.61,1371,175.0,199957.0
2025-10-21,1,漬けぶりおむすび,1142.61,1371,249.0,284510.0
2025-10-21,1,ライオンコーヒーブラック,1142.61,1371,168.0,191958.0
2025-10-21,1,ライオンコーヒカフェオレ,1142.61,1371,178.0,203385.0
2025-10-21,1,◎芋きんつば,1142.61,1371,184.0,210240.0
2025-10-21,1,たっぷりコーンマヨネーズ,1142.61,1371,297.0,339355.0
2025-10-21,1,◎肉たっぷり７種具材豚汁,1142.61,1371,369.0,421623.0
2025-10-21,1,Ｐガーナトリュフキャラメ,1142.61,1371,325.0,371348.0
2025-10-21,1,マミー風味シュークリーム,1142.61,1371,167.0,190816.0
2025-10-21,1,背徳　月見台湾風まぜそば,1142.61,1371,647.0,739269.0
2025-10-21,1,メキシカンチキン雑穀,1142.61,1371,462.0,527886.0
2025-10-21,1,森永れん乳風味クレープ,1142.61,1371,239.0,273084.0
2025-10-21,1,◎ふわもち食感のメープル,1142.61,1371,135.0,154252.0
2025-10-21,1,ライトニング電池充電器,1142.61,1371,2164.0,2472608.0
2025-10-21,1,大きな　月見おむすびマヨ,1142.61,1371,304.0,347353.0
2025-10-21,1,あなご寿司,1142.61,1371,255.0,291366.0
2025-10-21,1,とろ生おいもチーズケーキ,1142.61,1371,230.0,262800.0
2025-10-21,1,きつねおむすび,1142.61,1371,147.0,167964.0
2025-10-21,1,チキンチェダーたまご,1142.61,1371,452.0,516460.0
2025-10-21,1,◎ミニベーコンピザパン４,1142.61,1371,212.0,242233.0
2025-10-21,1,◎ミルクツイスト３本入,1142.61,1371,144.0,164536.0
2025-10-21,1,◎ルイボスティー６００,1142.61,1371,110.0,125687.0
2025-10-21,1,野菜生活青森りんご,1142.61,1371,118.0,134828.0
2025-10-21,1,専おかず全部乗せ！お弁当,1142.61,1371,323.0,369063.0
2025-10-21,1,１９６無糖３種の果実３５,1142.61,1371,161.0,183960.0
2025-10-21,1,◎生コッペパン（モンブラ,1142.61,1371,135.0,154252.0
2025-10-21,1,月見うさぎ,1142.61,1371,90.0,102835.0
2025-10-21,1,◎芋あん豆大福,1142.61,1371,165.0,188531.0
2025-10-21,1,エナジーの塊,1142.61,1371,199.0,227379.0
2025-10-21,1,ちいかわチャームグミ,1142.61,1371,380.0,434192.0
2025-10-21,1,◎ロングスティックパン（,1142.61,1371,158.0,180532.0
2025-10-21,1,いちごドーナツ棒１本,1142.61,1371,74.0,84553.0
2025-10-21,1,マカダミアチョコ沖縄黒糖,1142.61,1371,333.0,380489.0
2025-10-21,1,カフェラッテ,1142.61,1371,181.0,206812.0
2025-10-21,1,グミっちょ夕張メロン,1142.61,1371,238.0,271941.0
2025-10-21,1,◎ボロネーゼ風ラザニア,1142.61,1371,369.0,421623.0
2025-10-21,1,ガパオまぜごはん,1142.61,1371,163.0,186245.0
2025-10-21,1,今治ＴＨ斜ＳＴ　Ｔ紺,1142.61,1371,600.0,685566.0
2025-10-21,1,ＳＤドライクリスタル３５,1142.61,1371,216.0,246804.0
2025-10-21,1,◎ふわふわアソートリン４,1142.61,1371,193.0,220524.0
2025-10-21,1,月見チーズバーガー,1142.61,1371,399.0,455901.0
2025-10-21,1,厚切りロースカツサンド,1142.61,1371,426.0,486752.0
2025-10-21,1,きのこの山ポケットパック,1142.61,1371,161.0,183960.0
2025-10-21,1,暴君ハバネロ１５０粒ハバ,1142.61,1371,176.0,201099.0
2025-10-21,1,Ｈ午後の紅茶ミルクティー,1142.61,1371,159.0,181675.0
2025-10-21,1,たけのこの里ＰＫＰ,1142.61,1371,161.0,183960.0
2025-10-21,2,しらすおむすび,1134.02,1361,165.0,187113.0
2025-10-21,2,Ｍアーモンドチョコレート,1134.02,1361,305.0,345876.0
2025-10-21,2,龍角散ののどすっきりタブ,1134.02,1361,200.0,226804.0
2025-10-21,2,忍者めし鋼グレープ味,1134.02,1361,148.0,167835.0
2025-10-21,2,◎もちもちくるみパン,1134.02,1361,128.0,145155.0
2025-10-21,2,ｉｎゼリーエネルギー,1134.02,1361,210.0,238144.0
2025-10-21,2,◎白生クロワッサン（ダブ,1134.02,1361,156.0,176907.0
2025-10-21,2,モンスター　リッパー,1134.02,1361,213.0,241546.0
2025-10-21,2,◎レモン香るティーソーダ,1134.02,1361,130.0,147423.0
2025-10-21,2,カルピス　ひんやりライチ,1134.02,1361,160.0,181443.0
2025-10-21,2,カルピスウォーター５００,1134.02,1361,160.0,181443.0
2025-10-21,2,トロピカーナアップル,1134.02,1361,120.0,136082.0
2025-10-21,2,ミンティアＢカルピス,1134.02,1361,211.0,239278.0
2025-10-21,2,◎ボディＰレモンミント,1134.02,1361,350.0,396907.0
2025-10-21,2,薬用リップスティック,1134.02,1361,299.0,339072.0
2025-10-21,2,さらさらシートクール,1134.02,1361,295.0,334536.0
2025-10-21,2,◎のむＹＧアサイーボウル,1134.02,1361,184.0,208660.0
2025-10-21,2,Ｚｅｒｏシート携帯,1134.02,1361,328.0,371959.0
2025-10-21,2,レッドブルエナジー２５０,1134.02,1361,198.0,224536.0
2025-10-21,2,ペパーミント１００ＭＬ,1134.02,1361,200.0,226804.0
2025-10-21,2,ヘアリングゴム黒,1134.02,1361,200.0,226804.0
2025-10-21,2,１日分鉄分のむヨーグルト,1134.02,1361,145.0,164433.0
2025-10-21,2,ザバスミルクココア風味,1134.02,1361,181.0,205258.0
2025-10-21,2,イーラインマスクベージュ,1134.02,1361,299.0,339072.0
2025-10-21,2,ブルガリアＹＯ　苺,1134.02,1361,158.0,179175.0
2025-10-21,2,◎カフェラテレギュラー,1134.02,1361,181.0,205258.0
2025-10-21,2,金のミルクキャンディ,1134.02,1361,221.0,250618.0
2025-10-21,2,ミンティアＢリフレッシュ,1134.02,1361,211.0,239278.0
2025-10-21,2,邪払のど飴,1134.02,1361,258.0,292577.0
2025-10-21,2,◎生コッペパン（たまご）,1134.02,1361,128.0,145155.0
2025-10-21,2,キレートクエン酸ゼリー,1134.02,1361,210.0,238144.0
2025-10-21,2,◎もっち歩き（チョコ）,1134.02,1361,125.0,141752.0
2025-10-21,2,ミンティアワイルド＆クー,1134.02,1361,105.0,119072.0
2025-10-21,2,アーモンドＣ香ばしＰＪ,1134.02,1361,175.0,198454.0
2025-10-21,2,ミンティアＢクリスタル,1134.02,1361,211.0,239278.0
2025-10-21,2,ブラックＴひとくちサイズ,1134.02,1361,120.0,136082.0
2025-10-21,2,ジャムグミいちご,1134.02,1361,182.0,206392.0
2025-10-21,2,ぷにキャラグミちいかわ,1134.02,1361,218.0,247216.0
2025-10-21,2,ソルベットグミ白桃味,1134.02,1361,140.0,158763.0
2025-10-21,2,つぶグミカタイソーダ,1134.02,1361,168.0,190515.0
2025-10-21,2,たべっ子グミパイナップル,1134.02,1361,200.0,226804.0
2025-10-21,2,おとうふくんグミ,1134.02,1361,161.0,182577.0
2025-10-21,2,あの日夢見た雲グミ,1134.02,1361,171.0,193917.0
2025-10-21,2,ピュレグミなつももソーダ,1134.02,1361,150.0,170103.0
2025-10-21,2,ポケぷに,1134.02,1361,218.0,247216.0
2025-10-21,2,龍角散のど飴ｍａｘＳＴ,1134.02,1361,160.0,181443.0
2025-10-21,2,忍者めし巨峰,1134.02,1361,125.0,141752.0
2025-10-21,2,即攻元気ゼリー,1134.02,1361,204.0,231340.0
2025-10-21,2,龍角散のど飴スティック,1134.02,1361,140.0,158763.0
2025-10-21,2,のど飴,1134.02,1361,124.0,140618.0
2025-10-21,2,忍者めし鋼マスカット味,1134.02,1361,148.0,167835.0
2025-10-21,2,◎ドライマンゴー,1134.02,1361,276.0,312990.0
2025-10-21,2,◎カリカリ梅無着色小袋,1134.02,1361,184.0,208660.0
2025-10-21,2,大粒ラムネ,1134.02,1361,133.0,150825.0
2025-10-21,2,牛乳パン,1134.02,1361,230.0,260825.0
2025-10-21,2,１本満足プロテイン　ＷＴ,1134.02,1361,171.0,193917.0
2025-10-21,2,シルキータッチ大きめ,1134.02,1361,398.0,451340.0
2025-10-21,2,スマートカラーグレー,1134.02,1361,566.0,641855.0
2025-10-21,2,◎しっとりやわらか食パ６,1134.02,1361,158.0,179175.0
2025-10-21,2,◎ファミマ・ザ・クリーム,1134.02,1361,128.0,145155.0
2025-10-21,2,たまごサンド,1134.02,1361,265.0,300515.0
2025-10-21,2,具だくさん！チキン南蛮,1134.02,1361,221.0,250618.0
2025-10-21,2,具だくさん！チャーシュー,1134.02,1361,215.0,243814.0
2025-10-21,2,キャメＭマスカットＰＬ,1134.02,1361,455.0,515979.0
2025-10-21,2,◎ソフトなチーズクリーム,1134.02,1361,135.0,153093.0
2025-10-21,2,キャメＭベリープルーム,1134.02,1361,455.0,515979.0
2025-10-21,2,◎バタークロワッサンメロ,1134.02,1361,147.0,166701.0
2025-10-21,2,キャメＭコールドプルーム,1134.02,1361,455.0,515979.0
2025-10-21,2,◎チョコチップスナック６,1134.02,1361,135.0,153093.0
2025-10-21,2,◎ファミマ・ザ・メロンパ,1134.02,1361,128.0,145155.0
2025-10-21,2,ラーククラシックＭ,1134.02,1361,491.0,556804.0
2025-10-21,2,ラッキーＥＸカット１４,1134.02,1361,428.0,485361.0
2025-10-21,2,ラッキーＢチルベリー８,1134.02,1361,428.0,485361.0
2025-10-21,2,◎生コッペパン（コロッケ,1134.02,1361,167.0,189381.0
2025-10-21,2,ラッキーストライク,1134.02,1361,564.0,639587.0
2025-10-21,2,◎生コッペパン（焼きそば,1134.02,1361,167.0,189381.0
2025-10-21,2,ラッキーシガリロＳライト,1134.02,1361,428.0,485361.0
2025-10-21,2,◎白生コッペパン（トリプ,1134.02,1361,147.0,166701.0
2025-10-21,2,◎ひと口もち食感チーズ（,1134.02,1361,149.0,168969.0
2025-10-21,2,マルボロ・メン８Ｂ,1134.02,1361,546.0,619175.0
2025-10-21,2,◎もっちパン（ミート＆チ,1134.02,1361,121.0,137216.0
2025-10-21,2,◎お肉たっぷりメンチカツ,1134.02,1361,184.0,208660.0
2025-10-21,2,◎天然水新潟県津南６００,1134.02,1361,110.0,124742.0
2025-10-21,2,◎ミニクリームパン５個入,1134.02,1361,149.0,168969.0
2025-10-21,2,◎ジャスミン茶６００,1134.02,1361,110.0,124742.0
2025-10-21,2,クリームたい焼きカスター,1134.02,1361,165.0,187113.0
2025-10-21,2,アスティーグ肌　Ｍ,1134.02,1361,600.0,680412.0
2025-10-21,2,◎のむヨーグルトプレーン,1134.02,1361,149.0,168969.0
2025-10-21,2,ルーロー飯おむすび,1134.02,1361,194.0,220000.0
2025-10-21,2,グリーンダカラ,1134.02,1361,141.0,159897.0
2025-10-21,2,ウィルキンソン　タンサン,1134.02,1361,112.0,127010.0
2025-10-21,2,チョコラＢＢハイパー,1134.02,1361,380.0,430928.0
2025-10-21,2,◎発酵バター香るチョコク,1134.02,1361,147.0,166701.0
2025-10-21,2,◎ダブルチョコデニッシュ,1134.02,1361,128.0,145155.0
2025-10-21,2,ウコンの力ドリンク,1134.02,1361,191.0,216598.0
2025-10-21,2,リポビタンＤ,1134.02,1361,164.0,185979.0
2025-10-21,2,◎ゴロゴロチョコのクッキ,1134.02,1361,138.0,156495.0
2025-10-21,2,ジョージア　カフェモカ,1134.02,1361,168.0,190515.0
2025-10-21,2,ジョージア　カフェラテ,1134.02,1361,159.0,180309.0
2025-10-21,2,◎しっとりケーキ（チョコ,1134.02,1361,135.0,153093.0
2025-10-21,2,ジョージア　ブラック,1134.02,1361,149.0,168969.0
2025-10-21,2,◎白生フランスパン（つぶ,1134.02,1361,156.0,176907.0
2025-10-21,2,◎天然水長野県安曇野２Ｌ,1134.02,1361,112.0,127010.0
2025-10-21,2,午後の紅茶　レモンティー,1134.02,1361,160.0,181443.0
2025-10-21,2,◎緑茶６００,1134.02,1361,110.0,124742.0
2025-10-21,2,◎ぶどうぱん（シュガーマ,1134.02,1361,128.0,145155.0
2025-10-21,2,◎麦茶６００,1134.02,1361,110.0,124742.0
2025-10-21,2,健康ミネラルむぎ茶,1134.02,1361,158.0,179175.0
2025-10-21,2,◎生スコーン６個入,1134.02,1361,172.0,195051.0
2025-10-21,2,◎アップル香るジャスミン,1134.02,1361,110.0,124742.0
2025-10-21,2,塩バター揚げ焼きくりーむ,1134.02,1361,276.0,312990.0
2025-10-21,2,マルボロ・メン１２Ｂ,1134.02,1361,546.0,619175.0
2025-10-21,2,専ＵＦＯ大盛焼そばパンガ,1134.02,1361,276.0,312990.0
2025-10-21,2,じゃがりこチーズ,1134.02,1361,185.0,209794.0
2025-10-21,2,◎冷やし胡瓜一本漬,1134.02,1361,172.0,195051.0
2025-10-21,2,◎タンスティックレモン,1134.02,1361,184.0,208660.0
2025-10-21,2,メビウスＥＸＬ,1134.02,1361,528.0,598763.0
2025-10-21,2,メビウスＬ,1134.02,1361,528.0,598763.0
2025-10-21,2,メビウスＳＬ１００Ｂ,1134.02,1361,528.0,598763.0
2025-10-21,2,焙煎ごまドレッシング,1134.02,1361,33.0,37423.0
2025-10-21,2,◎半熟ゆでたまご１個,1134.02,1361,98.0,111134.0
2025-10-21,2,ポケカ拡張　ホワイト,1134.02,1361,264.0,299381.0
2025-10-21,2,テリアスムースレギュラー,1134.02,1361,528.0,598763.0
2025-10-21,2,高菜の寿司,1134.02,1361,176.0,199588.0
2025-10-21,2,レジ袋弁当大バイオマス,1134.02,1361,5.0,5670.0
2025-10-21,2,ホープ１０,1134.02,1361,273.0,309587.0
2025-10-21,2,手巻　紀州南高梅,1134.02,1361,158.0,179175.0
2025-10-21,2,手巻　真昆布,1134.02,1361,158.0,179175.0
2025-10-21,2,大きな　僕の梅おかか,1134.02,1361,297.0,336804.0
2025-10-21,2,味付海苔　おかか味噌,1134.02,1361,161.0,182577.0
2025-10-21,2,増量　手巻　紅しゃけ,1134.02,1361,195.0,221134.0
2025-10-21,2,増量　手巻　辛子明太子,1134.02,1361,195.0,221134.0
2025-10-21,2,大きな　昆布とツナマヨ,1134.02,1361,269.0,305051.0
2025-10-21,2,手巻　たらこマヨネーズ,1134.02,1361,188.0,213196.0
2025-10-21,2,豚バラしょうゆ,1134.02,1361,276.0,312990.0
2025-10-21,2,サンドおむすび　牛カルビ,1134.02,1361,328.0,371959.0
2025-10-21,2,手巻　紅しゃけ,1134.02,1361,195.0,221134.0
2025-10-21,2,レジ袋１２号バイオマス,1134.02,1361,3.0,3402.0
2025-10-21,2,ピース・ライト・ＢＯＸ,1134.02,1361,546.0,619175.0
2025-10-21,2,ピアニシモ・アリア・メン,1134.02,1361,519.0,588556.0
2025-10-21,2,◎海鮮スティック明太マヨ,1134.02,1361,167.0,189381.0
2025-10-21,2,センティアＩブラック,1134.02,1361,482.0,546598.0
2025-10-21,2,冷し明太とろろうどん,1134.02,1361,508.0,576082.0
2025-10-21,2,冷したぬきうどん,1134.02,1361,399.0,452474.0
2025-10-21,2,ゆず冷し鶏塩おろしうどん,1134.02,1361,526.0,596495.0
2025-10-21,2,テリアイエローメンソール,1134.02,1361,528.0,598763.0
2025-10-21,2,テリアサンパール,1134.02,1361,528.0,598763.0
2025-10-21,2,テリアシャインパール,1134.02,1361,528.0,598763.0
2025-10-21,2,マルボロ・ボックス,1134.02,1361,546.0,619175.0
2025-10-21,2,シーチキン＆コーンサラダ,1134.02,1361,249.0,282371.0
2025-10-21,2,ケントエス１・１００Ｂ,1134.02,1361,455.0,515979.0
2025-10-21,2,ローストチキンパスタサラ,1134.02,1361,369.0,418453.0
2025-10-21,2,エボルタＮＥＯ単４－４Ｐ,1134.02,1361,659.0,747319.0
2025-10-21,2,ライトニング１．２ｍ,1134.02,1361,1800.0,2041236.0
2025-10-21,2,ＣＲバーナーライター,1134.02,1361,190.0,215464.0
2025-10-21,2,耐風ビニール傘７０,1134.02,1361,862.0,977525.0
2025-10-21,2,ダブルシュー,1134.02,1361,172.0,195051.0
2025-10-21,2,デイリースポーツ東日本,1134.02,1361,146.0,165567.0
2025-10-21,2,冷やして食べるバウム,1134.02,1361,167.0,189381.0
2025-10-21,2,マカロンチョコパッション,1134.02,1361,267.0,302783.0
2025-10-21,2,日刊ゲンダイ,1134.02,1361,164.0,185979.0
2025-10-21,2,日本経済新聞,1134.02,1361,182.0,206392.0
2025-10-21,2,ＡｍａｚｏｎＶＡＲ,1134.02,1361,10000.0,11340200.0
2025-10-21,2,２種のキンパ,1134.02,1361,510.0,578350.0
2025-10-21,2,セブンスター,1134.02,1361,546.0,619175.0
2025-10-21,2,セブンスター・ＢＯＸ,1134.02,1361,546.0,619175.0
2025-10-21,2,手巻　辛子明太子,1134.02,1361,195.0,221134.0
2025-10-21,2,カロリーＭハーフ　バニラ,1134.02,1361,110.0,124742.0
2025-10-21,2,手巻シーチキンマヨネーズ,1134.02,1361,165.0,187113.0
2025-10-21,2,直巻　和風ツナマヨネーズ,1134.02,1361,149.0,168969.0
2025-10-21,2,テリアブラックＭ１０Ｐ,1134.02,1361,5273.0,5979687.0
2025-10-21,2,アサヒ生ビール３５０,1134.02,1361,216.0,244948.0
2025-10-21,2,スーパードライ３５０,1134.02,1361,216.0,244948.0
2025-10-21,2,さばと青じそおむすび,1134.02,1361,139.0,157629.0
2025-10-21,2,テリアＯパール,1134.02,1361,528.0,598763.0
2025-10-21,2,ポケカ拡張　ブラック,1134.02,1361,264.0,299381.0
2025-10-21,2,ポケカ拡張　バトルＰ,1134.02,1361,164.0,185979.0
2025-10-21,2,サラサクリップ　黒,1134.02,1361,99.0,112268.0
2025-10-21,2,ＬＩＢＥＲＡミルク,1134.02,1361,277.0,314124.0
2025-10-21,2,◎しみチョココーン,1134.02,1361,147.0,166701.0
2025-10-21,2,◎チョコシュー,1134.02,1361,128.0,145155.0
2025-10-21,2,もち麦　鮭ひじきしそ風味,1134.02,1361,163.0,184845.0
2025-10-21,2,◎こだわりのフロランタン,1134.02,1361,184.0,208660.0
2025-10-21,2,◎もちもちレモンドーナツ,1134.02,1361,149.0,168969.0
2025-10-21,2,◎濃厚ミルクドーナツ,1134.02,1361,100.0,113402.0
2025-10-21,2,◎焼たまごカレートースト,1134.02,1361,167.0,189381.0
2025-10-21,2,スイートサンダーいちご,1134.02,1361,60.0,68041.0
2025-10-21,2,ブラックサンダー,1134.02,1361,41.0,46495.0
2025-10-21,2,◎大きいウインナー,1134.02,1361,153.0,173505.0
2025-10-21,2,◎大きいあらびきチョリソ,1134.02,1361,153.0,173505.0
2025-10-21,2,パウダー２５０％ハッピー,1134.02,1361,120.0,136082.0
2025-10-21,2,◎ベーコンチーズオニオン,1134.02,1361,149.0,168969.0
2025-10-21,2,Ｆグレイシアラムネわらび,1134.02,1361,156.0,176907.0
2025-10-21,2,じゃがりこサラダ,1134.02,1361,185.0,209794.0
2025-10-21,2,ミンティアコールドスマッ,1134.02,1361,105.0,119072.0
2025-10-21,2,直巻　とり五目,1134.02,1361,165.0,187113.0
2025-10-21,2,ラッキーＳメンソール,1134.02,1361,391.0,443402.0
2025-10-21,2,ラッキーＳダークＭ,1134.02,1361,391.0,443402.0
2025-10-21,2,直巻　明太子マヨネーズ,1134.02,1361,165.0,187113.0
2025-10-21,2,直巻　焼しゃけ,1134.02,1361,158.0,179175.0
2025-10-21,2,レジ袋,1134.02,1361,3.0,3402.0
2025-10-21,2,１９６ＳＴゼロＷレモン３,1134.02,1361,161.0,182577.0
2025-10-21,2,角ハイボール３５０,1134.02,1361,219.0,248350.0
2025-10-21,2,氷結レモン３５０,1134.02,1361,168.0,190515.0
2025-10-21,2,生ハム寿司,1134.02,1361,212.0,240412.0
2025-10-21,2,テリアブラックパープルＭ,1134.02,1361,528.0,598763.0
2025-10-21,2,テリアブラックメンソール,1134.02,1361,528.0,598763.0
2025-10-21,2,手巻寿司　納豆,1134.02,1361,184.0,208660.0
2025-10-21,2,テリアミント,1134.02,1361,528.0,598763.0
2025-10-21,2,手巻寿司　シーチキンマヨ,1134.02,1361,167.0,189381.0
2025-10-21,2,テリアメンソール,1134.02,1361,528.0,598763.0
2025-10-21,2,テリアリッチレギュラー,1134.02,1361,528.0,598763.0
2025-10-21,2,テリアリビエラパール,1134.02,1361,528.0,598763.0
2025-10-21,2,テリアレギュラー,1134.02,1361,528.0,598763.0
2025-10-21,2,鮭はらみおむすび,1134.02,1361,258.0,292577.0
2025-10-21,2,助六寿司,1134.02,1361,482.0,546598.0
2025-10-21,2,テリアＢルビーＭ,1134.02,1361,528.0,598763.0
2025-10-21,2,ネオアークティックＭ,1134.02,1361,455.0,515979.0
2025-10-21,2,高菜たくあんおむすび,1134.02,1361,135.0,153093.0
2025-10-21,2,ラッキーＳダークタバコ,1134.02,1361,391.0,443402.0
2025-10-21,2,◎ハムチーズマヨネーズ２,1134.02,1361,135.0,153093.0
2025-10-21,2,ＭＶコールドＭプルーム,1134.02,1361,455.0,515979.0
2025-10-21,2,まるで桃みたいなケーキ,1134.02,1361,276.0,312990.0
2025-10-21,2,クリームワッフルクッキー,1134.02,1361,260.0,294845.0
2025-10-21,2,調製豆乳,1134.02,1361,105.0,119072.0
2025-10-21,2,テリアパープルメンソール,1134.02,1361,528.0,598763.0
2025-10-21,2,テリアバランスドＲ,1134.02,1361,528.0,598763.0
2025-10-21,2,野菜一日これ一本,1134.02,1361,113.0,128144.0
2025-10-21,2,◎デニッシュブレッド３枚,1134.02,1361,156.0,176907.0
2025-10-21,2,センティアＳバイオレット,1134.02,1361,482.0,546598.0
2025-10-21,2,◎バタークロワッサンメ３,1134.02,1361,156.0,176907.0
2025-10-21,2,センティアＩパープル,1134.02,1361,482.0,546598.0
2025-10-21,2,◎ファミマの牛乳５００,1134.02,1361,175.0,198454.0
2025-10-21,2,サブレサンドバニライチゴ,1134.02,1361,332.0,376495.0
2025-10-21,2,冷しニンニクまぜそば,1134.02,1361,647.0,733711.0
2025-10-21,2,ＳＰＡＭ　タコスミート,1134.02,1361,315.0,357216.0
2025-10-21,2,ＳＰＡＭ　ツナマヨネーズ,1134.02,1361,266.0,301649.0
2025-10-21,2,不明,1134.02,1361,164.0,185979.0
2025-10-21,2,レジ袋４５号バイオマス,1134.02,1361,7.0,7938.0
2025-10-21,2,鮭ほぐし飯（和風だしごは,1134.02,1361,338.0,383299.0
2025-10-21,2,天タレおむすび,1134.02,1361,138.0,156495.0
2025-10-21,2,植物生のスパイシーカレー,1134.02,1361,146.0,165567.0
2025-10-21,2,赤飯おむすび,1134.02,1361,165.0,187113.0
2025-10-21,2,レジ袋２０号バイオマス,1134.02,1361,5.0,5670.0
2025-10-21,2,鶏のうまみ！鶏そぼろ弁当,1134.02,1361,320.0,362886.0
2025-10-21,2,冷しビャンビャン麺,1134.02,1361,510.0,578350.0
2025-10-21,2,ラッキーＳＲタバコ１０Ｐ,1134.02,1361,3910.0,4434018.0
2025-10-21,2,野沢菜いなり寿司,1134.02,1361,179.0,202990.0
2025-10-21,2,国産チキン彩り野菜うどん,1134.02,1361,554.0,628247.0
2025-10-21,2,手巻寿司　ねぎとろ（青ま,1134.02,1361,230.0,260825.0
2025-10-21,2,かぶり寿司　唐揚げ巻,1134.02,1361,283.0,320928.0
2025-10-21,2,塩こんぶおむすび,1134.02,1361,139.0,157629.0
2025-10-21,2,サンド寿司　まぐろたくあ,1134.02,1361,334.0,378763.0
2025-10-21,2,冷たい生パスタ海老トマト,1134.02,1361,499.0,565876.0
2025-10-21,2,ジューシーハムサンド,1134.02,1361,297.0,336804.0
2025-10-21,2,ラッキーＳリッチタバコ,1134.02,1361,391.0,443402.0
2025-10-21,2,テリヤキチキンとたまごＳ,1134.02,1361,323.0,366288.0
2025-10-21,2,ラッキーＳベリーＭ,1134.02,1361,391.0,443402.0
2025-10-21,2,ラッキーＳトロピカルＳ,1134.02,1361,391.0,443402.0
2025-10-21,2,３種チーズとハムのサンド,1134.02,1361,323.0,366288.0
2025-10-21,2,ベコンレタストマトサンド,1134.02,1361,369.0,418453.0
2025-10-21,2,ネオＢベリーハイパー用,1134.02,1361,455.0,515979.0
2025-10-21,2,チキン南蛮サンド,1134.02,1361,369.0,418453.0
2025-10-21,2,ミックスサンド,1134.02,1361,276.0,312990.0
2025-10-21,2,鶏焼肉のバインミー,1134.02,1361,369.0,418453.0
2025-10-21,2,シーチキン＆たまごサラダ,1134.02,1361,239.0,271031.0
2025-10-21,2,棒棒鶏風サラダ,1134.02,1361,406.0,460412.0
2025-10-21,2,和風ドレッシング,1134.02,1361,33.0,37423.0
2025-10-21,2,シャキシャキレタスサンド,1134.02,1361,297.0,336804.0
2025-10-21,2,サメジマブルーソーダ味,1134.02,1361,178.0,201856.0
2025-10-21,2,蒸鶏とねぎのトマトパスタ,1134.02,1361,462.0,523917.0
2025-10-21,2,大きなおむすび唐揚げマヨ,1134.02,1361,290.0,328866.0
2025-10-21,2,本まぐろわさび醤油おむす,1134.02,1361,280.0,317526.0
2025-10-21,2,◎ベーコンペッパーマヨ,1134.02,1361,121.0,137216.0
2025-10-21,2,メビウス,1134.02,1361,528.0,598763.0
2025-10-21,2,シャインマスカットのど飴,1134.02,1361,105.0,119072.0
2025-10-21,2,ぷっちょＳＴメガコーラ,1134.02,1361,118.0,133814.0
2025-10-21,2,ハイチュウグレープ,1134.02,1361,127.0,144021.0
2025-10-21,2,ハイライトメンソール,1134.02,1361,473.0,536391.0
2025-10-21,2,ハイチュウＰシャインマス,1134.02,1361,152.0,172371.0
2025-10-21,2,センティアＦグリーン,1134.02,1361,482.0,546598.0
2025-10-21,2,ハイライト,1134.02,1361,473.0,536391.0
2025-10-21,2,ハイチュウＰ巨峰,1134.02,1361,152.0,172371.0
2025-10-21,2,キャメルクラフトＭ５,1134.02,1361,410.0,464948.0
2025-10-21,2,アメスピＯＭ１,1134.02,1361,382.0,433196.0
2025-10-21,2,アメスピＯＭライト,1134.02,1361,382.0,433196.0
2025-10-21,2,コロロシャインマスカット,1134.02,1361,148.0,167835.0
2025-10-21,2,コーラアップ,1134.02,1361,242.0,274433.0
2025-10-21,2,アメスピライト,1134.02,1361,382.0,433196.0
2025-10-21,2,ハイチュウＰヨーグルト,1134.02,1361,152.0,172371.0
2025-10-21,2,ＭＶスムースＲプルーム,1134.02,1361,455.0,515979.0
2025-10-21,2,◎しみ旨フレンチトースト,1134.02,1361,144.0,163299.0
2025-10-21,2,ＭＶシトラスＯＰプルーム,1134.02,1361,455.0,515979.0
2025-10-21,2,◎もちっとつぶあんドーナ,1134.02,1361,125.0,141752.0
2025-10-21,2,◎ミニフレンチトースト４,1134.02,1361,172.0,195051.0
2025-10-21,2,センティアＤブロンズ,1134.02,1361,482.0,546598.0
2025-10-21,2,センティアＣジェイド,1134.02,1361,482.0,546598.0
2025-10-21,2,センティアクリアシルバー,1134.02,1361,482.0,546598.0
2025-10-21,2,専ＵＦＯプチ焼そばパン４,1134.02,1361,212.0,240412.0
2025-10-21,2,ケントＴＲメンソール,1134.02,1361,437.0,495567.0
2025-10-21,2,◎北海道メロンパン,1134.02,1361,125.0,141752.0
2025-10-21,2,ケントＴメンソール,1134.02,1361,437.0,495567.0
2025-10-21,2,◎生コッペパン（あんバタ,1134.02,1361,135.0,153093.0
2025-10-21,2,◎白生コッペパン（カスタ,1134.02,1361,128.0,145155.0
2025-10-21,2,マルボロ・ブラックＭ８,1134.02,1361,546.0,619175.0
2025-10-21,2,ＭＶＰＧレギュラーウィズ,1134.02,1361,546.0,619175.0
2025-10-21,2,ＭＶＰＧメンソールウィズ,1134.02,1361,546.0,619175.0
2025-10-21,2,ＭＶＧレッドＭウィズ,1134.02,1361,546.0,619175.0
2025-10-21,2,◎ふんわりホットケーキ２,1134.02,1361,128.0,145155.0
2025-10-21,2,◎完熟バナナパンケーキ,1134.02,1361,138.0,156495.0
2025-10-21,2,ＭＶベリーＯＰプルーム,1134.02,1361,455.0,515979.0
2025-10-21,2,◎いちごのクロワッサン（,1134.02,1361,147.0,166701.0
2025-10-21,2,ＭＶブラックＣＭプルーム,1134.02,1361,455.0,515979.0
2025-10-21,2,タフグミグレーピーパンチ,1134.02,1361,238.0,269897.0
2025-10-21,2,はちみつカリンのど飴,1134.02,1361,124.0,140618.0
2025-10-21,2,メビウスワン,1134.02,1361,528.0,598763.0
2025-10-21,2,メビウスＥ１　１００Ｓ,1134.02,1361,455.0,515979.0
2025-10-21,2,◎スーパーＣＨ無糖レモ３,1134.02,1361,119.0,134948.0
2025-10-21,2,おむすびおかずＳ（昆・ツ,1134.02,1361,434.0,492165.0
2025-10-21,2,特撰　白角水割　２５０,1134.02,1361,175.0,198454.0
2025-10-21,2,茉莉花ジャスミン茶割ＪＪ,1134.02,1361,181.0,205258.0
2025-10-21,2,檸檬堂夏のラムネとレモン,1134.02,1361,160.0,181443.0
2025-10-21,2,手巻寿司　サーモン（青ま,1134.02,1361,230.0,260825.0
2025-10-21,2,本搾りライム３５０,1134.02,1361,168.0,190515.0
2025-10-21,2,未来のレサワオリジナル３,1134.02,1361,271.0,307319.0
2025-10-21,2,ルイボスティーハイ３４０,1134.02,1361,181.0,205258.0
2025-10-21,2,手巻寿司　青しそ納豆,1134.02,1361,190.0,215464.0
2025-10-21,2,◎スーパーＣＨグレフル３,1134.02,1361,119.0,134948.0
2025-10-21,2,大関　佳撰ワンカップ,1134.02,1361,219.0,248350.0
2025-10-21,2,金麦３５０,1134.02,1361,180.0,204124.0
2025-10-21,2,いなり寿司３ヶ入,1134.02,1361,276.0,312990.0
2025-10-21,2,ザプレミアムモルツ３５０,1134.02,1361,254.0,288041.0
2025-10-21,2,黒ラベル３５０,1134.02,1361,216.0,244948.0
2025-10-21,2,炙り焼辛子明太子おむすび,1134.02,1361,251.0,284639.0
2025-10-21,2,◎パン・オ・ショコラ４個,1134.02,1361,184.0,208660.0
2025-10-21,2,６種具材の冷し中華,1134.02,1361,536.0,607835.0
2025-10-21,2,センティアＦパープル,1134.02,1361,482.0,546598.0
2025-10-21,2,キシリトール粒フレッシュ,1134.02,1361,178.0,201856.0
2025-10-21,2,大粒ラムネＲすっぱレモン,1134.02,1361,133.0,150825.0
2025-10-21,2,マルボロアイスＢ・Ｍ８,1134.02,1361,546.0,619175.0
2025-10-21,2,マルボロアイスＢ・Ｍ５,1134.02,1361,546.0,619175.0
2025-10-21,2,ベロＭＰＭインテンス,1134.02,1361,291.0,330000.0
2025-10-21,2,◎黒胡椒香るチーズフラン,1134.02,1361,184.0,208660.0
2025-10-21,2,ケント・１・１００ＢＯＸ,1134.02,1361,473.0,536391.0
2025-10-21,2,◎ファミマ・ザ・カレーパ,1134.02,1361,139.0,157629.0
2025-10-21,2,ケントエス・スパーク１,1134.02,1361,455.0,515979.0
2025-10-21,2,◎手巻きソーセージドーナ,1134.02,1361,158.0,179175.0
2025-10-21,2,マルボロゴールドＢ,1134.02,1361,546.0,619175.0
2025-10-21,2,キシリトール粒グレープ,1134.02,1361,178.0,201856.0
2025-10-21,2,キシリトール粒ライムミン,1134.02,1361,178.0,201856.0
2025-10-21,2,Ｗ・Ｃ・ホワイト・５,1134.02,1361,491.0,556804.0
2025-10-21,2,メビＰＭＯＰＰ１１００,1134.02,1361,528.0,598763.0
2025-10-21,2,メビウスＳＬ,1134.02,1361,528.0,598763.0
2025-10-21,2,フリスクＦＦマスカット,1134.02,1361,278.0,315258.0
2025-10-21,2,ヨーグレットミニ,1134.02,1361,150.0,170103.0
2025-10-21,2,メビウスＥＭＯＰＰ５Ｓ,1134.02,1361,455.0,515979.0
2025-10-21,2,メロンソーダアップ,1134.02,1361,242.0,274433.0
2025-10-21,2,ラムネアップ,1134.02,1361,242.0,274433.0
2025-10-21,2,サンスポ（サンケ,1134.02,1361,164.0,185979.0
2025-10-21,2,コンパクトＳ２４．５ｃｍ,1134.02,1361,230.0,260825.0
2025-10-21,2,忍者めしラムネ,1134.02,1361,125.0,141752.0
2025-10-21,2,週刊少年ジャンプ,1134.02,1361,282.0,319794.0
2025-10-21,2,男梅グミ,1134.02,1361,143.0,162165.0
2025-10-21,2,週　刊　文　春,1134.02,1361,464.0,526185.0
2025-10-21,2,◎ドライみかん,1134.02,1361,276.0,312990.0
2025-10-21,2,ヤングマガジン,1134.02,1361,464.0,526185.0
2025-10-21,2,◎ドライりんご,1134.02,1361,276.0,312990.0
2025-10-21,2,◎５種のナッツ＆フルーツ,1134.02,1361,198.0,224536.0
2025-10-21,2,◎おしゃぶり昆布,1134.02,1361,172.0,195051.0
2025-10-21,2,ＢＩＣ電子ライター,1134.02,1361,170.0,192783.0
2025-10-21,2,◎やみつき種ぬき干し梅,1134.02,1361,175.0,198454.0
2025-10-21,2,コンパクトＳ２１．５ｃｍ,1134.02,1361,230.0,260825.0
2025-10-21,2,◎除菌ハンディＷティシュ,1134.02,1361,164.0,185979.0
2025-10-21,2,コカ・コーラ　３００,1134.02,1361,110.0,124742.0
2025-10-21,2,◎みるくバターまんじゅう,1134.02,1361,144.0,163299.0
2025-10-21,2,◎パイまんじゅうつぶあん,1134.02,1361,153.0,173505.0
2025-10-21,2,ピュレグミＰ白桃,1134.02,1361,180.0,204124.0
2025-10-21,2,ピュレグミＰマスカット,1134.02,1361,180.0,204124.0
2025-10-21,2,ピュレグミグレープ味,1134.02,1361,150.0,170103.0
2025-10-21,2,◎紅はるかの熟成干し芋,1134.02,1361,260.0,294845.0
2025-10-21,2,龍角散ののどすっきり飴袋,1134.02,1361,280.0,317526.0
2025-10-21,2,まい塩あめ小袋,1134.02,1361,138.0,156495.0
2025-10-21,2,今治ＴＨドット,1134.02,1361,600.0,680412.0
2025-10-21,2,ハンカチＳＴ,1134.02,1361,600.0,680412.0
2025-10-21,2,婦人ショートＳ白,1134.02,1361,390.0,442268.0
2025-10-21,2,ひざ下２足ヌードベージュ,1134.02,1361,500.0,567010.0
2025-10-21,2,邪払のど飴小袋,1134.02,1361,119.0,134948.0
2025-10-21,2,◎ばんそうこうＭサイズ,1134.02,1361,362.0,410515.0
2025-10-21,2,プリッツ旨サラダ,1134.02,1361,131.0,148557.0
2025-10-21,2,◎チョコマシュマロ,1134.02,1361,139.0,157629.0
2025-10-21,2,◎ミニバタークッキー,1134.02,1361,128.0,145155.0
2025-10-21,2,シルキータッチふつう,1134.02,1361,398.0,451340.0
2025-10-21,2,◎練乳はちみつドーナツ,1134.02,1361,147.0,166701.0
2025-10-21,2,◎こだわりのマドレーヌ,1134.02,1361,147.0,166701.0
2025-10-21,2,ソフトタンポンコンパクト,1134.02,1361,282.0,319794.0
2025-10-21,2,◎こだわりのワッフル,1134.02,1361,144.0,163299.0
2025-10-21,2,今治ＴＨＳＴ／青橙,1134.02,1361,600.0,680412.0
2025-10-21,2,ジェットスリーム０．５,1134.02,1361,150.0,170103.0
2025-10-21,2,リングメモＡ７Ｂ罫,1134.02,1361,208.0,235876.0
2025-10-21,2,ハリボーハッピーコーラ,1134.02,1361,198.0,224536.0
2025-10-21,2,東スポ（東京スポーツ）,1134.02,1361,164.0,185979.0
2025-10-21,2,ドデカミンＢＩＧ,1134.02,1361,149.0,168969.0
2025-10-21,2,今治ＴＨネイビーＭＩＸ,1134.02,1361,600.0,680412.0
2025-10-21,2,◎ミニ羊羹　煉,1134.02,1361,91.0,103196.0
2025-10-21,2,ペプシコーラ　６００,1134.02,1361,130.0,147423.0
2025-10-21,2,無香料ケープ　ＳＨ　小,1134.02,1361,300.0,340206.0
2025-10-21,2,◎贅沢バウムクーヘン,1134.02,1361,202.0,229072.0
2025-10-21,2,◎とろけるチョコミントＣ,1134.02,1361,139.0,157629.0
2025-10-21,2,◎４種のフルーツケーキ,1134.02,1361,156.0,176907.0
2025-10-21,2,バナナバウムクーヘン,1134.02,1361,139.0,157629.0
2025-10-21,2,さらさらシートせっけん,1134.02,1361,295.0,334536.0
2025-10-21,2,ベースブレッドシナモン,1134.02,1361,260.0,294845.0
2025-10-21,2,ビオレふくだけＣうるおい,1134.02,1361,341.0,386701.0
2025-10-21,2,ベースブレッドチョコ,1134.02,1361,260.0,294845.0
2025-10-21,2,ベースブレッドメープル,1134.02,1361,260.0,294845.0
2025-10-21,2,天然水きりっとヨグ,1134.02,1361,159.0,180309.0
2025-10-21,2,Ｆリーフィアロールケーキ,1134.02,1361,165.0,187113.0
2025-10-21,2,梅のり巻,1134.02,1361,142.0,161031.0
2025-10-21,2,耐風ビニール傘６５,1134.02,1361,705.0,799484.0
2025-10-21,2,ＣＷワンタッチ開閉折傘,1134.02,1361,2014.0,2283916.0
2025-10-21,2,レインコートＬ,1134.02,1361,687.0,779072.0
2025-10-21,2,アクオグリーンミント,1134.02,1361,170.0,192783.0
2025-10-21,2,アクオクリアブルーミント,1134.02,1361,170.0,192783.0
2025-10-21,2,◎春雨スープ担々麺味,1134.02,1361,167.0,189381.0
2025-10-21,2,◎とん汁,1134.02,1361,167.0,189381.0
2025-10-21,2,Ｆレモンクリームのロール,1134.02,1361,153.0,173505.0
2025-10-21,2,クリアクリーントラベル,1134.02,1361,323.0,366288.0
2025-10-21,2,◎濃厚チョコパウンド,1134.02,1361,213.0,241546.0
2025-10-21,2,モンスターエナジーボトル,1134.02,1361,297.0,336804.0
2025-10-21,2,おっとっとうすしお味,1134.02,1361,131.0,148557.0
2025-10-21,2,チップスターＳうすしお味,1134.02,1361,144.0,163299.0
2025-10-21,2,アクエリアス５００,1134.02,1361,160.0,181443.0
2025-10-21,2,チップスターＳコンソメ味,1134.02,1361,144.0,163299.0
2025-10-21,2,サントリー天然水　２Ｌ,1134.02,1361,131.0,148557.0
2025-10-21,2,天然水１Ｌ,1134.02,1361,168.0,190515.0
2025-10-21,2,◎キャラメルコーン,1134.02,1361,119.0,134948.0
2025-10-21,2,◎ＢＳラーメン丸チキン味,1134.02,1361,119.0,134948.0
2025-10-21,2,◎天然水新潟県津南３７０,1134.02,1361,100.0,113402.0
2025-10-21,2,ＳＯＹＪＯＹ　黒ゴマ,1134.02,1361,125.0,141752.0
2025-10-21,2,◎きんつば,1134.02,1361,158.0,179175.0
2025-10-21,2,ウェルチ　１房分のぶどう,1134.02,1361,160.0,181443.0
2025-10-21,2,天然水きりっと果実,1134.02,1361,159.0,180309.0
2025-10-21,2,玉ねぎせん,1134.02,1361,158.0,179175.0
2025-10-21,2,贅沢保湿ポケットＴ,1134.02,1361,169.0,191649.0
2025-10-21,2,◎チョコミントタルト,1134.02,1361,176.0,199588.0
2025-10-21,2,◎チョコミントロール,1134.02,1361,167.0,189381.0
2025-10-21,2,◎水に流せるポケットＴ,1134.02,1361,133.0,150825.0
2025-10-21,2,◎紀州南高梅茎わかめ,1134.02,1361,158.0,179175.0
2025-10-21,2,◎種ぬきはちみつ干し梅,1134.02,1361,158.0,179175.0
2025-10-21,2,今治ＴＨ２５夏の色白,1134.02,1361,600.0,680412.0
2025-10-21,2,１本満足シリアルチョコ,1134.02,1361,152.0,172371.0
2025-10-21,2,１本満足シリアルブラック,1134.02,1361,152.0,172371.0
2025-10-21,2,爽健美茶３００,1134.02,1361,110.0,124742.0
2025-10-21,2,おーいお茶緑茶　３５０,1134.02,1361,110.0,124742.0
2025-10-21,2,１本満足シリアルホワイト,1134.02,1361,152.0,172371.0
2025-10-21,2,伊右衛門特茶,1134.02,1361,170.0,192783.0
2025-10-21,2,ヘルシア緑茶　３５０ｍｌ,1134.02,1361,180.0,204124.0
2025-10-21,2,Ｃ玄米ブラン　ブルーベリ,1134.02,1361,155.0,175773.0
2025-10-21,2,クラフトボスイタリアーノ,1134.02,1361,159.0,180309.0
2025-10-21,2,Ｃ玄米ブランメープル,1134.02,1361,155.0,175773.0
2025-10-21,2,モーニングマアムバニラ,1134.02,1361,130.0,147423.0
2025-10-21,2,◎玄米茶　６００,1134.02,1361,110.0,124742.0
2025-10-21,2,◎台湾烏龍茶　６００,1134.02,1361,110.0,124742.0
2025-10-21,2,ｉｎゼリーマルチビタミン,1134.02,1361,210.0,238144.0
2025-10-21,2,Ｃ１０００ビタミンレモン,1134.02,1361,130.0,147423.0
2025-10-21,2,◎ピーチマンゴールイボス,1134.02,1361,110.0,124742.0
2025-10-21,2,オロナミンＣ,1134.02,1361,135.0,153093.0
2025-10-21,2,ヘパリーゼＷ,1134.02,1361,276.0,312990.0
2025-10-21,2,い・ろ・は・す５４０,1134.02,1361,118.0,133814.0
2025-10-21,2,カロリＭハーフチーズ味,1134.02,1361,110.0,124742.0
2025-10-21,2,クラフトボス　ミルクラテ,1134.02,1361,166.0,188247.0
2025-10-21,2,伊右衛門　６００,1134.02,1361,158.0,179175.0
2025-10-21,2,午後の紅茶　ミルクティー,1134.02,1361,160.0,181443.0
2025-10-21,2,◎オレンジ香アールグレイ,1134.02,1361,110.0,124742.0
2025-10-21,2,きのこベーコン醤油パスタ,1134.02,1361,434.0,492165.0
2025-10-21,2,小岩井　Ｔｈｅカフェオレ,1134.02,1361,159.0,180309.0
2025-10-21,2,おーいお茶濃く香るほうじ,1134.02,1361,158.0,179175.0
2025-10-21,2,クラフトボスブラック,1134.02,1361,149.0,168969.0
2025-10-21,2,ウィルキンソン　レモン,1134.02,1361,112.0,127010.0
2025-10-21,2,クラフトボス　ラテ,1134.02,1361,159.0,180309.0
2025-10-21,2,除菌アルコールタオル,1134.02,1361,238.0,269897.0
2025-10-21,2,１００％　オレンジ,1134.02,1361,168.0,190515.0
2025-10-21,2,カルピス　ザ　リッチ,1134.02,1361,160.0,181443.0
2025-10-21,2,フェイシャルペーパー,1134.02,1361,250.0,283505.0
2025-10-21,2,ｉｎバーザクザクビター,1134.02,1361,170.0,192783.0
2025-10-21,2,ｉｎバー　ベイクドチョコ,1134.02,1361,170.0,192783.0
2025-10-21,2,カシミヤＥＸポケット,1134.02,1361,162.0,183711.0
2025-10-21,2,カロリＭハーフチョコ,1134.02,1361,110.0,124742.0
2025-10-21,2,アイルＣＲ電子ライター,1134.02,1361,159.0,180309.0
2025-10-21,2,カロリーＭハーフフルーツ,1134.02,1361,110.0,124742.0
2025-10-21,2,◎有機栽培の恵み天津甘栗,1134.02,1361,165.0,187113.0
2025-10-21,2,アクエリアス　９５０,1134.02,1361,166.0,188247.0
2025-10-21,2,はだおもい２３ｃｍ,1134.02,1361,253.0,286907.0
2025-10-21,2,コンパクトＳ３０．５ｃｍ,1134.02,1361,230.0,260825.0
2025-10-21,2,イーラインマスクピンク,1134.02,1361,299.0,339072.0
2025-10-21,2,プリングルズサワクリＳ,1134.02,1361,158.0,179175.0
2025-10-21,2,スタイルフィットグレー,1134.02,1361,410.0,464948.0
2025-10-21,2,スタイルフィットＯＬ,1134.02,1361,410.0,464948.0
2025-10-21,2,じゃがビーバターしょうゆ,1134.02,1361,164.0,185979.0
2025-10-21,2,ストロングサワーＣオニオ,1134.02,1361,155.0,175773.0
2025-10-21,2,超快適マスクふつう,1134.02,1361,350.0,396907.0
2025-10-21,2,超快適マスクやや大きめ,1134.02,1361,350.0,396907.0
2025-10-21,2,超快適マスク小さめ,1134.02,1361,350.0,396907.0
2025-10-21,2,７ＤＡＹＳマスク大きめ,1134.02,1361,298.0,337938.0
2025-10-21,2,◎香ばしいバタピー,1134.02,1361,167.0,189381.0
2025-10-21,2,フリクションノックＢＫ,1134.02,1361,230.0,260825.0
2025-10-21,2,◎薫製したうずらたまご,1134.02,1361,249.0,282371.0
2025-10-21,2,富士通ＰＲＥ　単４－４Ｐ,1134.02,1361,528.0,598763.0
2025-10-21,2,◎素焼きミックスナッツ,1134.02,1361,360.0,408247.0
2025-10-21,2,◎ＰＣ濃いめのり塩,1134.02,1361,139.0,157629.0
2025-10-21,2,◎ハンディウェットティシ,1134.02,1361,117.0,132680.0
2025-10-21,2,グリーンダカラ麦茶６８０,1134.02,1361,148.0,167835.0
2025-10-21,2,◎ジュワっとした塩バター,1134.02,1361,130.0,147423.0
2025-10-21,2,ベースブレッドミルク,1134.02,1361,260.0,294845.0
2025-10-21,2,メビウス・ワン・ＢＯＸ,1134.02,1361,528.0,598763.0
2025-10-21,2,カントリーＭミニバニラ,1134.02,1361,121.0,137216.0
2025-10-21,2,ミニたべっ子塩バター味,1134.02,1361,160.0,181443.0
2025-10-21,2,ｅ－ｍａのどグレープ小袋,1134.02,1361,118.0,133814.0
2025-10-21,2,金のミルク小袋,1134.02,1361,138.0,156495.0
2025-10-21,2,塩分チャージタブ小袋塩レ,1134.02,1361,140.0,158763.0
2025-10-21,2,ネオＣＬタバコハイパー用,1134.02,1361,455.0,515979.0
2025-10-21,2,キャメルクラフト６,1134.02,1361,410.0,464948.0
2025-10-21,2,ＭＶＧパープルＭウィズ,1134.02,1361,546.0,619175.0
2025-10-21,2,ＭＶアップルＯＰプルーム,1134.02,1361,455.0,515979.0
2025-10-21,2,ＭＶシャープＣＭプルーム,1134.02,1361,455.0,515979.0
2025-10-21,2,◎チョコチップクッキー,1134.02,1361,128.0,145155.0
2025-10-21,2,ＭＶディープＲプルーム,1134.02,1361,455.0,515979.0
2025-10-21,2,◎ちいさなオールレーズン,1134.02,1361,128.0,145155.0
2025-10-21,2,◎ガトーショコラ風チョコ,1134.02,1361,165.0,187113.0
2025-10-21,2,ＭＶペア―ＯＰプルーム,1134.02,1361,455.0,515979.0
2025-10-21,2,ベースブレッドこしあん,1134.02,1361,276.0,312990.0
2025-10-21,2,ベースブレッドオレンジ,1134.02,1361,276.0,312990.0
2025-10-21,2,◎スティックサラミ,1134.02,1361,110.0,124742.0
2025-10-21,2,◎おつまみイカフライ,1134.02,1361,110.0,124742.0
2025-10-21,2,週刊　モーニング,1134.02,1361,428.0,485361.0
2025-10-21,2,ジャパンニューズ,1134.02,1361,137.0,155361.0
2025-10-21,2,スポーツ報知東日本,1134.02,1361,164.0,185979.0
2025-10-21,2,東京新聞,1134.02,1361,128.0,145155.0
2025-10-21,2,毎日新聞,1134.02,1361,146.0,165567.0
2025-10-21,2,茨城新聞,1134.02,1361,137.0,155361.0
2025-10-21,2,堅ぶつ揚げとうもろこし味,1134.02,1361,128.0,145155.0
2025-10-21,2,ガルボつぶ練り苺ＰＫＰ,1134.02,1361,175.0,198454.0
2025-10-21,2,テリアフュージョンＭ,1134.02,1361,528.0,598763.0
2025-10-21,2,テリアブラックイエローＭ,1134.02,1361,528.0,598763.0
2025-10-21,2,チョコあーんぱん袋,1134.02,1361,121.0,137216.0
2025-10-21,2,産経新聞,1134.02,1361,128.0,145155.0
2025-10-21,2,タフグミ梅マニア,1134.02,1361,238.0,269897.0
2025-10-21,2,テリアトロピカルＭ,1134.02,1361,528.0,598763.0
2025-10-21,2,ＡｐｐｌｅＧＣ＿ＶＡＲ,1134.02,1361,3250.0,3685565.0
2025-10-21,2,ラッキーＥＸカット６,1134.02,1361,428.0,485361.0
2025-10-21,2,キャメルリッチプルーム,1134.02,1361,455.0,515979.0
2025-10-21,2,ソイチキン根菜ラップ,1134.02,1361,369.0,418453.0
2025-10-21,2,ガルボポケットパック,1134.02,1361,175.0,198454.0
2025-10-21,2,クランキーＰＪクランチＣ,1134.02,1361,175.0,198454.0
2025-10-21,2,センティアＴイエロー,1134.02,1361,482.0,546598.0
2025-10-21,2,◎カリカリ梅赤小袋,1134.02,1361,184.0,208660.0
2025-10-21,2,一番搾りホワイト３５０,1134.02,1361,216.0,244948.0
2025-10-21,2,未来のレサワプレーン３４,1134.02,1361,271.0,307319.0
2025-10-21,2,ガーナザクほろ塩ミルＰＪ,1134.02,1361,177.0,200722.0
2025-10-21,2,ひとくちルマンド,1134.02,1361,162.0,183711.0
2025-10-21,2,センティアＳゴールド,1134.02,1361,482.0,546598.0
2025-10-21,2,スニッカーズピーナッツ,1134.02,1361,150.0,170103.0
2025-10-21,2,◎こだわりのフィナンシェ,1134.02,1361,135.0,153093.0
2025-10-21,2,ツナたまごサンド,1134.02,1361,246.0,278969.0
2025-10-21,2,ちびサワーズドリンクアソ,1134.02,1361,211.0,239278.0
2025-10-21,2,メントスグレープ,1134.02,1361,120.0,136082.0
2025-10-21,2,スッパイスッパイマン大作,1134.02,1361,139.0,157629.0
2025-10-21,2,ミンティアＢ濃苺,1134.02,1361,211.0,239278.0
2025-10-21,2,シゲキックス梅ソルト味,1134.02,1361,120.0,136082.0
2025-10-21,2,植物生まれマスカットグミ,1134.02,1361,148.0,167835.0
2025-10-21,2,ザ・クレープ　生チョコ,1134.02,1361,230.0,260825.0
2025-10-21,2,さけるチーズプレーン,1134.02,1361,141.0,159897.0
2025-10-21,2,ナカミグミもも味,1134.02,1361,168.0,190515.0
2025-10-21,2,◎生コッペパン（ツナ＆ポ,1134.02,1361,149.0,168969.0
2025-10-21,2,◎いちごモッチ,1134.02,1361,139.0,157629.0
2025-10-21,2,◎アップルクリームデニッ,1134.02,1361,135.0,153093.0
2025-10-21,2,◎たっぷりクリームデニッ,1134.02,1361,116.0,131546.0
2025-10-21,2,クロレッツＸＰ　オリジナ,1134.02,1361,180.0,204124.0
2025-10-21,2,ミンティアドライハード,1134.02,1361,105.0,119072.0
2025-10-21,2,ミンティアＢシャイニーピ,1134.02,1361,211.0,239278.0
2025-10-21,2,果汁グミぶどう,1134.02,1361,152.0,172371.0
2025-10-21,2,ピュレグミレモン味,1134.02,1361,150.0,170103.0
2025-10-21,2,◎サラダチキンＳハーブ,1134.02,1361,172.0,195051.0
2025-10-21,2,◎グリルチキンＢＰ,1134.02,1361,221.0,250618.0
2025-10-21,2,野菜生活シークヮーサー,1134.02,1361,118.0,133814.0
2025-10-21,2,トマトジュース食塩無添加,1134.02,1361,113.0,128144.0
2025-10-21,2,エッセンシャルズ鉄分,1134.02,1361,152.0,172371.0
2025-10-21,2,エッセンシャルズビタミン,1134.02,1361,152.0,172371.0
2025-10-21,2,ネクターピーチティー,1134.02,1361,193.0,218866.0
2025-10-21,2,◎カフェラテ　砂糖不使用,1134.02,1361,181.0,205258.0
2025-10-21,2,のむフルーチェイチゴ,1134.02,1361,249.0,282371.0
2025-10-21,2,◎のむヨーグルトいちご,1134.02,1361,162.0,183711.0
2025-10-21,2,ＯＡＴＳＩＤＥプレーン,1134.02,1361,128.0,145155.0
2025-10-21,2,激シゲキックスソーダ,1134.02,1361,120.0,136082.0
2025-10-21,2,◎サラダチキンＳスモーク,1134.02,1361,172.0,195051.0
2025-10-21,2,ブレンドＳ,1134.02,1361,135.0,153093.0
2025-10-21,2,◎グリルチキンやきとり,1134.02,1361,221.0,250618.0
2025-10-21,2,アイスコーヒーＳ,1134.02,1361,135.0,153093.0
2025-10-21,2,◎おつまみかまぼこチーズ,1134.02,1361,173.0,196185.0
2025-10-21,2,◎豆腐と枝豆のひじき和え,1134.02,1361,239.0,271031.0
2025-10-21,2,◎特製ダレの味付けたまご,1134.02,1361,304.0,344742.0
2025-10-21,2,豚しゃぶのパスタサラダ,1134.02,1361,369.0,418453.0
2025-10-21,2,豚しゃぶおろしパスタサラ,1134.02,1361,369.0,418453.0
2025-10-21,2,彩りサラダチキンサンド,1134.02,1361,399.0,452474.0
2025-10-21,2,ゆでたまご＆ハムミックス,1134.02,1361,323.0,366288.0
2025-10-21,2,焦がし醤油風グリルチキン,1134.02,1361,369.0,418453.0
2025-10-21,2,ラッキーＥＸカット１０,1134.02,1361,428.0,485361.0
2025-10-21,2,◎チョコツイスト３本入,1134.02,1361,144.0,163299.0
2025-10-21,2,生ハムとルッコラ,1134.02,1361,462.0,523917.0
2025-10-21,2,◎生コッペパン（ダブルピ,1134.02,1361,135.0,153093.0
2025-10-21,2,おいしい牛乳２００ＭＬ,1134.02,1361,133.0,150825.0
2025-10-21,2,◎白生クリームパン（ダブ,1134.02,1361,147.0,166701.0
2025-10-21,2,◎炙りいかそうめん,1134.02,1361,193.0,218866.0
2025-10-21,2,Ｗ・Ｃホワイト１・１００,1134.02,1361,491.0,556804.0
2025-10-21,2,チップスターＳ梅しそ味,1134.02,1361,158.0,179175.0
2025-10-21,2,◎フランクロール,1134.02,1361,184.0,208660.0
2025-10-21,2,メビＰメンＯＰＰ８,1134.02,1361,528.0,598763.0
2025-10-21,2,今治ＴＨ千鳥,1134.02,1361,600.0,680412.0
2025-10-21,2,つかめる実験！ふしぎ玉,1134.02,1361,180.0,204124.0
2025-10-21,2,三次元マスクふつう,1134.02,1361,350.0,396907.0
2025-10-21,2,メビウスＥＸＬＢ,1134.02,1361,528.0,598763.0
2025-10-21,2,グミチョコ苺,1134.02,1361,233.0,264227.0
2025-10-21,2,マカダミアＰＪカラメリゼ,1134.02,1361,175.0,198454.0
2025-10-21,2,たべっ子ラムネレモン味,1134.02,1361,150.0,170103.0
2025-10-21,2,ポテトＣおたくのマヨ味,1134.02,1361,190.0,215464.0
2025-10-21,2,ケントＮＳインテンスリＦ,1134.02,1361,500.0,567010.0
2025-10-21,2,メビウスＥＭＯＰＰ１Ｓ,1134.02,1361,455.0,515979.0
2025-10-21,2,３色そぼろ＆チキン南蛮弁,1134.02,1361,580.0,657732.0
2025-10-21,2,海苔巻おかき,1134.02,1361,228.0,258557.0
2025-10-21,2,レジ袋４５号,1134.02,1361,7.0,7938.0
2025-10-21,2,◎マシマシ紅しょうがせん,1134.02,1361,119.0,134948.0
2025-10-21,2,◎おこめチップスのりしお,1134.02,1361,249.0,282371.0
2025-10-21,2,メビウス１・１００ＢＯＸ,1134.02,1361,528.0,598763.0
2025-10-21,2,◎ミニクッキー,1134.02,1361,128.0,145155.0
2025-10-21,2,グリーンガム,1134.02,1361,138.0,156495.0
2025-10-21,2,◎黒ごまミニアスパラガス,1134.02,1361,119.0,134948.0
2025-10-21,2,健康のど飴梅小袋,1134.02,1361,128.0,145155.0
2025-10-21,2,メビＰメンＯＰＰ５,1134.02,1361,528.0,598763.0
2025-10-21,2,富士通ＰＲＥ　単３－４Ｐ,1134.02,1361,528.0,598763.0
2025-10-21,2,オリオンドラフト３５０,1134.02,1361,216.0,244948.0
2025-10-21,2,週刊少年マガジン,1134.02,1361,364.0,412783.0
2025-10-21,2,ｉｎバープロテインバニラ,1134.02,1361,170.0,192783.0
2025-10-21,2,◎ひとくちこしあん大福５,1134.02,1361,156.0,176907.0
2025-10-21,2,ミルク餅,1134.02,1361,130.0,147423.0
2025-10-21,2,◎有明産の海苔,1134.02,1361,121.0,137216.0
2025-10-21,2,まるごとりんごのど飴小袋,1134.02,1361,128.0,145155.0
2025-10-21,2,キットカットバー,1134.02,1361,140.0,158763.0
2025-10-21,2,グミだよ。レモネード味,1134.02,1361,166.0,188247.0
2025-10-21,2,カンデミーナＷ電撃ライチ,1134.02,1361,200.0,226804.0
2025-10-21,2,◎スパイシービーフジャー,1134.02,1361,156.0,176907.0
2025-10-21,2,ＢＳラーメンおつまみ,1134.02,1361,131.0,148557.0
2025-10-21,2,ケントトゥルータバコ,1134.02,1361,437.0,495567.0
2025-10-21,2,フェットチーネＰピーチパ,1134.02,1361,148.0,167835.0
2025-10-21,2,◎超暴君ハバネロ,1134.02,1361,128.0,145155.0
2025-10-21,2,◎ノアールミニ,1134.02,1361,119.0,134948.0
2025-10-21,2,スティックのりＰＩＴ,1134.02,1361,232.0,263093.0
2025-10-21,2,ケントＴリッチタバコ,1134.02,1361,437.0,495567.0
2025-10-21,2,クロレッツＸＰシャープミ,1134.02,1361,180.0,204124.0
2025-10-21,2,クールループド,1134.02,1361,455.0,515979.0
2025-10-21,2,ラーク・マイルド・ＢＯＸ,1134.02,1361,491.0,556804.0
2025-10-21,2,週　刊　プ　ロ　レ　ス,1134.02,1361,573.0,649793.0
2025-10-21,2,◎しっとりバウムクーヘン,1134.02,1361,167.0,189381.0
2025-10-21,2,◎つぶあんどら焼き,1134.02,1361,144.0,163299.0
2025-10-21,2,今治ＴＨドット／黒青,1134.02,1361,600.0,680412.0
2025-10-21,2,アメスピＯＬゴールド,1134.02,1361,382.0,433196.0
2025-10-21,2,ビッグ　コミック,1134.02,1361,437.0,495567.0
2025-10-21,2,グランドジャンプ,1134.02,1361,437.0,495567.0
2025-10-21,2,◎ばかうけたっぷり青のり,1134.02,1361,110.0,124742.0
2025-10-21,2,ニベアディープモイスチャ,1134.02,1361,533.0,604433.0
2025-10-21,2,ホロチャージホロライブＧ,1134.02,1361,260.0,294845.0
2025-10-21,2,トロピカーナオレンジ,1134.02,1361,150.0,170103.0
2025-10-21,2,１本満足プロテインチョコ,1134.02,1361,171.0,193917.0
2025-10-21,2,プロテインバー　チョコ,1134.02,1361,180.0,204124.0
2025-10-21,2,堅あげポテトうすしお味,1134.02,1361,179.0,202990.0
2025-10-21,2,氷結グレープフルーツ３５,1134.02,1361,168.0,190515.0
2025-10-21,2,読売新聞,1134.02,1361,164.0,185979.0
2025-10-21,2,週刊ベースボール,1134.02,1361,564.0,639587.0
2025-10-21,2,明治Ｒ－１ドリンク,1134.02,1361,149.0,168969.0
2025-10-21,2,◎瀬戸内レモンピール,1134.02,1361,167.0,189381.0
2025-10-21,2,雑貨（雑誌便）,1134.02,1361,2490.0,2823710.0
2025-10-21,2,マルボロ・メン４Ｂ,1134.02,1361,546.0,619175.0
2025-10-21,2,Ｗ・Ｃレッド８・ＢＯＸ,1134.02,1361,491.0,556804.0
2025-10-21,2,ネオＢワイルドベリー,1134.02,1361,455.0,515979.0
2025-10-21,2,ポリッピーしお味,1134.02,1361,120.0,136082.0
2025-10-21,2,特撰月餅,1134.02,1361,140.0,158763.0
2025-10-21,2,ＭＶＰＧフローズンウィズ,1134.02,1361,546.0,619175.0
2025-10-21,2,ふわもち生大福　コーヒー,1134.02,1361,138.0,156495.0
2025-10-21,2,ラー油四川風麻婆焼そば,1134.02,1361,499.0,565876.0
2025-10-21,2,サラサクリップ　赤,1134.02,1361,99.0,112268.0
2025-10-21,2,エボコールドＭ　ＰＬＭ,1134.02,1361,500.0,567010.0
2025-10-21,2,べスティＥＸ首振り,1134.02,1361,100.0,113402.0
2025-10-21,2,野菜スティック味噌マヨ,1134.02,1361,276.0,312990.0
2025-10-21,2,冷たい明太カルボナーラ,1134.02,1361,499.0,565876.0
2025-10-21,2,フレッシュ野菜サラダ,1134.02,1361,199.0,225670.0
2025-10-21,2,ミニチーズおかきお好み焼,1134.02,1361,147.0,166701.0
2025-10-21,2,メビウスＥＯＰＰ８,1134.02,1361,455.0,515979.0
2025-10-21,2,週刊少年サンデー,1134.02,1361,346.0,392371.0
2025-10-21,2,セロテープ小巻直線カッタ,1134.02,1361,220.0,249484.0
2025-10-21,2,メビウスＢ,1134.02,1361,528.0,598763.0
2025-10-21,2,洗顔シート　石けんの香り,1134.02,1361,246.0,278969.0
2025-10-21,2,ラーク・ＢＯＸ,1134.02,1361,491.0,556804.0
2025-10-21,2,日刊ゲンダイ　通常版,1134.02,1361,164.0,185979.0
2025-10-21,2,ＡｐｐｌｅＧＣ　ＶＡＲ,1134.02,1361,5000.0,5670100.0
2025-10-21,2,ＭＶマスカットＯＰＰＬＭ,1134.02,1361,455.0,515979.0
2025-10-21,2,タフグミｍｉｎｉデュオ,1134.02,1361,238.0,269897.0
2025-10-21,2,フェイシャルＰアイス,1134.02,1361,250.0,283505.0
2025-10-21,2,パリジャンサンドハムチズ,1134.02,1361,323.0,366288.0
2025-10-21,2,レインボーキューブグミ,1134.02,1361,198.0,224536.0
2025-10-21,2,冷しとろろそば,1134.02,1361,508.0,576082.0
2025-10-21,2,メビウス１００Ｂ,1134.02,1361,528.0,598763.0
2025-10-21,2,◎グリルチキン梅しそ,1134.02,1361,221.0,250618.0
2025-10-21,2,午後の紅茶　ストレート,1134.02,1361,160.0,181443.0
2025-10-21,2,ネオアイスドＭハイパー,1134.02,1361,455.0,515979.0
2025-10-21,2,じゃがりこＬ明太もんじゃ,1134.02,1361,218.0,247216.0
2025-10-21,2,◎ふんわりカステラ,1134.02,1361,119.0,134948.0
2025-10-21,2,プロテインピーナッツバタ,1134.02,1361,249.0,282371.0
2025-10-21,2,ＭＶアロマＲプルーム,1134.02,1361,473.0,536391.0
2025-10-21,2,さけるチーズとうがらし味,1134.02,1361,141.0,159897.0
2025-10-21,2,◎麻辣花生,1134.02,1361,128.0,145155.0
2025-10-21,2,無限そら豆濃塩ポーク,1134.02,1361,158.0,179175.0
2025-10-21,2,ＡｐｐｌｅＧＣ１．５千,1134.02,1361,1500.0,1701030.0
2025-10-21,2,冷シート　フローラル,1134.02,1361,462.0,523917.0
2025-10-21,2,ポカリスエット５００,1134.02,1361,150.0,170103.0
2025-10-21,2,ポッキーチョコレート,1134.02,1361,207.0,234742.0
2025-10-21,2,メビウスＥ６　１００Ｓ,1134.02,1361,455.0,515979.0
2025-10-21,2,オイコス　ストロベリー,1134.02,1361,189.0,214330.0
2025-10-21,2,センティアＣグリーン,1134.02,1361,482.0,546598.0
2025-10-21,2,デイリースポーツ,1134.02,1361,146.0,165567.0
2025-10-21,2,ハムレタスたまごサンド,1134.02,1361,265.0,300515.0
2025-10-21,2,◎高地栽培バナナ１本,1134.02,1361,130.0,147423.0
2025-10-21,2,ＣＷ晴雨兼用ミニ折傘,1134.02,1361,2014.0,2283916.0
2025-10-21,2,濃い大満足みかん,1134.02,1361,239.0,271031.0
2025-10-21,2,塩分チャージタブレッツ,1134.02,1361,238.0,269897.0
2025-10-21,2,ケントＴベリーブースト,1134.02,1361,437.0,495567.0
2025-10-21,2,朝日新聞,1134.02,1361,164.0,185979.0
2025-10-21,2,１９６無糖Ｗパイン３５,1134.02,1361,161.0,182577.0
2025-10-21,2,ケントＮＳブライトタバコ,1134.02,1361,500.0,567010.0
2025-10-21,2,◎グリルチキンゆず七味,1134.02,1361,221.0,250618.0
2025-10-21,2,エボベリーＣＲ　ＰＬＭ,1134.02,1361,500.0,567010.0
2025-10-21,2,メビウスＳＬＢ,1134.02,1361,528.0,598763.0
2025-10-21,2,エボディープＲ　ＰＬＭ,1134.02,1361,500.0,567010.0
2025-10-21,2,ＳｐｏｒｔｓＧｒａｐｈｉ,1134.02,1361,746.0,845979.0
2025-10-21,2,少年チャンピオン,1134.02,1361,364.0,412783.0
2025-10-21,2,紳士リブＳ黒,1134.02,1361,390.0,442268.0
2025-10-21,2,文庫,1134.02,1361,600.0,680412.0
2025-10-21,2,ヤング　ジャンプ,1134.02,1361,428.0,485361.0
2025-10-21,2,フリスクペパーミント,1134.02,1361,235.0,266495.0
2025-10-21,2,テリアルビーレギュラー,1134.02,1361,528.0,598763.0
2025-10-21,2,週　刊　新　潮,1134.02,1361,464.0,526185.0
2025-10-21,2,◎２種の醤油仕上げ柿ピー,1134.02,1361,167.0,189381.0
2025-10-21,2,三次元マスク大きめ,1134.02,1361,350.0,396907.0
2025-10-21,2,顔体用シート　ゴミポケ,1134.02,1361,280.0,317526.0
2025-10-21,2,炙り焼　鳥めし弁当,1134.02,1361,526.0,596495.0
2025-10-21,2,今治ＴＨ　ハート,1134.02,1361,637.0,722371.0
2025-10-21,2,スポニチ東日本,1134.02,1361,164.0,185979.0
2025-10-21,2,ざるそば,1134.02,1361,417.0,472886.0
2025-10-21,2,◎塩揚げ餅,1134.02,1361,128.0,145155.0
2025-10-21,2,ラッキーＳベリーＢ,1134.02,1361,391.0,443402.0
2025-10-21,2,◎チョコチップスコーン,1134.02,1361,149.0,168969.0
2025-10-21,2,週　刊　実　話,1134.02,1361,519.0,588556.0
2025-10-21,2,チ－ズインカレ－ハンバ－,1134.02,1361,184.0,208660.0
2025-10-21,2,マルボロミディアムＢＯＸ,1134.02,1361,546.0,619175.0
2025-10-21,2,ＧＰｌａｙバリアブル,1134.02,1361,3000.0,3402060.0
2025-10-21,2,ソフトワン使い切り１回分,1134.02,1361,121.0,137216.0
2025-10-21,2,ソルティライチ,1134.02,1361,163.0,184845.0
2025-10-21,2,果汁グミ弾力プラスいちご,1134.02,1361,225.0,255154.0
2025-10-21,2,綴じノートＢ５Ａ罫,1134.02,1361,208.0,235876.0
2025-10-21,2,ニッカン東日本（日刊スポ,1134.02,1361,164.0,185979.0
2025-10-21,2,クリニカハミガキ　ミニ,1134.02,1361,91.0,103196.0
2025-10-21,2,アメリカヘアピン,1134.02,1361,280.0,317526.0
2025-10-21,2,午後の紅茶おいしい無糖,1134.02,1361,158.0,179175.0
2025-10-21,2,折りたたみセットコーム,1134.02,1361,491.0,556804.0
2025-10-21,2,極冷感　フリージア,1134.02,1361,462.0,523917.0
2025-10-21,2,回転焼（抹茶あん）２個入,1134.02,1361,147.0,166701.0
2025-10-21,2,冷しぶっかけ豚肉うどん,1134.02,1361,554.0,628247.0
2025-10-21,2,クリニカトラベルセット,1134.02,1361,330.0,374227.0
2025-10-21,2,かっぱえびせん鳴門の塩,1134.02,1361,158.0,179175.0
2025-10-21,2,プレミアムルック清水白桃,1134.02,1361,270.0,306185.0
2025-10-21,2,ポテトチップス大人の夏味,1134.02,1361,158.0,179175.0
2025-10-21,2,フリスクＣＢフレッシュＭ,1134.02,1361,278.0,315258.0
2025-10-21,2,◎あたりめ　小,1134.02,1361,147.0,166701.0
2025-10-21,2,ハッピーターンスパイス,1134.02,1361,120.0,136082.0
2025-10-21,2,◎チョコマカダミアクッキ,1134.02,1361,184.0,208660.0
2025-10-21,2,アイスコーヒーＭ,1134.02,1361,223.0,252886.0
2025-10-21,2,Ｆ謹製塩豆大福,1134.02,1361,167.0,189381.0
2025-10-21,2,◎トルティーヤＣタコス味,1134.02,1361,128.0,145155.0
2025-10-21,2,ミニ冷し中華,1134.02,1361,369.0,418453.0
2025-10-21,2,競馬ブック,1134.02,1361,500.0,567010.0
2025-10-21,2,週刊　漫画タイムス,1134.02,1361,364.0,412783.0
2025-10-21,2,ＢＳおつまみ激辛チキン,1134.02,1361,136.0,154227.0
2025-10-21,2,東スポ競馬特別版,1134.02,1361,228.0,258557.0
2025-10-21,2,キャメルクラフト１２,1134.02,1361,410.0,464948.0
2025-10-21,2,メビウスＳＴ１　１００,1134.02,1361,528.0,598763.0
2025-10-21,2,アロンアルフア速効多用途,1134.02,1361,501.0,568144.0
2025-10-21,2,◎風味が豊かなチーズ鱈小,1134.02,1361,172.0,195051.0
2025-10-21,2,ライトニング用イヤホン,1134.02,1361,3255.0,3691235.0
2025-10-21,2,ＭＶＭミントＭプルーム,1134.02,1361,455.0,515979.0
2025-10-21,2,◎春雨スープかきたま,1134.02,1361,167.0,189381.0
2025-10-21,2,ピアニシモ・プレシアメン,1134.02,1361,519.0,588556.0
2025-10-21,2,ハイマッキー　太字　黒,1134.02,1361,136.0,154227.0
2025-10-21,2,ミックスアイス,1134.02,1361,464.0,526185.0
2025-10-21,2,コミック,1134.02,1361,520.0,589690.0
2025-10-21,2,海味鮮,1134.02,1361,120.0,136082.0
2025-10-21,2,漫　画　ゴラク,1134.02,1361,500.0,567010.0
2025-10-21,2,ビッグコミックオリジナル,1134.02,1361,437.0,495567.0
2025-10-21,2,もっちりクリームロール,1134.02,1361,313.0,354948.0
2025-10-21,2,塩チョコタルト,1134.02,1361,258.0,292577.0
2025-10-21,2,雑誌（地元発行紙）,1134.02,1361,228.0,258557.0
2025-10-21,2,アクアリッチ　エッセンス,1134.02,1361,880.0,997938.0
2025-10-21,2,ベロブリージーマンゴーＭ,1134.02,1361,291.0,330000.0
2025-10-21,2,噛むブレスケアレモン,1134.02,1361,385.0,436598.0
2025-10-21,2,月刊　少年マガジン,1134.02,1361,637.0,722371.0
2025-10-21,2,マッキー　極細　黒,1134.02,1361,111.0,125876.0
2025-10-21,2,ネオＢレッドフルーツ,1134.02,1361,455.0,515979.0
2025-10-21,2,技のこだ割り濃厚醤油,1134.02,1361,138.0,156495.0
2025-10-21,2,さけるチーズスモーク味,1134.02,1361,141.0,159897.0
2025-10-21,2,冷シート　無香,1134.02,1361,462.0,523917.0
2025-10-21,2,大盛　明太子スパゲティ,1134.02,1361,554.0,628247.0
2025-10-21,2,ブレンドＭ,1134.02,1361,204.0,231340.0
2025-10-21,2,スポーツ報知,1134.02,1361,164.0,185979.0
2025-10-21,2,日刊スポーツ,1134.02,1361,164.0,185979.0
2025-10-21,2,競馬エイト,1134.02,1361,591.0,670206.0
2025-10-21,2,ゼロチョコレートクリスプ,1134.02,1361,220.0,249484.0
2025-10-21,2,◎ドライもも,1134.02,1361,276.0,312990.0
2025-10-21,2,メビウスＥＸＬ１００Ｂ,1134.02,1361,528.0,598763.0
2025-10-21,2,キャメルクラフト１,1134.02,1361,410.0,464948.0
2025-10-21,2,今治ＴＨＣグラデーション,1134.02,1361,600.0,680412.0
2025-10-21,2,今治ＴＨ　ストライプＢＧ,1134.02,1361,637.0,722371.0
2025-10-21,2,テリアメンソール１０Ｐ,1134.02,1361,5273.0,5979687.0
2025-10-21,2,オイコスドリンク　カフェ,1134.02,1361,248.0,281237.0
2025-10-21,2,明治ヨーグルトＲ－１,1134.02,1361,144.0,163299.0
2025-10-21,2,ネオＢマスカッット,1134.02,1361,455.0,515979.0
2025-10-21,2,夏ポテト紀州の南高梅味,1134.02,1361,179.0,202990.0
2025-10-21,2,ＧＰｌａｙ５０００,1134.02,1361,5000.0,5670100.0
2025-10-21,2,スパッシュラムネレモン,1134.02,1361,147.0,166701.0
2025-10-21,2,ラッキーＳトロピカルＢ,1134.02,1361,391.0,443402.0
2025-10-21,2,スフレ・プリン,1134.02,1361,306.0,347010.0
2025-10-21,2,スポーツニッポン,1134.02,1361,164.0,185979.0
2025-10-21,2,エボルタＮＥＯ単３－４Ｐ,1134.02,1361,659.0,747319.0
2025-10-21,2,アスティーグ肌　Ｌ,1134.02,1361,600.0,680412.0
2025-10-21,2,消しゴム　ＭＯＮＯ,1134.02,1361,110.0,124742.0
2025-10-21,2,キャップ付鉛筆３Ｐ,1134.02,1361,180.0,204124.0
2025-10-21,2,ケント・１・ＫＳ・ＢＯＸ,1134.02,1361,473.0,536391.0
2025-10-21,2,スーパーグリップシャープ,1134.02,1361,100.0,113402.0
2025-10-21,2,ショートＳ灰緑／白小,1134.02,1361,390.0,442268.0
2025-10-21,2,ソルティグレフルグミ,1134.02,1361,184.0,208660.0
2025-10-21,2,うまイチュウ青りんご味,1134.02,1361,127.0,144021.0
2025-10-21,2,ペタグーシャインマスカッ,1134.02,1361,150.0,170103.0
2025-10-21,2,クールマイルド・ＢＯＸ,1134.02,1361,528.0,598763.0
2025-10-21,2,マロッシュラムネ味,1134.02,1361,159.0,180309.0
2025-10-21,2,アポロマイスタイル,1134.02,1361,247.0,280103.0
2025-10-21,2,◎夏のベイクドチーズＣ,1134.02,1361,138.0,156495.0
2025-10-21,2,パイの実レアチーズケーキ,1134.02,1361,238.0,269897.0
2025-10-21,2,ビッグコミックスピリッツ,1134.02,1361,464.0,526185.0
2025-10-21,2,塩キャラメルプリン,1134.02,1361,230.0,260825.0
2025-10-21,2,クロレッツＸＰ　クリアミ,1134.02,1361,180.0,204124.0
2025-10-21,2,ライトニング電池式６本,1134.02,1361,2346.0,2660411.0
2025-10-21,2,多当仏　御霊前,1134.02,1361,87.0,98660.0
2025-10-21,2,テリヤキチキンたまごコぺ,1134.02,1361,323.0,366288.0
2025-10-21,2,ワンピデッキシャンクス,1134.02,1361,500.0,567010.0
2025-10-21,2,◎ばんそうこう３サイズ,1134.02,1361,362.0,410515.0
2025-10-21,2,◎塩キャラメルケーキタ３,1134.02,1361,167.0,189381.0
2025-10-21,2,Ｃボス　地中海スカッシュ,1134.02,1361,166.0,188247.0
2025-10-21,2,マッチ　５００,1134.02,1361,150.0,170103.0
2025-10-21,2,テリアスムースＲ１０Ｐ,1134.02,1361,5273.0,5979687.0
2025-10-21,2,こだわり酒場のレモン３５,1134.02,1361,161.0,182577.0
2025-10-21,2,狩人めしエナジードリンク,1134.02,1361,125.0,141752.0
2025-10-21,2,サントリー生ビール３５０,1134.02,1361,212.0,240412.0
2025-10-21,2,北海道生ビール３５０,1134.02,1361,216.0,244948.0
2025-10-21,2,◎やわらか燻製さきいか,1134.02,1361,184.0,208660.0
2025-10-21,2,◎とうふとわかめ,1134.02,1361,121.0,137216.0
2025-10-21,2,青磯海苔　まぐろたくあん,1134.02,1361,187.0,212062.0
2025-10-21,2,ザバスチョコレート２００,1134.02,1361,205.0,232474.0
2025-10-21,2,大粒ラムネアイスボックス,1134.02,1361,161.0,182577.0
2025-10-21,2,男梅サワー梅涼し３５０,1134.02,1361,187.0,212062.0
2025-10-21,2,もち麦　新生姜とわかめ,1134.02,1361,163.0,184845.0
2025-10-21,2,紳士くるぶし丈Ｓ黒,1134.02,1361,390.0,442268.0
2025-10-21,2,ショートＳ灰緑／白大,1134.02,1361,390.0,442268.0
2025-10-21,2,漬け真鯛おむすび,1134.02,1361,260.0,294845.0
2025-10-21,2,こってり炒飯おむすび,1134.02,1361,166.0,188247.0
2025-10-21,2,手巻寿司　ばくだん納豆,1134.02,1361,207.0,234742.0
2025-10-21,2,茶流彩彩　コーン茶,1134.02,1361,110.0,124742.0
2025-10-21,2,◎どかっとベーコンチーズ,1134.02,1361,139.0,157629.0
2025-10-21,2,ＢＩＧあらびきソーセージ,1134.02,1361,150.0,170103.0
2025-10-21,2,◎クランベリー＆チーズク,1134.02,1361,147.0,166701.0
2025-10-21,2,◎塩バターパン（チョコク,1134.02,1361,156.0,176907.0
2025-10-21,2,３種のミックスサンド,1134.02,1361,298.0,337938.0
2025-10-21,2,ネオＢトロピカルハイパー,1134.02,1361,455.0,515979.0
2025-10-21,2,ブラックＴココナッツ小袋,1134.02,1361,128.0,145155.0
2025-10-21,2,ぷっちょＳＴ瀬戸内レモン,1134.02,1361,118.0,133814.0
2025-10-21,2,みんなのレモネード,1134.02,1361,212.0,240412.0
2025-10-21,2,オレンジもちとろクリーム,1134.02,1361,184.0,208660.0
2025-10-21,2,まるごとバナナ,1134.02,1361,260.0,294845.0
2025-10-21,2,８×４ロールオンせっけん,1134.02,1361,641.0,726907.0
2025-10-21,2,ノンシュガー塩果実キャン,1134.02,1361,211.0,239278.0
2025-10-21,2,◎ふんわりとしたパンケ８,1134.02,1361,172.0,195051.0
2025-10-21,2,つくね＆鶏そぼろごはん,1134.02,1361,313.0,354948.0
2025-10-21,2,ＩＱＯＳｉＯＭブラック,1134.02,1361,3619.0,4104018.0
2025-10-21,2,◎焼きカレーパン３個入,1134.02,1361,184.0,208660.0
2025-10-21,2,プライドポテト神戸ビーフ,1134.02,1361,168.0,190515.0
2025-10-21,2,堅あげ焼きとうもろこし,1134.02,1361,179.0,202990.0
2025-10-21,2,◎Ｆボスブラック　４５０,1134.02,1361,130.0,147423.0
2025-10-21,2,コアラのマーチ練乳ミルク,1134.02,1361,177.0,200722.0
2025-10-21,2,ＰＧスパイシーチキンＳ缶,1134.02,1361,168.0,190515.0
2025-10-21,2,ハニーミルクティー,1134.02,1361,230.0,260825.0
2025-10-21,2,果汁グミすいか,1134.02,1361,152.0,172371.0
2025-10-21,2,カスタムプラスＥＸ首振り,1134.02,1361,398.0,451340.0
2025-10-21,2,ツナとたまごサンド,1134.02,1361,265.0,300515.0
2025-10-21,2,◎塩チョコフィナンシェ,1134.02,1361,167.0,189381.0
2025-10-21,2,大盛豚肉とねぎの塩焼そば,1134.02,1361,554.0,628247.0
2025-10-21,2,純連冷し味噌ラーメン,1134.02,1361,599.0,679278.0
2025-10-21,2,フルーツの沼メロン＆白桃,1134.02,1361,230.0,260825.0
2025-10-21,2,トルティーヤ豚生姜ハムチ,1134.02,1361,369.0,418453.0
2025-10-21,2,ぷっちょイカゲーム第二弾,1134.02,1361,193.0,218866.0
2025-10-21,2,Ｗ・Ｃホワイト３ＢＯＸ,1134.02,1361,491.0,556804.0
2025-10-21,2,毎日新聞（１都６県静０１,1134.02,1361,,
2025-10-21,2,東京スポーツ（１都６県静,1134.02,1361,,
2025-10-21,2,東京新聞（１都６県静０１,1134.02,1361,,
2025-10-21,2,スポーツ報知（関東東北北,1134.02,1361,,
2025-10-21,2,日刊ゲンダイ（１都６県静,1134.02,1361,,
2025-10-21,2,納豆細巻寿司（２巻増量）,1134.02,1361,389.0,441134.0
2025-10-21,2,ＪＴニューヨーク（旧：ヘ,1134.02,1361,,
2025-10-21,2,読売新聞（１都６県静０１,1134.02,1361,,
2025-10-21,2,日本経済新聞（静０５）,1134.02,1361,,
2025-10-21,2,朝日新聞（宮山梨静０５以,1134.02,1361,,
2025-10-21,2,ＴｈｅＪａｐａｎＮｅｗｓ,1134.02,1361,,
2025-10-21,2,産経新聞（宮山梨静０５以,1134.02,1361,,
2025-10-21,2,プロテインキャラメル,1134.02,1361,249.0,282371.0
2025-10-21,2,キャメルクラフトＭＢ５,1134.02,1361,410.0,464948.0
2025-10-21,2,◎どかっとテリマヨチキン,1134.02,1361,135.0,153093.0
2025-10-21,2,スポニチ（山梨静０５以外,1134.02,1361,,
2025-10-21,2,デイリースポーツ（１都６,1134.02,1361,,
2025-10-21,2,サンスポ（山梨静０５以外,1134.02,1361,,
2025-10-21,2,日刊スポ（山梨静０５以外,1134.02,1361,,
2025-10-21,2,婦人リブＳ白,1134.02,1361,390.0,442268.0
2025-10-21,2,◎こだわりのバタークッキ,1134.02,1361,239.0,271031.0
2025-10-21,2,Ｆはちみつ＆マーガリンの,1134.02,1361,147.0,166701.0
2025-10-21,2,男梅シート,1134.02,1361,200.0,226804.0
2025-10-21,2,ＧＰｌａｙ３０００,1134.02,1361,3000.0,3402060.0
2025-10-21,2,Ｓスター１０Ｂ,1134.02,1361,546.0,619175.0
2025-10-21,2,オイコス　パッションフル,1134.02,1361,189.0,214330.0
2025-10-21,2,コーヒー用氷Ｓ,1134.02,1361,,
2025-10-21,2,◎冷スープかぼちゃと人参,1134.02,1361,332.0,376495.0
2025-10-21,2,ＣＷ晴雨兼用スリム折傘,1134.02,1361,2014.0,2283916.0
2025-10-21,2,セブンスター１０Ｐ,1134.02,1361,5455.0,6186079.0
2025-10-21,2,フライドチキン＆ハンバー,1134.02,1361,555.0,629381.0
2025-10-21,2,ケントエス・スパーク５,1134.02,1361,455.0,515979.0
2025-10-21,2,Ｃ玄米ブラン贅沢ミルク,1134.02,1361,180.0,204124.0
2025-10-21,2,Ｃ玄米ブラン　カカオ,1134.02,1361,155.0,175773.0
2025-10-21,2,ブルガリアＹＯマスカット,1134.02,1361,185.0,209794.0
2025-10-21,2,激辛韓国風焼そば,1134.02,1361,510.0,578350.0
2025-10-21,2,◎フルーツＣ塩レモン,1134.02,1361,276.0,312990.0
2025-10-21,2,沖縄黒糖のブラウにゃー,1134.02,1361,220.0,249484.0
2025-10-21,2,カントリーＭ塩バニラアイ,1134.02,1361,145.0,164433.0
2025-10-21,2,シングルモルト白州１８０,1134.02,1361,1950.0,2211339.0
2025-10-21,2,週刊ＴＶガイド（関東版）,1134.02,1361,,
2025-10-21,2,その他３口座売上,1134.02,1361,649.0,735979.0
2025-10-21,2,竹箸　５００膳,1134.02,1361,,
2025-10-21,2,ＴＶＬＩＦＥ　首都圏版,1134.02,1361,,
2025-10-21,2,コーヒー用氷Ｍ,1134.02,1361,,
2025-10-21,2,ａｎａｎ（アンアン）,1134.02,1361,,
2025-10-21,2,コーヒーリッドＭ,1134.02,1361,,
2025-10-21,2,今治ＴＨフジＲ２５,1134.02,1361,637.0,722371.0
2025-10-21,2,ストローレスリッド,1134.02,1361,,
2025-10-21,2,しあわせ素肌ミニ夜用,1134.02,1361,162.0,183711.0
2025-10-21,2,ニンフィアゼリードリンク,1134.02,1361,249.0,282371.0
2025-10-21,2,新・値下シール３０円,1134.02,1361,,
2025-10-21,2,ＣＷ折りたたみ耐風傘,1134.02,1361,2014.0,2283916.0
2025-10-21,2,サンデー毎日,1134.02,1361,600.0,680412.0
2025-10-21,2,カフェカップＳ,1134.02,1361,,
2025-10-21,2,塩分チャージタブ小袋,1134.02,1361,140.0,158763.0
2025-10-21,2,週刊　女性セブン,1134.02,1361,482.0,546598.0
2025-10-21,2,第１０７回全国高校野球選,1134.02,1361,,
2025-10-21,2,お泊まりスキンケアセット,1134.02,1361,380.0,430928.0
2025-10-21,2,楽天ギフトバリアブル,1134.02,1361,10500.0,11907210.0
2025-10-21,2,ＡＥＲＡ（アエラ）,1134.02,1361,591.0,670206.0
2025-10-21,2,なめらか食感水ようかん,1134.02,1361,158.0,179175.0
2025-10-21,2,トマトベーコンパスタサラ,1134.02,1361,389.0,441134.0
2025-10-21,2,ベ　ス　ト　カ　ー,1134.02,1361,537.0,608969.0
2025-10-21,2,ポケカ拡張ステラ,1134.02,1361,164.0,185979.0
2025-10-21,2,ベロＢマンゴーＭ５Ｐ,1134.02,1361,1455.0,1649999.0
2025-10-21,2,明太マヨいか天,1134.02,1361,130.0,147423.0
2025-10-21,2,マウスＷクリア８０ＭＬ,1134.02,1361,200.0,226804.0
2025-10-21,2,こんがりパンポタージュ,1134.02,1361,170.0,192783.0
2025-10-21,2,クラフトテープ　１巻,1134.02,1361,,
2025-10-21,2,タリーズブラック３９０,1134.02,1361,158.0,179175.0
2025-10-21,2,アルバトロス・ビュー,1134.02,1361,,
2025-10-21,2,テリアレギュラー１０Ｐ,1134.02,1361,5273.0,5979687.0
2025-10-21,2,発注レジ袋１２号バイオマ,1134.02,1361,,
2025-10-21,2,ショコラ＆ホイップパイ,1134.02,1361,239.0,271031.0
2025-10-21,2,ビッグコミックスペリオー,1134.02,1361,464.0,526185.0
2025-10-21,2,ネイビーやまがた県民手帳,1134.02,1361,500.0,567010.0
2025-10-21,2,塩レモンクッキーシュー,1134.02,1361,204.0,231340.0
2025-10-21,2,アスティーグ黒　Ｍ,1134.02,1361,600.0,680412.0
2025-10-21,2,しょうが香る冷し薬味そば,1134.02,1361,,
2025-10-21,2,明太海苔弁当,1134.02,1361,555.0,629381.0
2025-10-21,2,東京スポーツ競馬特別版,1134.02,1361,,
2025-10-21,2,夏ポテト対馬の浜御塩味,1134.02,1361,179.0,202990.0
2025-10-21,2,優馬（関東山形福島）,1134.02,1361,,
2025-10-21,2,日刊競馬（関東山形福島）,1134.02,1361,,
2025-10-21,2,勝馬（関東山形福島）,1134.02,1361,,
2025-10-21,2,競友（関東福島）,1134.02,1361,,
2025-10-21,2,競馬エイト（関東福島）,1134.02,1361,,
2025-10-21,2,競馬ブック（関東山形福島,1134.02,1361,,
2025-10-21,2,馬サブロー（１都６県宮城,1134.02,1361,,
2025-10-21,2,研究（関東山形福島）,1134.02,1361,,
2025-10-21,2,リルＨリキッドＣ,1134.02,1361,73.0,82783.0
2025-10-21,2,ネックバンドイヤホン　黒,1134.02,1361,3164.0,3588039.0
2025-10-21,2,天使のチーズケーキ,1134.02,1361,230.0,260825.0
2025-10-21,2,プレジデント,1134.02,1361,,
2025-10-21,2,ＰＯＳレジロール５０巻,1134.02,1361,,
2025-10-21,2,ペーパータオルＢＳ,1134.02,1361,,
2025-10-21,2,ＪＴオンサンデー（旧：ジ,1134.02,1361,,
2025-10-21,2,コーヒーフレッシュ,1134.02,1361,,
2025-10-21,2,ダーク豆（ＵＣＣ）,1134.02,1361,,
2025-10-21,2,ピース（２０本）,1134.02,1361,546.0,619175.0
2025-10-21,2,２５０円スポーツ,1134.02,1361,228.0,258557.0
2025-10-21,2,ワンピデッキ緑黄ヤマト,1134.02,1361,500.0,567010.0
2025-10-21,2,ワンピデッキ紫黒ルフィ,1134.02,1361,500.0,567010.0
2025-10-21,2,婦人クルーＳ黒,1134.02,1361,390.0,442268.0
2025-10-21,2,ワンピデッキ　バギー,1134.02,1361,500.0,567010.0
2025-10-21,2,ハミガキハブラシセット,1134.02,1361,448.0,508041.0
2025-10-21,2,ＬストライクＢ,1134.02,1361,564.0,639587.0
2025-10-21,2,備蓄米１Ｋｇ,1134.02,1361,,
2025-10-21,2,ｉｎバー　ベイクドビター,1134.02,1361,170.0,192783.0
2025-10-21,2,２ＷＡＹマーカーピンク,1134.02,1361,180.0,204124.0
2025-10-21,2,ガムシロップ,1134.02,1361,,
2025-10-21,2,備蓄米　１ｋｇ,1134.02,1361,360.0,408247.0
2025-10-21,2,堅ぶつ旨塩,1134.02,1361,128.0,145155.0
2025-10-21,2,◎人気のミックスナッツ,1134.02,1361,360.0,408247.0
2025-10-21,2,うるおいさらっとジェル,1134.02,1361,248.0,281237.0
2025-10-21,2,ワンピデッキジュエリー,1134.02,1361,500.0,567010.0
2025-10-21,2,Ｃボス　フルーツエード,1134.02,1361,143.0,162165.0
2025-10-21,2,紅茶花伝　ミルクティー,1134.02,1361,155.0,175773.0
2025-10-21,2,週刊　プレイボーイ,1134.02,1361,591.0,670206.0
2025-10-21,2,今治ＴＨ２５春の色白,1134.02,1361,600.0,680412.0
2025-10-21,2,週　刊　大　衆,1134.02,1361,437.0,495567.0
2025-10-21,2,サクレグミレモン＆梨,1134.02,1361,208.0,235876.0
2025-10-21,2,つぶ塩梅,1134.02,1361,158.0,179175.0
2025-10-21,2,パーラメント１００ＢＯＸ,1134.02,1361,564.0,639587.0
2025-10-21,2,あの夏のラムネグミ,1134.02,1361,167.0,189381.0
2025-10-21,2,濃厚カスタードシュー,1134.02,1361,156.0,176907.0
2025-10-21,2,オレンジパンチ３５０,1134.02,1361,161.0,182577.0
2025-10-21,2,全粒粉サラダチキンたまご,1134.02,1361,369.0,418453.0
2025-10-21,2,パリジャン３種ミート,1134.02,1361,348.0,394639.0
2025-10-21,2,センテＩブラック１０Ｐ,1134.02,1361,4819.0,5464842.0
2025-10-21,2,炭火焼うなぎおむすび,1134.02,1361,369.0,418453.0
2025-10-21,2,海鮮サラダおむすび,1134.02,1361,147.0,166701.0
2025-10-21,2,おろしタツタ弁当（わかめ,1134.02,1361,598.0,678144.0
2025-10-21,2,ビーフハンバーグのロコモ,1134.02,1361,647.0,733711.0
2025-10-21,2,ＳＰＡＭ　玉子焼き,1134.02,1361,313.0,354948.0
2025-10-21,2,週刊　東洋経済,1134.02,1361,864.0,979793.0
2025-10-21,2,エ　コ　ノ　ミ　ス　ト,1134.02,1361,,
2025-10-21,2,テリアリッチＲ１０Ｐ,1134.02,1361,5273.0,5979687.0
2025-10-21,2,ＹＯＵＮＧ　ＫＩＮＧ（ヤ,1134.02,1361,464.0,526185.0
2025-10-21,2,野菜生活巨峰,1134.02,1361,118.0,133814.0
2025-10-21,2,ブーストバイツ,1134.02,1361,240.0,272165.0
2025-10-21,2,専炭治郎の抹茶クリームロ,1134.02,1361,158.0,179175.0
2025-10-21,2,銀鮭と煮物の幕の内弁当,1134.02,1361,555.0,629381.0
2025-10-21,2,鬼滅の刃フルーツオレ,1134.02,1361,249.0,282371.0
2025-10-21,2,アサイーボウルドリンク,1134.02,1361,249.0,282371.0
2025-10-21,2,◎生スコーン６個入（チー,1134.02,1361,172.0,195051.0
2025-10-21,2,サンド寿司　サーモン,1134.02,1361,334.0,378763.0
2025-10-21,2,Ｆ伊之助のほわほわ大福,1134.02,1361,125.0,141752.0
2025-10-21,2,Ｆ水柱の水まんじゅう（ラ,1134.02,1361,149.0,168969.0
2025-10-21,2,◎マラサダ（マカダミアチ,1134.02,1361,147.0,166701.0
2025-10-21,2,専胡蝶しのぶの藤色メロン,1134.02,1361,165.0,187113.0
2025-10-21,2,◎Ｆボス　ラテ　４５０,1134.02,1361,139.0,157629.0
2025-10-21,2,新Ｅプリンター用インク青,1134.02,1361,,
2025-10-21,2,◎レモネードソーダ,1134.02,1361,186.0,210928.0
2025-10-21,2,翠ジンソーダ３５０,1134.02,1361,194.0,220000.0
2025-10-21,2,ＳＰＡ！（スパ！）,1134.02,1361,573.0,649793.0
2025-10-21,2,半熟たまご大盛冷しうどん,1134.02,1361,554.0,628247.0
2025-10-21,2,ライオンカフェオレ,1134.02,1361,208.0,235876.0
2025-10-21,2,台湾風まぜそば,1134.02,1361,599.0,679278.0
2025-10-21,2,週刊女性自身,1134.02,1361,500.0,567010.0
2025-10-21,2,週刊ゴルフダイジェスト,1134.02,1361,573.0,649793.0
2025-10-21,2,クア・アイナテリチキン,1134.02,1361,369.0,418453.0
2025-10-21,2,フライドサイミン,1134.02,1361,,
2025-10-21,2,週刊アサヒ芸能,1134.02,1361,564.0,639587.0
2025-10-21,2,マカダミアパンケーキ,1134.02,1361,323.0,366288.0
2025-10-21,2,ＦＬＡＳＨ　（フラッシュ,1134.02,1361,664.0,752989.0
2025-10-21,2,ミンティアグレープ,1134.02,1361,105.0,119072.0
2025-10-21,2,健康のど飴冷やし飴小袋,1134.02,1361,138.0,156495.0
2025-10-21,2,コアラのマーチいちご,1134.02,1361,164.0,185979.0
2025-10-21,2,◎ハムエッグデニッシュ２,1134.02,1361,135.0,153093.0
2025-10-21,2,週　刊　女　性,1134.02,1361,,
2025-10-21,2,透明プリン？マンゴー？,1134.02,1361,194.0,220000.0
2025-10-21,2,青ねぎと蒸し鶏のパスタ,1134.02,1361,462.0,523917.0
2025-10-21,2,２０品目のサラダ,1134.02,1361,276.0,312990.0
2025-10-21,2,ベロＭＰミントＸインテン,1134.02,1361,310.0,351546.0
2025-10-21,2,◎りんごカスタードデニ４,1134.02,1361,167.0,189381.0
2025-10-21,2,◎ハムチーズクロワッサン,1134.02,1361,135.0,153093.0
2025-10-21,2,紳士ショートＳ黒,1134.02,1361,390.0,442268.0
2025-10-21,2,ラインＳ２５夏の色白大,1134.02,1361,390.0,442268.0
2025-10-21,2,カルピスＰマンゴーピーチ,1134.02,1361,170.0,192783.0
2025-10-21,2,ブリーフ団イカ墨まぜそば,1134.02,1361,369.0,418453.0
2025-10-21,2,江頭　激辛豚骨ラーメン,1134.02,1361,369.0,418453.0
2025-10-21,2,ラークウルトラ１・１００,1134.02,1361,491.0,556804.0
2025-10-21,2,◎ひとくち濃厚梅だれせん,1134.02,1361,139.0,157629.0
2025-10-21,2,ミニチーズおかきガーリッ,1134.02,1361,150.0,170103.0
2025-10-21,2,◎瀬戸内レモンのドーナツ,1134.02,1361,139.0,157629.0
2025-10-21,2,キリン晴れ風３５０,1134.02,1361,216.0,244948.0
2025-10-21,2,Ｇファイトシャープ芯ＨＢ,1134.02,1361,200.0,226804.0
2025-10-21,2,最強王図鑑激闘バトルグミ,1134.02,1361,193.0,218866.0
2025-10-21,2,すっぱいぶどうグミ,1134.02,1361,100.0,113402.0
2025-10-21,2,レインコートＭ,1134.02,1361,687.0,779072.0
2025-10-21,2,オイコス　レモン＆ハニー,1134.02,1361,179.0,202990.0
2025-10-21,2,４５Ｌ半透明ゴミ袋,1134.02,1361,,
2025-10-21,2,レジ従業員金庫引継ノート,1134.02,1361,,
2025-10-21,2,◎生コッペパン（ハムカツ,1134.02,1361,167.0,189381.0
2025-10-21,2,振って塩こんぶキャベツ,1134.02,1361,221.0,250618.0
2025-10-21,2,センティアＦエメラルド,1134.02,1361,482.0,546598.0
2025-10-21,2,サンカット　ＵＶスプレー,1134.02,1361,798.0,904948.0
2025-10-21,2,抹茶シベリア３個入,1134.02,1361,230.0,260825.0
2025-10-21,2,ライト豆（ＵＣＣ）,1134.02,1361,,
2025-10-21,2,ターザン,1134.02,1361,728.0,825567.0
2025-10-21,2,ジャージー牛乳プリン,1134.02,1361,178.0,201856.0
2025-10-21,2,ＡｐｐｌｅＧＣ＿５千,1134.02,1361,5000.0,5670100.0
2025-10-21,2,ベロスピッフィーＳミント,1134.02,1361,291.0,330000.0
2025-10-21,2,センテＣシルバー１０Ｐ,1134.02,1361,4819.0,5464842.0
2025-10-21,2,電卓　１２桁,1134.02,1361,1280.0,1451546.0
2025-10-21,2,ライトニングイヤホン変換,1134.02,1361,1982.0,2247628.0
2025-10-21,2,ＦＲＩＤＡＹ（フライデー,1134.02,1361,710.0,805154.0
2025-10-21,2,オレンジページ,1134.02,1361,544.0,616907.0
2025-10-21,2,ミルクソースのシフォン,1134.02,1361,369.0,418453.0
2025-10-21,2,ネオチルドＭハイパー用,1134.02,1361,455.0,515979.0
2025-10-21,2,カーセンサー東日本版,1134.02,1361,,
2025-10-21,2,Ｗｅｄｇｅ（ウェッジ）,1134.02,1361,,
2025-10-21,2,週　刊　ポ　ス　ト,1134.02,1361,519.0,588556.0
2025-10-21,2,ＵＳＢーＣ用イヤホン黒,1134.02,1361,2164.0,2454019.0
2025-10-21,2,Ｎｅｗｔｏｎ（ニュートン,1134.02,1361,1082.0,1227010.0
2025-10-21,2,パリパリ麺サラダ,1134.02,1361,369.0,418453.0
2025-10-21,2,カーセンサー首都圏版,1134.02,1361,,
2025-10-21,2,新Ｅプリンター用インク赤,1134.02,1361,,
2025-10-21,2,新Ｅプリンター用インク黒,1134.02,1361,,
2025-10-21,2,ネオＢマスカット,1134.02,1361,455.0,515979.0
2025-10-21,2,ＩＱＯＳｉＯＢブルー,1134.02,1361,3619.0,4104018.0
2025-10-21,2,クール・ＢＯＸ,1134.02,1361,528.0,598763.0
2025-10-21,2,アルカリ水クリーナ－詰替,1134.02,1361,,
2025-10-21,2,やまがた県民手帳ブラック,1134.02,1361,500.0,567010.0
2025-10-21,2,ごまだれ冷し中華,1134.02,1361,554.0,628247.0
2025-10-21,2,Ｓスター７Ｂ,1134.02,1361,546.0,619175.0
2025-10-21,2,綾鷹　濃い緑茶　６５０,1134.02,1361,158.0,179175.0
2025-10-21,2,ＵＳＢ－Ｃ電池充電器,1134.02,1361,1710.0,1939174.0
2025-10-21,2,氷結無糖スモモ３５０,1134.02,1361,168.0,190515.0
2025-10-21,2,ゼロシュガーフリーチョコ,1134.02,1361,220.0,249484.0
2025-10-21,2,トッポ,1134.02,1361,209.0,237010.0
2025-10-21,2,コーヒーリッド黒Ｓ,1134.02,1361,,
2025-10-21,2,カフェカップＭ,1134.02,1361,,
2025-10-21,2,◎フルーツミックス５００,1134.02,1361,112.0,127010.0
2025-10-21,2,◎南高梅うす塩個食,1134.02,1361,131.0,148557.0
2025-10-21,2,◎南高梅はちみつ入個食,1134.02,1361,131.0,148557.0
2025-10-21,2,◎生コッペパン（厚ぎりと,1134.02,1361,230.0,260825.0
2025-10-21,2,綾鷹　６５０,1134.02,1361,158.0,179175.0
2025-10-21,2,サントリー天然水　５５０,1134.02,1361,118.0,133814.0
2025-10-21,2,烏龍茶　６００,1134.02,1361,158.0,179175.0
2025-10-21,2,鮭わかめおむすび,1134.02,1361,139.0,157629.0
2025-10-21,2,つぶグミＰ濃厚マンゴー,1134.02,1361,198.0,224536.0
2025-10-21,2,ケント・６・１００ＢＯＸ,1134.02,1361,473.0,536391.0
2025-10-21,2,４Ｄグミ旅路のマジックア,1134.02,1361,221.0,250618.0
2025-10-21,2,モチド富良野メロン味,1134.02,1361,171.0,193917.0
2025-10-21,2,三ツ矢　ひんやり和梨,1134.02,1361,160.0,181443.0
2025-10-21,2,備蓄米　２Ｋｇ,1134.02,1361,,
2025-10-21,2,◎生コッペパン（チョコバ,1134.02,1361,135.0,153093.0
2025-10-21,2,ビスコ発酵バター,1134.02,1361,156.0,176907.0
2025-10-21,2,銀座ライオンビヤ３５０,1134.02,1361,216.0,244948.0
2025-10-21,2,◎プリンみたいなパン,1134.02,1361,119.0,134948.0
2025-10-21,2,善逸たまごＢＯＸＤ２,1134.02,1361,425.0,481958.0
2025-10-21,2,炭治郎＆義勇おむ２,1134.02,1361,369.0,418453.0
2025-10-21,2,はみでたチキンカツバーガ,1134.02,1361,369.0,418453.0
2025-10-21,2,国チキンとゴーダとたまご,1134.02,1361,443.0,502371.0
2025-10-21,2,海苔監修　手巻たまごかけ,1134.02,1361,185.0,209794.0
2025-10-21,2,手巻ベーコン＆コーンマヨ,1134.02,1361,184.0,208660.0
2025-10-21,2,◎桃大福,1134.02,1361,147.0,166701.0
2025-10-21,2,まるで鶏皮のようなＰＣ,1134.02,1361,176.0,199588.0
2025-10-21,2,Ｌｉｐｔｏｎチャームグミ,1134.02,1361,350.0,396907.0
2025-10-21,2,◎サーターアンダギー６個,1134.02,1361,165.0,187113.0
2025-10-21,2,週　刊　現　代,1134.02,1361,546.0,619175.0
2025-10-21,2,７０Ｌ半透明ゴミ袋,1134.02,1361,,
2025-10-21,2,スウェディッシュキャンデ,1134.02,1361,498.0,564742.0
2025-10-21,2,一粒梅おむすび,1134.02,1361,241.0,273299.0
2025-10-21,2,大粒ラムネ強炭酸シュワコ,1134.02,1361,133.0,150825.0
2025-10-21,2,きりっと果実　ピンクＧＦ,1134.02,1361,159.0,180309.0
2025-10-21,2,サラダラップチキンサルサ,1134.02,1361,348.0,394639.0
2025-10-21,2,新旧両用）ペーパフィルタ,1134.02,1361,,
2025-10-21,2,くりーむパン　カスタード,1134.02,1361,260.0,294845.0
2025-10-21,2,◎桃パウンドケーキ,1134.02,1361,165.0,187113.0
2025-10-21,2,めっちゃふくらむフーセン,1134.02,1361,158.0,179175.0
2025-10-21,2,しゃりｉｎグミソーダ味,1134.02,1361,168.0,190515.0
2025-10-21,2,すだち明太クリームうどん,1134.02,1361,462.0,523917.0
2025-10-21,2,岩下の新生姜いなり寿司,1134.02,1361,185.0,209794.0
2025-10-21,2,◎のむヨーグルトメロン,1134.02,1361,195.0,221134.0
2025-10-21,2,レモンチーズケーキ,1134.02,1361,156.0,176907.0
2025-10-21,2,バター醤油パスタ,1134.02,1361,426.0,483093.0
2025-10-21,2,りんごの目覚め,1134.02,1361,276.0,312990.0
2025-10-21,2,ミンティア宮崎日向夏,1134.02,1361,105.0,119072.0
2025-10-21,2,生ラムネ玉,1134.02,1361,152.0,172371.0
2025-10-21,2,タリーズ　無糖ラテ,1134.02,1361,170.0,192783.0
2025-10-21,2,名札バッジ　２個入,1134.02,1361,,
2025-10-21,2,フエラムネサイダー第２弾,1134.02,1361,138.0,156495.0
2025-10-21,2,たべっ子水族館ソルティ,1134.02,1361,170.0,192783.0
2025-10-21,2,マーブルパウチ,1134.02,1361,215.0,243814.0
2025-10-21,2,ドリトス激辛ナチョチーズ,1134.02,1361,180.0,204124.0
2025-10-21,2,ピンクグレープフルーツア,1134.02,1361,186.0,210928.0
2025-10-21,2,野菜生活ベリーサラダ,1134.02,1361,113.0,128144.0
2025-10-21,2,フルーツこれ１本ビタミン,1134.02,1361,150.0,170103.0
2025-10-21,2,Ｙｏｕｎｇ　ｃｈａｍｐｉ,1134.02,1361,410.0,464948.0
2025-10-21,2,ゆず塩ラーメンサラダ,1134.02,1361,389.0,441134.0
2025-10-21,2,◎お好み焼＆塩焼そば,1134.02,1361,,
2025-10-21,2,牛スープの旨み盛岡風冷麺,1134.02,1361,536.0,607835.0
2025-10-21,2,冷し鶏天タルタルうどん,1134.02,1361,599.0,679278.0
2025-10-21,2,オレンジ,1134.02,1361,315.0,357216.0
2025-10-21,2,グレープフルーツ,1134.02,1361,276.0,312990.0
2025-10-21,2,ラインＳＣ白１９－２２,1134.02,1361,390.0,442268.0
2025-10-21,2,備蓄米　２ｋｇ,1134.02,1361,700.0,793814.0
2025-10-21,2,◎オクラわかめとろり豆腐,1134.02,1361,258.0,292577.0
2025-10-21,2,コロネクッキー,1134.02,1361,71.0,80515.0
2025-10-21,2,フルーツサラダヨーグルト,1134.02,1361,230.0,260825.0
2025-10-21,2,野菜生活１００オリジナル,1134.02,1361,113.0,128144.0
2025-10-21,2,クラッシュ蒟蒻畑りんご味,1134.02,1361,183.0,207526.0
2025-10-21,2,ビスコ,1134.02,1361,156.0,176907.0
2025-10-21,2,サラダチキンロール,1134.02,1361,399.0,452474.0
2025-10-21,2,グローＨプロサクラＥＤ,1134.02,1361,3619.0,4104018.0
2025-10-21,2,ザ・クレープチョコバナナ,1134.02,1361,249.0,282371.0
2025-10-21,2,こだわりカレー,1134.02,1361,367.0,416185.0
2025-10-21,2,コーヒーゼリーパフェ,1134.02,1361,313.0,354948.0
2025-10-21,2,チョコラＳＰ　グレフル＆,1134.02,1361,149.0,168969.0
2025-10-21,2,キレート　ＭＵＫＵＭＩ,1134.02,1361,158.0,179175.0
2025-10-21,2,ワンピカードＢＥＳＴ２,1134.02,1361,500.0,567010.0
2025-10-21,2,アスティーグ黒　Ｌ,1134.02,1361,600.0,680412.0
2025-10-21,2,慶弔サインペン（筆文字）,1134.02,1361,250.0,283505.0
2025-10-21,2,モンスターエナジー,1134.02,1361,213.0,241546.0
2025-10-21,2,ヒヤロン,1134.02,1361,180.0,204124.0
2025-10-21,2,ラインＳ２５夏の色白小,1134.02,1361,390.0,442268.0
2025-10-21,2,冷し鶏ねぎそば,1134.02,1361,599.0,679278.0
2025-10-21,2,０．０１ゼロワン,1134.02,1361,900.0,1020618.0
2025-10-21,2,イープラス　発券,1134.02,1361,165.0,187113.0
2025-10-21,2,ダブルフロマージュ　２個,1134.02,1361,426.0,483093.0
2025-10-21,2,ＵＳＢ－Ｃ１．２ｍ,1134.02,1361,1255.0,1423195.0
2025-10-21,2,サンドおむすび　豚焼肉,1134.02,1361,323.0,366288.0
2025-10-21,2,ハイチュウＰメロン,1134.02,1361,152.0,172371.0
2025-10-21,2,マッチビタミンみかん,1134.02,1361,150.0,170103.0
2025-10-21,2,◎ハムチーズエッグマフィ,1134.02,1361,156.0,176907.0
2025-10-21,2,直巻　炙り焼　牛タン,1134.02,1361,199.0,225670.0
2025-10-21,2,具だくさん炙り焼鶏つくね,1134.02,1361,213.0,241546.0
2025-10-21,2,コミック乱,1134.02,1361,546.0,619175.0
2025-10-21,2,カニカママカロニサラダ,1134.02,1361,239.0,271031.0
2025-10-21,2,じゅるるマンゴー,1134.02,1361,221.0,250618.0
2025-10-21,2,コク旨たまごサンド,1134.02,1361,276.0,312990.0
2025-10-21,2,むっち実グミオレンジ味,1134.02,1361,198.0,224536.0
2025-10-21,2,たまご海老ブロコリサンド,1134.02,1361,348.0,394639.0
2025-10-21,2,カンデミーナ電撃マスカッ,1134.02,1361,200.0,226804.0
2025-10-21,2,◎ホットサンド（ハム＆チ,1134.02,1361,158.0,179175.0
2025-10-21,2,ウィルキンソンＥＸグレプ,1134.02,1361,117.0,132680.0
2025-10-21,2,生茶ほうじ煎茶,1134.02,1361,158.0,179175.0
2025-10-21,2,サーモン寿司,1134.02,1361,237.0,268763.0
2025-10-21,2,フレンチクルーラーミルク,1134.02,1361,193.0,218866.0
2025-10-21,2,ちいかわステッカーグミ,1134.02,1361,180.0,204124.0
2025-10-21,2,激モロコシフライドアラレ,1134.02,1361,158.0,179175.0
2025-10-21,2,んぽちゃむグミ,1134.02,1361,180.0,204124.0
2025-10-21,2,じゃがりこ肉じゃがｂｉｔ,1134.02,1361,129.0,146289.0
2025-10-21,2,１９６レモン３５０,1134.02,1361,161.0,182577.0
2025-10-21,2,ねるねるねるねドリンク,1134.02,1361,276.0,312990.0
2025-10-21,2,ポケカ拡張ナイトワンダ,1134.02,1361,164.0,185979.0
2025-10-21,2,ホームパイチビムーホ,1134.02,1361,140.0,158763.0
2025-10-21,2,野菜生活Ｓベリー＆ざくろ,1134.02,1361,178.0,201856.0
2025-10-21,2,テリヤキチキンとたまご,1134.02,1361,332.0,376495.0
2025-10-21,2,スーパー大麦安曇野わさび,1134.02,1361,181.0,205258.0
2025-10-21,2,◎つぶつぶいちご蒸しＣ,1134.02,1361,135.0,153093.0
2025-10-21,2,鶏そぼろ野沢菜醤油パスタ,1134.02,1361,369.0,418453.0
2025-10-21,2,ヨーグレットグミブルーベ,1134.02,1361,140.0,158763.0
2025-10-21,2,冷し明太クリームうどん,1134.02,1361,445.0,504639.0
2025-10-21,2,◎ツイストサンド（カスタ,1134.02,1361,128.0,145155.0
2025-10-21,2,野菜食べよう冷しタンメン,1134.02,1361,554.0,628247.0
2025-10-21,2,ポケぷにソーダ,1134.02,1361,218.0,247216.0
2025-10-21,2,チョコチャンクスコーン,1134.02,1361,119.0,134948.0
2025-10-21,2,窯出しとろけるプリン,1134.02,1361,195.0,221134.0
2025-10-21,2,香ばし炒めの玉子炒飯,1134.02,1361,341.0,386701.0
2025-10-21,2,ＢＳおつまみ焼そば味スパ,1134.02,1361,136.0,154227.0
2025-10-21,2,ナイキ　ラバーグローブＬ,1134.02,1361,498.0,564742.0
2025-10-21,2,冷し担担麺,1134.02,1361,462.0,523917.0
2025-10-21,2,はちみつとりんごのケーキ,1134.02,1361,276.0,312990.0
2025-10-21,2,センテＦグリーン１０Ｐ,1134.02,1361,4819.0,5464842.0
2025-10-21,2,３種チーズのミートソース,1134.02,1361,599.0,679278.0
2025-10-21,2,ピュレフルーツりんご,1134.02,1361,268.0,303917.0
2025-10-21,2,巨峰大福（白こしあん）,1134.02,1361,188.0,213196.0
2025-10-21,2,すッパイチュウレモン味,1134.02,1361,127.0,144021.0
2025-10-21,2,てんこ盛弁当,1134.02,1361,598.0,678144.0
2025-10-21,2,ナイキ　ラバーグローブＭ,1134.02,1361,498.0,564742.0
2025-10-21,2,厚切りポテトペッパー,1134.02,1361,142.0,161031.0
2025-10-21,2,ハイチュウ人気ミックス,1134.02,1361,127.0,144021.0
2025-10-21,2,コロコロハイチュウ,1134.02,1361,127.0,144021.0
2025-10-21,2,黒わらび餅,1134.02,1361,178.0,201856.0
2025-10-21,2,メガシャキ,1134.02,1361,239.0,271031.0
2025-10-21,2,ポケカ拡張メガシンフォ,1134.02,1361,164.0,185979.0
2025-10-21,2,ポケカ拡張メガブレイブ,1134.02,1361,164.0,185979.0
2025-10-21,2,イープラス　入金,1134.02,1361,16455.0,18660299.0
2025-10-21,2,夏のミルクシュー,1134.02,1361,138.0,156495.0
2025-10-21,2,ふわしゅわスフレレモン,1134.02,1361,249.0,282371.0
2025-10-21,2,ラッキーＳベリーＳ,1134.02,1361,391.0,443402.0
2025-10-21,2,グローＨプロオニキスＰ,1134.02,1361,3619.0,4104018.0
2025-10-21,2,エボＴバナナＣＰＬＭ,1134.02,1361,500.0,567010.0
2025-10-21,2,エボＴベリーＣＰＬＭ,1134.02,1361,500.0,567010.0
2025-10-21,2,マウススプレークールＭ,1134.02,1361,251.0,284639.0
2025-10-21,2,おーいお茶緑茶　６００,1134.02,1361,158.0,179175.0
2025-10-21,2,◎のむヨーグルトパイン,1134.02,1361,158.0,179175.0
2025-10-21,2,ルーローハン風パスタサラ,1134.02,1361,417.0,472886.0
2025-10-21,2,１９６白桃３５０,1134.02,1361,161.0,182577.0
2025-10-21,2,履歴書用紙,1134.02,1361,309.0,350412.0
2025-10-21,2,メガライフガード　７００,1134.02,1361,150.0,170103.0
2025-10-21,2,１９６マスカット３５０,1134.02,1361,161.0,182577.0
2025-10-21,2,ケントＮＳダークＦ,1134.02,1361,500.0,567010.0
2025-10-21,2,ワンピデッキ　ティーチ,1134.02,1361,500.0,567010.0
2025-10-21,2,ソフト携帯吸殻入れ,1134.02,1361,273.0,309587.0
2025-10-21,2,リチウム５０００ｍＡｈ,1134.02,1361,2982.0,3381648.0
2025-10-21,2,ユニアリ　ワンパンマン,1134.02,1361,350.0,396907.0
2025-10-21,2,多当祝　御祝,1134.02,1361,87.0,98660.0
2025-10-21,2,碧Ａｏ海薫るＨＢ３５０,1134.02,1361,350.0,396907.0
2025-10-21,2,ポケピファンピカチュウ,1134.02,1361,3164.0,3588039.0
2025-10-21,2,タフグミビッグバンピーチ,1134.02,1361,238.0,269897.0
2025-10-21,2,もちっとガブリマスカット,1134.02,1361,143.0,162165.0
2025-10-21,2,ＭＶＰＧレギュウィズ６Ｐ,1134.02,1361,3273.0,3711647.0
2025-10-21,2,テリアＯパール１０Ｐ,1134.02,1361,5273.0,5979687.0
2025-10-21,2,ふんわりたまごのオムライ,1134.02,1361,276.0,312990.0
2025-10-21,2,韓国風海苔佃煮おむすび,1134.02,1361,147.0,166701.0
2025-10-21,2,ラークスーパー５,1134.02,1361,491.0,556804.0
2025-10-21,2,青しそ高菜おむすび,1134.02,1361,139.0,157629.0
2025-10-21,2,ツメキリ　Ｓ,1134.02,1361,480.0,544330.0
2025-10-21,2,ビタミン野菜,1134.02,1361,113.0,128144.0
2025-10-21,2,ポケぷにフルーツ,1134.02,1361,218.0,247216.0
2025-10-21,2,◎ジューシーソーセージパ,1134.02,1361,135.0,153093.0
2025-10-21,2,炙り豚焼肉マヨネーズ,1134.02,1361,276.0,312990.0
2025-10-21,2,おーいお茶濃い茶６００,1134.02,1361,158.0,179175.0
2025-10-21,2,細ーいじゃがビーサワクリ,1134.02,1361,164.0,185979.0
2025-10-21,2,テリアＢルビーＭ１０Ｐ,1134.02,1361,5273.0,5979687.0
2025-10-21,2,Ｃ１０００コラーゲン＆,1134.02,1361,147.0,166701.0
2025-10-21,2,カニカマの寿司,1134.02,1361,174.0,197319.0
2025-10-21,2,いかめしおむすび,1134.02,1361,258.0,292577.0
2025-10-21,2,モッチュ白桃味,1134.02,1361,148.0,167835.0
2025-10-21,2,テリアミント１０Ｐ,1134.02,1361,5273.0,5979687.0
2025-10-21,2,◎増量うす焼せんべい,1134.02,1361,147.0,166701.0
2025-10-21,2,ポテロング,1134.02,1361,162.0,183711.0
2025-10-21,2,カルピス　リンゴ＆洋梨,1134.02,1361,160.0,181443.0
2025-10-21,2,ごろごろゆでたまごサンド,1134.02,1361,369.0,418453.0
2025-10-21,2,◎ふんわりもっちパン（チ,1134.02,1361,128.0,145155.0
2025-10-21,2,ミンティアＢブラック,1134.02,1361,211.0,239278.0
2025-10-21,2,増量チキンパスタサラダ,1134.02,1361,369.0,418453.0
2025-10-21,2,島星シトラスエール３５０,1134.02,1361,306.0,347010.0
2025-10-21,2,アーモンド効果プロテイン,1134.02,1361,198.0,224536.0
2025-10-21,2,小枝チョコクッキーサンド,1134.02,1361,239.0,271031.0
2025-10-21,2,冷たい生パスタツナトマト,1134.02,1361,499.0,565876.0
2025-10-21,2,◎レアチーズデニッシュ,1134.02,1361,147.0,166701.0
2025-10-21,2,にゃんともチーズ塩バニラ,1134.02,1361,230.0,260825.0
2025-10-21,2,ザクザクやみつきクランキ,1134.02,1361,198.0,224536.0
2025-10-21,2,増量ロースかつカレー,1134.02,1361,555.0,629381.0
2025-10-21,2,＊Ｆハイキューまんじゅう,1134.02,1361,172.0,195051.0
2025-10-21,2,ペタグーソーダ,1134.02,1361,150.0,170103.0
2025-10-21,2,超急速２ｉｎ１Ｃ＆Ｌ１ｍ,1134.02,1361,2346.0,2660411.0
2025-10-21,2,トマトジュースプレミアム,1134.02,1361,148.0,167835.0
2025-10-21,2,玉子焼＆ハムサンド,1134.02,1361,323.0,366288.0
2025-10-21,2,２種チーズとハムサンド,1134.02,1361,323.0,366288.0
2025-10-21,2,かぶり寿司　甘辛そぼろマ,1134.02,1361,283.0,320928.0
2025-10-21,2,◎増量チョコビスケット,1134.02,1361,139.0,157629.0
2025-10-21,2,マーブル,1134.02,1361,184.0,208660.0
2025-10-21,2,ラーク・１００・ＢＯＸ,1134.02,1361,491.0,556804.0
2025-10-21,2,１９６無糖冷凍みかん３５,1134.02,1361,161.0,182577.0
2025-10-21,2,メビウスワン１００Ｂ１０,1134.02,1361,5273.0,5979687.0
2025-10-21,2,◎ミニメンチカツバーガ３,1134.02,1361,195.0,221134.0
2025-10-21,2,野菜マシマシ冷し中華,1134.02,1361,647.0,733711.0
2025-10-21,2,ミンティアＢＣマイルド,1134.02,1361,210.0,238144.0
2025-10-21,2,塩おむすび,1134.02,1361,129.0,146289.0
2025-10-21,2,ミンティアＢＦピーチ,1134.02,1361,211.0,239278.0
2025-10-21,2,ミンティアＢＦレモン,1134.02,1361,211.0,239278.0
2025-10-21,2,カロリーメイトチョコ,1134.02,1361,220.0,249484.0
2025-10-21,2,カロリーメイト　バニラ,1134.02,1361,220.0,249484.0
2025-10-21,2,ゼロプロテインチョコ,1134.02,1361,198.0,224536.0
2025-10-21,2,カントリーＭマロンケーキ,1134.02,1361,180.0,204124.0
2025-10-21,2,カンロザストロングソーダ,1134.02,1361,200.0,226804.0
2025-10-21,2,◎増量大盛たこ焼き,1134.02,1361,554.0,628247.0
2025-10-21,2,フリクション３スリムＢＫ,1134.02,1361,541.0,613505.0
2025-10-21,2,パイの実,1134.02,1361,237.0,268763.0
2025-10-21,2,ゼログラノーラチョコ,1134.02,1361,198.0,224536.0
2025-10-21,2,ペタグーグレープ,1134.02,1361,150.0,170103.0
2025-10-21,2,ＩＱＯＳｉＯＤバイオレ,1134.02,1361,3619.0,4104018.0
2025-10-21,2,テリアＢトロピカルＭ,1134.02,1361,528.0,598763.0
2025-10-21,2,カレーせんオリジナルスパ,1134.02,1361,138.0,156495.0
2025-10-21,2,花椒香る　麻婆焼そばＤ２,1134.02,1361,554.0,628247.0
2025-10-21,2,ジャパンタイムズ,1134.02,1361,273.0,309587.0
2025-10-21,2,たまごっち　めじるし２,1134.02,1361,300.0,340206.0
2025-10-21,2,ワンピカード　師弟の絆,1134.02,1361,200.0,226804.0
2025-10-21,2,アポロチョコレート,1134.02,1361,184.0,208660.0
2025-10-21,2,テリアＢフューシャＭ,1134.02,1361,528.0,598763.0
2025-10-21,2,勝馬,1134.02,1361,500.0,567010.0
2025-10-21,2,おむすび２個（鮭・昆布）,1134.02,1361,313.0,354948.0
2025-10-21,2,クッキークリームクレープ,1134.02,1361,332.0,376495.0
2025-10-21,2,きのこの山のジクカール,1134.02,1361,263.0,298247.0
2025-10-21,2,アーモンド・ブリーズ微糖,1134.02,1361,128.0,145155.0
2025-10-21,2,チーズあじカカールアーモ,1134.02,1361,230.0,260825.0
2025-10-21,2,◎増量かーるいチーズスナ,1134.02,1361,128.0,145155.0
2025-10-21,2,三ツ矢サイダー５００,1134.02,1361,160.0,181443.0
2025-10-21,2,栄養強化型　１日分の野菜,1134.02,1361,131.0,148557.0
2025-10-21,2,ぶどうきゃん,1134.02,1361,128.0,145155.0
2025-10-21,2,大きなロール焼そばたまご,1134.02,1361,369.0,418453.0
2025-10-21,2,シーザーパスタサラダ,1134.02,1361,389.0,441134.0
2025-10-21,2,納豆細巻寿司（５巻増量）,1134.02,1361,389.0,441134.0
2025-10-21,2,わさび海苔　野沢菜わさび,1134.02,1361,175.0,198454.0
2025-10-21,2,さばほぐしごはん,1134.02,1361,332.0,376495.0
2025-10-21,2,ねるねるねるねゼリー,1134.02,1361,276.0,312990.0
2025-10-21,2,たまごボーロっち２,1134.02,1361,350.0,396907.0
2025-10-21,2,グミだよ。ピーチフラッペ,1134.02,1361,166.0,188247.0
2025-10-21,2,◎３種フルーツとナッツ,1134.02,1361,165.0,187113.0
2025-10-21,2,◎でっかいカレーたまごパ,1134.02,1361,139.0,157629.0
2025-10-21,2,◎チョコバナナロール,1134.02,1361,156.0,176907.0
2025-10-21,2,シゲキックスグレープ,1134.02,1361,120.0,136082.0
2025-10-21,2,天使のグミ甘熟マンゴー味,1134.02,1361,170.0,192783.0
2025-10-21,2,かむかむレモン,1134.02,1361,150.0,170103.0
2025-10-21,2,梨スムージー,1134.02,1361,193.0,218866.0
2025-10-21,2,のむアサイーボウル,1134.02,1361,188.0,213196.0
2025-10-21,2,ミルキーバニラアイス味,1134.02,1361,170.0,192783.0
2025-10-21,2,ウェルチ　マスカットＳＰ,1134.02,1361,160.0,181443.0
2025-10-21,2,ゆず鶏だしミニ塩ラーメン,1134.02,1361,399.0,452474.0
2025-10-21,2,コク旨醤油だれの油そば,1134.02,1361,499.0,565876.0
2025-10-21,2,くりーむメロンパン,1134.02,1361,276.0,312990.0
2025-10-21,2,ネバネバと大根のサラダ,1134.02,1361,297.0,336804.0
2025-10-21,2,麻辣湯,1134.02,1361,248.0,281237.0
2025-10-21,2,ポケピファンワッカネズミ,1134.02,1361,3164.0,3588039.0
2025-10-21,2,シフォンマンゴー＆ピーチ,1134.02,1361,250.0,283505.0
2025-10-21,2,ふわもち生大福　きなこ,1134.02,1361,138.0,156495.0
2025-10-21,2,生クリームパイコロネ,1134.02,1361,204.0,231340.0
2025-10-21,2,コカ・コーラゼロ５００,1134.02,1361,170.0,192783.0
2025-10-21,2,ケント１・１００Ｂ１０Ｐ,1134.02,1361,4728.0,5361647.0
2025-10-21,2,生茶６００,1134.02,1361,158.0,179175.0
2025-10-21,2,アリィージェルＵＶミニ,1134.02,1361,1346.0,1526391.0
2025-10-21,2,ｉｎゼリーＥＮ　ブドウ糖,1134.02,1361,210.0,238144.0
2025-10-21,2,その他１０口座売上,1134.02,1361,228.0,258557.0
2025-10-21,2,優馬,1134.02,1361,591.0,670206.0
2025-10-21,2,◎増量しみチョココーン,1134.02,1361,147.0,166701.0
2025-10-21,2,◎クルーラーリングドー８,1134.02,1361,184.0,208660.0
2025-10-21,2,◎クラウンメロンパン,1134.02,1361,139.0,157629.0
2025-10-21,2,◎つぶあんぱん北海道小豆,1134.02,1361,121.0,137216.0
2025-10-21,2,大きなチーズカレーパン（,1134.02,1361,184.0,208660.0
2025-10-21,2,梅づくしおむすび,1134.02,1361,172.0,195051.0
2025-10-21,2,もち麦　枝豆ゆかり,1134.02,1361,163.0,184845.0
2025-10-21,2,青磯海苔　漬けサーモン,1134.02,1361,199.0,225670.0
2025-10-21,2,三ツ矢　特濃アップル,1134.02,1361,160.0,181443.0
2025-10-21,2,ＧＰｌａｙ１０００,1134.02,1361,1000.0,1134020.0
2025-10-21,2,堅あげ極味玉ねぎ黒胡椒,1134.02,1361,196.0,222268.0
2025-10-21,2,秋味３５０,1134.02,1361,216.0,244948.0
2025-10-21,2,黒チャーハンおむすび,1134.02,1361,175.0,198454.0
2025-10-21,2,トルティーヤケバブチキン,1134.02,1361,369.0,418453.0
2025-10-21,2,ピュアポテト濃いのり塩,1134.02,1361,155.0,175773.0
2025-10-21,2,マシマシ焼もろこしせん,1134.02,1361,148.0,167835.0
2025-10-21,2,増量　天使のチーズケーキ,1134.02,1361,230.0,260825.0
2025-10-21,2,ＩＱＯＳｉＯＳモデル,1134.02,1361,3619.0,4104018.0
2025-10-21,2,ｉｎゼリートリプルＥ,1134.02,1361,210.0,238144.0
2025-10-21,2,ＳＰＡＭむすび　玉子焼き,1134.02,1361,320.0,362886.0
2025-10-21,2,蒸し鶏ラー油ネギ冷うどん,1134.02,1361,499.0,565876.0
2025-10-21,2,大きな具材ミックスサント,1134.02,1361,399.0,452474.0
2025-10-21,2,手巻寿司　梅ゆかり納豆,1134.02,1361,189.0,214330.0
2025-10-21,2,大きいバウムクーヘン,1134.02,1361,221.0,250618.0
2025-10-21,2,パリジャン　ハム＆チーズ,1134.02,1361,350.0,396907.0
2025-10-21,2,大きいフィナンシェ,1134.02,1361,221.0,250618.0
2025-10-21,2,◎メロンクリームパン４,1134.02,1361,156.0,176907.0
2025-10-21,2,サンド寿司　まぐろたたき,1134.02,1361,332.0,376495.0
2025-10-21,2,白いたべっ子おさつバター,1134.02,1361,180.0,204124.0
2025-10-21,2,大きなたまごづくしサンド,1134.02,1361,369.0,418453.0
2025-10-21,2,ウィルキンソンマスカット,1134.02,1361,138.0,156495.0
2025-10-21,2,◎北海道メロンのコロネ,1134.02,1361,135.0,153093.0
2025-10-21,2,ミニプラグ用イヤホン,1134.02,1361,1528.0,1732783.0
2025-10-21,2,マスカットのど飴小袋,1134.02,1361,138.0,156495.0
2025-10-21,2,じゃがりこＬヤンニョム,1134.02,1361,218.0,247216.0
2025-10-21,2,カレーコロッケバ－ガ－（,1134.02,1361,167.0,189381.0
2025-10-21,2,檸檬堂白ぶどうレモン３５,1134.02,1361,160.0,181443.0
2025-10-21,2,増量麻婆豆腐ごはん,1134.02,1361,462.0,523917.0
2025-10-21,2,ファミマ・ザ・ナポリタン,1134.02,1361,406.0,460412.0
2025-10-21,2,フルーチェグミイチゴ,1134.02,1361,184.0,208660.0
2025-10-21,2,ガルボチョコパウチ,1134.02,1361,270.0,306185.0
2025-10-21,2,冷たいパスタチキンバジル,1134.02,1361,499.0,565876.0
2025-10-21,2,ポケピファンポッチャマ,1134.02,1361,3164.0,3588039.0
2025-10-21,2,チキングリル弁当,1134.02,1361,555.0,629381.0
2025-10-21,2,辛口回鍋肉焼そば,1134.02,1361,536.0,607835.0
2025-10-21,2,パステルのプリンマドレー,1134.02,1361,220.0,249484.0
2025-10-21,2,ピュアポテト塩と岩塩,1134.02,1361,155.0,175773.0
2025-10-21,2,いちごミルク,1134.02,1361,269.0,305051.0
2025-10-21,2,甘辛醤油たれ唐揚弁当,1134.02,1361,555.0,629381.0
2025-10-21,2,ワンピカード意志,1134.02,1361,200.0,226804.0
2025-10-21,2,ビオレトラベルセット,1134.02,1361,620.0,703092.0
2025-10-21,2,ノンオイル青じそドレッシ,1134.02,1361,28.0,31753.0
2025-10-21,2,◎プリンみたいなパンケー,1134.02,1361,138.0,156495.0
2025-10-21,2,１９６王林３５０,1134.02,1361,161.0,182577.0
2025-10-21,2,オイコス　プレーン加糖,1134.02,1361,179.0,202990.0
2025-10-21,2,ＩＱＯＳｉＤバイオレット,1134.02,1361,6346.0,7196491.0
2025-10-21,2,柿安監修　牛すきおむすび,1134.02,1361,258.0,292577.0
2025-10-21,2,ＧＩＮＯＮレモン３５０,1134.02,1361,167.0,189381.0
2025-10-21,2,◎ラベルレス天然水安曇箱,1134.02,1361,489.0,554536.0
2025-10-21,2,一番搾り糖質ゼロ３５０,1134.02,1361,216.0,244948.0
2025-10-21,2,オニポテスナック,1134.02,1361,248.0,281237.0
2025-10-21,2,しゃりｉｎグミみかん,1134.02,1361,168.0,190515.0
2025-10-21,2,ググッタＳマスカット味,1134.02,1361,199.0,225670.0
2025-10-21,2,とろみーグミぶどう味,1134.02,1361,184.0,208660.0
2025-10-21,2,果汁グミシチリアレモン,1134.02,1361,152.0,172371.0
2025-10-21,2,◎ベーコン＆チーズデニッ,1134.02,1361,158.0,179175.0
2025-10-21,2,桃マカロン,1134.02,1361,249.0,282371.0
2025-10-21,2,梅蒸し鶏あったかそうめん,1134.02,1361,399.0,452474.0
2025-10-21,2,千里眼　ニンニクまぜそば,1134.02,1361,647.0,733711.0
2025-10-21,2,ナッツフルーツカッサータ,1134.02,1361,258.0,292577.0
2025-10-21,2,ＳＤブラックピンク３５０,1134.02,1361,216.0,244948.0
2025-10-21,2,大きな　鮭マヨと生たらこ,1134.02,1361,276.0,312990.0
2025-10-21,2,クリーミーほうじ茶ラテ,1134.02,1361,181.0,205258.0
2025-10-21,2,ハムカツサンド,1134.02,1361,297.0,336804.0
2025-10-21,2,◎たまご蒸しパン４個入,1134.02,1361,172.0,195051.0
2025-10-21,2,しゃりぷにょ梅グミ,1134.02,1361,170.0,192783.0
2025-10-21,2,もちゅグミ温州みかん味,1134.02,1361,184.0,208660.0
2025-10-21,2,むちもっちバナナグミ,1134.02,1361,180.0,204124.0
2025-10-21,2,プリン！？シュー,1134.02,1361,138.0,156495.0
2025-10-21,2,◎ジュワっとしたチーズ塩,1134.02,1361,139.0,157629.0
2025-10-21,2,たっぷりハムサンド,1134.02,1361,323.0,366288.0
2025-10-21,2,野菜生活マスカット,1134.02,1361,118.0,133814.0
2025-10-21,2,◎たっぷりマロンクリーム,1134.02,1361,147.0,166701.0
2025-10-21,2,◎生スコーン６個入（スイ,1134.02,1361,172.0,195051.0
2025-10-21,2,モンブランのサンダー,1134.02,1361,50.0,56701.0
2025-10-21,2,にじピグチップスうすしお,1134.02,1361,230.0,260825.0
2025-10-21,2,◎バウムクーヘン（４）,1134.02,1361,239.0,271031.0
2025-10-21,2,ブルーベリーサンド,1134.02,1361,195.0,221134.0
2025-10-21,2,ハガキフリー,1134.02,1361,200.0,226804.0
2025-10-21,2,ＢＩＯ　ブルーベリーミッ,1134.02,1361,168.0,190515.0
2025-10-21,2,半熟玉子冷ぶっかけうどん,1134.02,1361,399.0,452474.0
2025-10-21,2,ヴイックスのど飴シトラス,1134.02,1361,238.0,269897.0
2025-10-21,2,多当　　御見舞,1134.02,1361,87.0,98660.0
2025-10-21,2,しゃり蔵ザクザクッラー油,1134.02,1361,120.0,136082.0
2025-10-21,2,赤肉メロンミルク,1134.02,1361,267.0,302783.0
2025-10-21,2,完熟トマトベーコンパスタ,1134.02,1361,536.0,607835.0
2025-10-21,2,ＰＧスイートチリＳ缶,1134.02,1361,168.0,190515.0
2025-10-21,2,唐揚巻（マヨネーズ付）,1134.02,1361,462.0,523917.0
2025-10-21,2,クリーム＆コーヒーゼリー,1134.02,1361,135.0,153093.0
2025-10-21,2,ＵＳＢ－Ｃ電池式６本,1134.02,1361,1800.0,2041236.0
2025-10-21,2,甜面醤の旨ジャージャー麺,1134.02,1361,499.0,565876.0
2025-10-21,2,パリジャンサンドチキンべ,1134.02,1361,350.0,396907.0
2025-10-21,2,ケントＮＳスムースＦ,1134.02,1361,500.0,567010.0
2025-10-21,2,スパイシーチキン野菜サラ,1134.02,1361,554.0,628247.0
2025-10-21,2,充電器５０００ｍＡｈ,1134.02,1361,2982.0,3381648.0
2025-10-21,2,キャラパキ発掘恐竜,1134.02,1361,110.0,124742.0
2025-10-21,2,食べマスおぱんちゅうさぎ,1134.02,1361,350.0,396907.0
2025-10-21,2,海老マヨネーズおむすび,1134.02,1361,239.0,271031.0
2025-10-21,2,さけるグミハロウィン,1134.02,1361,120.0,136082.0
2025-10-21,2,◎シャルドネ香るティー,1134.02,1361,110.0,124742.0
2025-10-21,2,スニッカーズハーフＳアー,1134.02,1361,158.0,179175.0
2025-10-21,2,大きな　肉そぼろ卵黄ソー,1134.02,1361,297.0,336804.0
2025-10-21,2,ヱビス和奏３５０,1134.02,1361,272.0,308453.0
2025-10-21,2,タフグミＰＲＯローヤル,1134.02,1361,359.0,407113.0
2025-10-21,2,ヴァルトメンソールＣＬ,1134.02,1361,528.0,598763.0
2025-10-21,2,グロー・ヒーロ・ルビー,1134.02,1361,3619.0,4104018.0
2025-10-21,2,◎サクサク食感のミニチ５,1134.02,1361,184.0,208660.0
2025-10-21,2,ＧＯＤＩＶＡドリンク,1134.02,1361,397.0,450206.0
2025-10-21,2,伝説のケバブ風味ポテトＣ,1134.02,1361,193.0,218866.0
2025-10-21,2,北海道なまらでっかいシュ,1134.02,1361,315.0,357216.0
2025-10-21,2,クラッシュ蒟蒻畑みかん味,1134.02,1361,183.0,207526.0
2025-10-21,2,ＦＭオリジナル安食ロール,1134.02,1361,369.0,418453.0
2025-10-21,2,レッツハロウィンつぶグミ,1134.02,1361,158.0,179175.0
2025-10-21,2,◎ピリ辛明太フランス（か,1134.02,1361,135.0,153093.0
2025-10-21,2,◎和風ツナパン,1134.02,1361,135.0,153093.0
2025-10-21,2,ハラペーニョチキンチェダ,1134.02,1361,443.0,502371.0
2025-10-21,2,全粒粉サラダチキンとハム,1134.02,1361,369.0,418453.0
2025-10-21,2,◎ピスタチオいちごケーキ,1134.02,1361,230.0,260825.0
2025-10-21,2,焼ベーコン寿司,1134.02,1361,230.0,260825.0
2025-10-21,2,ちいかわ黒猫ミニバッグ,1134.02,1361,1000.0,1134020.0
2025-10-21,2,ごろっと白桃ケーキ,1134.02,1361,297.0,336804.0
2025-10-21,2,さくふわきなこもちぼーる,1134.02,1361,150.0,170103.0
2025-10-21,2,◎白生コッペパン（レアチ,1134.02,1361,153.0,173505.0
2025-10-21,2,秋のフルーツこれ一本,1134.02,1361,118.0,133814.0
2025-10-21,2,◎キャラメルバニラメロン,1134.02,1361,172.0,195051.0
2025-10-21,2,３１マスコットつきグミ２,1134.02,1361,350.0,396907.0
2025-10-21,2,◎ショコラクッキー,1134.02,1361,212.0,240412.0
2025-10-21,2,ピュレグミＰふじりんご,1134.02,1361,180.0,204124.0
2025-10-21,2,たぬきおむすび,1134.02,1361,138.0,156495.0
2025-10-21,2,わた雪みたいなレアチーズ,1134.02,1361,315.0,357216.0
2025-10-21,2,スイートポテトスティック,1134.02,1361,212.0,240412.0
2025-10-21,2,ハリボープリマヴェーラ,1134.02,1361,198.0,224536.0
2025-10-21,2,ザバスミルクキャラメル,1134.02,1361,222.0,251752.0
2025-10-21,2,パーラメントＥＸＬ１００,1134.02,1361,564.0,639587.0
2025-10-21,2,チャーシュー冷しまぜそば,1134.02,1361,599.0,679278.0
2025-10-21,2,氷結無糖ゆずＳＰ３５０,1134.02,1361,168.0,190515.0
2025-10-21,2,スティックモンブラン,1134.02,1361,249.0,282371.0
2025-10-21,2,１９６無糖ピンクＧＦ３５,1134.02,1361,161.0,182577.0
2025-10-21,2,◎アールグレイクロワッサ,1134.02,1361,172.0,195051.0
2025-10-21,2,ラーメン荘　豚ラーメン,1134.02,1361,647.0,733711.0
2025-10-21,2,◎ハムチーズデニッシュ４,1134.02,1361,184.0,208660.0
2025-10-21,2,ヴァルトダークタバコ,1134.02,1361,528.0,598763.0
2025-10-21,2,ヴァルトメロンクリック,1134.02,1361,528.0,598763.0
2025-10-21,2,ドラキュラへんしんグミ,1134.02,1361,350.0,396907.0
2025-10-21,2,わさびいなり寿司,1134.02,1361,178.0,201856.0
2025-10-21,2,ちいかわ花占いグミ,1134.02,1361,230.0,260825.0
2025-10-21,2,ねぎ塩チキン醤油まぶし飯,1134.02,1361,555.0,629381.0
2025-10-21,2,紫いもミルクティー,1134.02,1361,190.0,215464.0
2025-10-21,2,ＢＳラーメン柿の種ミック,1134.02,1361,110.0,124742.0
2025-10-21,2,焼まろん,1134.02,1361,215.0,243814.0
2025-10-21,2,ウィルキンソンＥＸ　ＧＦ,1134.02,1361,117.0,132680.0
2025-10-21,2,ミンティア瀬戸田レモン,1134.02,1361,105.0,119072.0
2025-10-21,2,北海道リッチミルクプリン,1134.02,1361,399.0,452474.0
2025-10-21,2,焼ほし芋,1134.02,1361,195.0,221134.0
2025-10-21,2,冷しすだちおろしうどん,1134.02,1361,510.0,578350.0
2025-10-21,2,テリヤキチキンのサラダ,1134.02,1361,397.0,450206.0
2025-10-21,2,和牛カラムーチョわさび,1134.02,1361,155.0,175773.0
2025-10-21,2,きのことベーコンのドリア,1134.02,1361,526.0,596495.0
2025-10-21,2,ｂｉｔｌｏｔガンダム,1134.02,1361,680.0,771134.0
2025-10-21,2,ポケカメガゲンガーｅｘ,1134.02,1361,1637.0,1856391.0
2025-10-21,2,ポケカメガディアンシー,1134.02,1361,1637.0,1856391.0
2025-10-21,2,◎トマトコンソメスープ,1134.02,1361,350.0,396907.0
2025-10-21,2,◎４種きのこクリームスー,1134.02,1361,426.0,483093.0
2025-10-21,2,Ａｐｐｌｅチャージ,1134.02,1361,10500.0,11907210.0
2025-10-21,2,ＨＷ変顔キャンディ,1134.02,1361,400.0,453608.0
2025-10-21,2,週末版ジャパンタイムズ,1134.02,1361,364.0,412783.0
2025-10-21,2,魚ギョッと釣りグミ,1134.02,1361,70.0,79381.0
2025-10-21,2,じゃりむちグミピーチＳ,1134.02,1361,175.0,198454.0
2025-10-21,2,スターバックス　ブラック,1134.02,1361,168.0,190515.0
2025-10-21,2,フリスクＦＦみかん,1134.02,1361,278.0,315258.0
2025-10-21,2,アップルパンチ３５０,1134.02,1361,161.0,182577.0
2025-10-21,2,山ちゃん監修　海老天むす,1134.02,1361,276.0,312990.0
2025-10-21,2,スヌーピークッキーサンド,1134.02,1361,369.0,418453.0
2025-10-21,2,◎塩バターケーキタルト,1134.02,1361,147.0,166701.0
2025-10-21,2,ＳＰＡＭ　玉子焼き明太子,1134.02,1361,369.0,418453.0
2025-10-21,2,ヴァルトＩメンソールＣＬ,1134.02,1361,528.0,598763.0
2025-10-21,2,スターバックスカフェラテ,1134.02,1361,178.0,201856.0
2025-10-21,2,グローＨＧブラック,1134.02,1361,1346.0,1526391.0
2025-10-21,2,ガイコツグミグレープ味,1134.02,1361,230.0,260825.0
2025-10-21,2,モンストロマーブルガム,1134.02,1361,100.0,113402.0
2025-10-21,2,ぷっちょ袋ＨＷアソート,1134.02,1361,210.0,238144.0
2025-10-21,2,宇都宮線・高崎線チップス,1134.02,1361,156.0,176907.0
2025-10-21,2,つくねおむすび,1134.02,1361,276.0,312990.0
2025-10-21,2,ヴァルトＩベリークリック,1134.02,1361,528.0,598763.0
2025-10-21,2,おーいお茶濃茶ストロング,1134.02,1361,158.0,179175.0
2025-10-21,2,ちぎれるブリオッシュパン,1134.02,1361,147.0,166701.0
2025-10-21,2,鮭金ごまおむすび,1134.02,1361,139.0,157629.0
2025-10-21,2,ピュレグミラ・フランス,1134.02,1361,150.0,170103.0
2025-10-21,2,チュッパサワーバイトグミ,1134.02,1361,158.0,179175.0
2025-10-21,2,味付海苔　ベーコンマヨ,1134.02,1361,184.0,208660.0
2025-10-21,2,バナナカスタードブリュレ,1134.02,1361,350.0,396907.0
2025-10-21,2,◎生コッペパン（オムナポ,1134.02,1361,184.0,208660.0
2025-10-21,2,◎伊右衛門　濃い緑茶,1134.02,1361,121.0,137216.0
2025-10-21,2,チョコクリームたい焼き,1134.02,1361,176.0,199588.0
2025-10-21,2,専スヌーピーチョコドーナ,1134.02,1361,156.0,176907.0
2025-10-21,2,ヴァルトベリークリック,1134.02,1361,528.0,598763.0
2025-10-21,2,鶏天うどん,1134.02,1361,599.0,679278.0
2025-10-21,2,チキンカツサンド,1134.02,1361,399.0,452474.0
2025-10-21,2,ルーシーのレモネード,1134.02,1361,184.0,208660.0
2025-10-21,2,ブルガリアＹＯさくらんぼ,1134.02,1361,195.0,221134.0
2025-10-21,2,たべっ子ラムネみかん,1134.02,1361,150.0,170103.0
2025-10-21,2,さつまりこ焼きいも,1134.02,1361,185.0,209794.0
2025-10-21,2,◎焦がしバターのクロワッ,1134.02,1361,121.0,137216.0
2025-10-21,2,モッチ生ドーナツ生チョコ,1134.02,1361,184.0,208660.0
2025-10-21,2,カンデミーナＳＰベスト,1134.02,1361,200.0,226804.0
2025-10-21,2,ＦチャーリーＢロール,1134.02,1361,165.0,187113.0
2025-10-21,2,ルックア・ラ・モード,1134.02,1361,200.0,226804.0
2025-10-21,2,ルックホワイトラバーズ,1134.02,1361,200.0,226804.0
2025-10-21,2,くりーむパン　和栗,1134.02,1361,269.0,305051.0
2025-10-21,2,Ｐルックシャインマスカッ,1134.02,1361,270.0,306185.0
2025-10-21,2,海老とブロッコリーロール,1134.02,1361,369.0,418453.0
2025-10-21,2,かぶり寿司　旨辛唐揚げ巻,1134.02,1361,283.0,320928.0
2025-10-21,2,Ｐルック生キャラメル,1134.02,1361,270.0,306185.0
2025-10-21,2,来来亭監修　冷し中華,1134.02,1361,554.0,628247.0
2025-10-21,2,野菜生活Ｓアサイーバナナ,1134.02,1361,178.0,201856.0
2025-10-21,2,ポテトＣ感謝のほたてしお,1134.02,1361,157.0,178041.0
2025-10-21,2,ぷっちょＳＴ有田みかん,1134.02,1361,118.0,133814.0
2025-10-21,2,ａｍｉ活ゼリーピングレ味,1134.02,1361,210.0,238144.0
2025-10-21,2,ベーコンとレタスのサラダ,1134.02,1361,332.0,376495.0
2025-10-21,2,カカオ味わうショコララテ,1134.02,1361,230.0,260825.0
2025-10-21,2,スッパイマンちいかわ一番,1134.02,1361,200.0,226804.0
2025-10-21,2,天津あんかけ焼そば,1134.02,1361,554.0,628247.0
2025-10-21,2,ヴァルトミントクリック,1134.02,1361,528.0,598763.0
2025-10-21,2,生パスタ　カルボナーラ,1134.02,1361,499.0,565876.0
2025-10-21,2,プルームオーラＪブラック,1134.02,1361,2710.0,3073194.0
2025-10-21,2,帆立と鰹の昆布水つけ麺,1134.02,1361,600.0,680412.0
2025-10-21,2,秋のフルーツスムージー,1134.02,1361,193.0,218866.0
2025-10-21,2,Ｗ・Ｃホワイト５・１０Ｐ,1134.02,1361,4910.0,5568038.0
2025-10-21,2,ＧＰｌａｙ１００００,1134.02,1361,10000.0,11340200.0
2025-10-21,2,白身フライごはん,1134.02,1361,276.0,312990.0
2025-10-21,2,カルピス　Ｐグレープ,1134.02,1361,170.0,192783.0
2025-10-21,2,◎なすトマトソースグラタ,1134.02,1361,508.0,576082.0
2025-10-21,2,０１：ＢＥ：ＦＩＲＳＴ,1134.02,1361,0.0,0.0
2025-10-21,2,コミック乱ツインズ,1134.02,1361,528.0,598763.0
2025-10-21,2,いなり寿司５ヶ入,1134.02,1361,443.0,502371.0
2025-10-21,2,◎根菜入つくね和風スープ,1134.02,1361,406.0,460412.0
2025-10-21,2,もち明太チーズドリア,1134.02,1361,491.0,556804.0
2025-10-21,2,シングルモルト山崎１８０,1134.02,1361,1950.0,2211339.0
2025-10-21,2,グミチョコボールぶどう味,1134.02,1361,199.0,225670.0
2025-10-21,2,Ｈ綾鷹,1134.02,1361,128.0,145155.0
2025-10-21,2,Ｈ伊右衛門５００,1134.02,1361,138.0,156495.0
2025-10-21,2,堅あげポテト鬼旨ブラック,1134.02,1361,190.0,215464.0
2025-10-21,2,三陸産わかめおむすび,1134.02,1361,139.0,157629.0
2025-10-21,2,大きな　チキンとタルタル,1134.02,1361,304.0,344742.0
2025-10-21,2,サンドおむすび炙り焼チキ,1134.02,1361,352.0,399175.0
2025-10-21,2,ベースブレッドさつまいも,1134.02,1361,260.0,294845.0
2025-10-21,2,伊右衛門　京都サイダー,1134.02,1361,158.0,179175.0
2025-10-21,2,紅はるかのスイートポテト,1134.02,1361,264.0,299381.0
2025-10-21,2,スイートポテトロール,1134.02,1361,276.0,312990.0
2025-10-21,2,◎どかっと満足パン（ベー,1134.02,1361,230.0,260825.0
2025-10-21,2,掘って発見スイートポテト,1134.02,1361,341.0,386701.0
2025-10-21,2,メントスＤＵＯブラッドオ,1134.02,1361,163.0,184845.0
2025-10-21,2,カジッテミカン＆レモン,1134.02,1361,228.0,258557.0
2025-10-21,2,大盛！野菜スティック,1134.02,1361,369.0,418453.0
2025-10-21,2,スーパー大麦　梅ひじき,1134.02,1361,175.0,198454.0
2025-10-21,2,野菜生活北海道メロン,1134.02,1361,138.0,156495.0
2025-10-21,2,おーいお茶濃い茶１Ｌ,1134.02,1361,176.0,199588.0
2025-10-21,2,カジッテグレープ＆マスカ,1134.02,1361,228.0,258557.0
2025-10-21,2,生パスタ海老トマトクリム,1134.02,1361,508.0,576082.0
2025-10-21,2,◎スイートポテトタルトデ,1134.02,1361,158.0,179175.0
2025-10-21,2,青磯海苔　まぐろたたき,1134.02,1361,199.0,225670.0
2025-10-21,2,◎スイートポテト蒸しケ４,1134.02,1361,176.0,199588.0
2025-10-21,2,まいたけおこわ,1134.02,1361,185.0,209794.0
2025-10-21,2,◎どかっとパン（テリマヨ,1134.02,1361,135.0,153093.0
2025-10-21,2,鎌倉コロッケサンド,1134.02,1361,297.0,336804.0
2025-10-21,2,◎生フランスパン（おいも,1134.02,1361,156.0,176907.0
2025-10-21,2,◎おいものパウンドケーキ,1134.02,1361,167.0,189381.0
2025-10-21,2,ワイルドターキーＨＢ３５,1134.02,1361,238.0,269897.0
2025-10-21,2,サラダチキンのサラダ,1134.02,1361,239.0,271031.0
2025-10-21,2,ハムチーズとツナサンド,1134.02,1361,323.0,366288.0
2025-10-21,2,◎はちみつすいーとぽてと,1134.02,1361,176.0,199588.0
2025-10-21,2,ロリポップＣちいかわ黒猫,1134.02,1361,300.0,340206.0
2025-10-21,2,◎おいものマドレーヌ,1134.02,1361,167.0,189381.0
2025-10-21,2,シャンゴ監修　ベスビオ,1134.02,1361,582.0,660000.0
2025-10-21,2,ポケカ拡張　ロケット団,1134.02,1361,164.0,185979.0
2025-10-21,2,手巻寿司　３種のねばねば,1134.02,1361,190.0,215464.0
2025-10-21,2,グミチョコボール苺,1134.02,1361,199.0,225670.0
2025-10-21,2,増量３色そぼろ＆チキン南,1134.02,1361,580.0,657732.0
2025-10-21,2,◎紅はるかのおいもチップ,1134.02,1361,198.0,224536.0
2025-10-21,2,お手軽！冷しぶっかけそば,1134.02,1361,276.0,312990.0
2025-10-21,2,極上はちみつ紅茶Ｃ小袋,1134.02,1361,125.0,141752.0
2025-10-21,2,福かまど　べこ餅,1134.02,1361,165.0,187113.0
2025-10-21,2,ねぎたっぷり！豚肉そば,1134.02,1361,554.0,628247.0
2025-10-21,2,ヱビスビール３５０,1134.02,1361,254.0,288041.0
2025-10-21,2,Ｃ玄米プラス　アーモンド,1134.02,1361,180.0,204124.0
2025-10-21,2,お月見タルト　カスタード,1134.02,1361,276.0,312990.0
2025-10-21,2,爽健美茶　６００,1134.02,1361,158.0,179175.0
2025-10-21,2,鳴門金時ラテ,1134.02,1361,267.0,302783.0
2025-10-21,2,ｉｎゼリーＶカロリーゼロ,1134.02,1361,210.0,238144.0
2025-10-21,2,ヘパリーゼＷハイパー,1134.02,1361,380.0,430928.0
2025-10-21,2,増量特製ダレの炙り焼牛カ,1134.02,1361,625.0,708762.0
2025-10-21,2,増量明太海苔弁当,1134.02,1361,555.0,629381.0
2025-10-21,2,ヤクルトＹ１０００,1134.02,1361,150.0,170103.0
2025-10-21,2,クラッシュ蒟蒻畑ぶどう味,1134.02,1361,183.0,207526.0
2025-10-21,2,ブルガリアＹＯブルーベ,1134.02,1361,168.0,190515.0
2025-10-21,2,ビューティチャージハニー,1134.02,1361,548.0,621443.0
2025-10-21,2,ミックスアイスプラス,1134.02,1361,464.0,526185.0
2025-10-21,2,ＡｐｐｌｅＧＣ＿１万,1134.02,1361,10000.0,11340200.0
2025-10-21,2,馬サブロー,1134.02,1361,500.0,567010.0
2025-10-21,2,コロロ二十世紀梨,1134.02,1361,148.0,167835.0
2025-10-21,2,海老とあさりのスパゲティ,1134.02,1361,499.0,565876.0
2025-10-21,2,ライフガード５００,1134.02,1361,150.0,170103.0
2025-10-21,2,ブロックロス　ユニコーン,1134.02,1361,1700.0,1927834.0
2025-10-21,2,Ｈジョージア　カフェラテ,1134.02,1361,148.0,167835.0
2025-10-21,2,サッポロラガービール３５,1134.02,1361,216.0,244948.0
2025-10-21,2,手巻　チャーシューマヨ,1134.02,1361,185.0,209794.0
2025-10-21,2,大きなおむすび　鮭昆布,1134.02,1361,239.0,271031.0
2025-10-21,2,だし醤油まぶし飯海苔佃煮,1134.02,1361,156.0,176907.0
2025-10-21,2,忍者めし鉄の鎧グレープ味,1134.02,1361,160.0,181443.0
2025-10-21,2,ＢＳラーメン丸銀だこ,1134.02,1361,160.0,181443.0
2025-10-21,2,フェットチーネマスカット,1134.02,1361,112.0,127010.0
2025-10-21,2,ラインＳ２５秋の色黒小,1134.02,1361,390.0,442268.0
2025-10-21,2,ミルクブッセ,1134.02,1361,93.0,105464.0
2025-10-21,2,コーヒーブッセ,1134.02,1361,93.0,105464.0
2025-10-21,2,Ｈ伊右衛門焙じ茶,1134.02,1361,138.0,156495.0
2025-10-21,2,Ｈジョージア　ブラック,1134.02,1361,138.0,156495.0
2025-10-21,2,カフェオレクリームサンド,1134.02,1361,121.0,137216.0
2025-10-21,2,キレートレモンクエン酸,1134.02,1361,175.0,198454.0
2025-10-21,2,チョコパイとろ甘キャラメ,1134.02,1361,138.0,156495.0
2025-10-21,2,午後フルーツティ白ぶどう,1134.02,1361,158.0,179175.0
2025-10-21,2,午後フルーツティオレンジ,1134.02,1361,158.0,179175.0
2025-10-21,2,チョコパイほろ苦ダークカ,1134.02,1361,138.0,156495.0
2025-10-21,2,ガルボほろにがブラックＰ,1134.02,1361,175.0,198454.0
2025-10-21,2,スイートポテト＆ホイップ,1134.02,1361,348.0,394639.0
2025-10-21,2,白玉入りお芋のどら焼き,1134.02,1361,195.0,221134.0
2025-10-21,2,ピザサンド　さつまいも,1134.02,1361,306.0,347010.0
2025-10-21,2,カフェラッテクリーミーラ,1134.02,1361,181.0,205258.0
2025-10-21,2,ふわしゅわショコラスフレ,1134.02,1361,258.0,292577.0
2025-10-21,2,◎クロワッサンワッフル,1134.02,1361,167.0,189381.0
2025-10-21,2,ジャックジンジャーＨＢ３,1134.02,1361,210.0,238144.0
2025-10-21,2,たまご＆海老ブロサンド,1134.02,1361,348.0,394639.0
2025-10-21,2,◎チーズインてりやきバー,1134.02,1361,184.0,208660.0
2025-10-21,2,のむココナッツ杏仁,1134.02,1361,276.0,312990.0
2025-10-21,2,たまごっち　まんまる焼き,1134.02,1361,232.0,263093.0
2025-10-21,2,大粒ラムネ濃い果実ぶどう,1134.02,1361,133.0,150825.0
2025-10-21,2,ブロックロスジークアクス,1134.02,1361,1700.0,1927834.0
2025-10-21,2,サンド寿司サーモンチーズ,1134.02,1361,332.0,376495.0
2025-10-21,2,ダースミルク,1134.02,1361,191.0,216598.0
2025-10-21,2,ショコラキャラメルタルト,1134.02,1361,230.0,260825.0
2025-10-21,2,大きなつくねの醤油パスタ,1134.02,1361,510.0,578350.0
2025-10-21,2,コーンのバター醤油パスタ,1134.02,1361,426.0,483093.0
2025-10-21,2,◎グリルＣヨシダテリヤキ,1134.02,1361,232.0,263093.0
2025-10-21,2,スプバレ豊潤ラガー３５０,1134.02,1361,245.0,277835.0
2025-10-21,2,ハリボーハッピーグレープ,1134.02,1361,198.0,224536.0
2025-10-21,2,野菜を食べよう　タンメン,1134.02,1361,554.0,628247.0
2025-10-21,2,たべっ子グミグレープ＆マ,1134.02,1361,200.0,226804.0
2025-10-21,2,バヤリース果実のど飴,1134.02,1361,220.0,249484.0
2025-10-21,2,豚焼肉弁当（マヨネーズ付,1134.02,1361,499.0,565876.0
2025-10-21,2,ｈａｎａキンモクセイ,1134.02,1361,698.0,791546.0
2025-10-21,2,ちいかわひやキャラ,1134.02,1361,280.0,317526.0
2025-10-21,2,４Ｄグミサンリオキャラ,1134.02,1361,180.0,204124.0
2025-10-21,2,オイコス　ピーチ,1134.02,1361,189.0,214330.0
2025-10-21,2,サンリオグミチュアチャー,1134.02,1361,350.0,396907.0
2025-10-21,2,ブラックサンダー至福のバ,1134.02,1361,60.0,68041.0
2025-10-21,2,その他４口座売上,1134.02,1361,164.0,185979.0
2025-10-21,2,１日分Ｖゼリーピーチ,1134.02,1361,218.0,247216.0
2025-10-21,2,うるおいトラベルセット,1134.02,1361,1680.0,1905154.0
2025-10-21,2,ポップアップス！ハチワレ,1134.02,1361,390.0,442268.0
2025-10-21,2,ポップアップス！うさぎ,1134.02,1361,390.0,442268.0
2025-10-21,2,コロロ巨峰,1134.02,1361,148.0,167835.0
2025-10-21,2,◎ロングデニッシュ（バタ,1134.02,1361,121.0,137216.0
2025-10-21,2,麻辣湯（はるさめ麺）,1134.02,1361,554.0,628247.0
2025-10-21,2,◎ふくちゃん豚骨どんぶり,1134.02,1361,297.0,336804.0
2025-10-21,2,ポケカ拡張インフェルノ,1134.02,1361,164.0,185979.0
2025-10-21,2,５種チーズのドリア,1134.02,1361,499.0,565876.0
2025-10-21,2,新金封　結ちどり,1134.02,1361,500.0,567010.0
2025-10-21,2,チップスターＳバター味,1134.02,1361,158.0,179175.0
2025-10-21,2,レンジかき揚げそば,1134.02,1361,462.0,523917.0
2025-10-21,2,モッチュＳマスカット,1134.02,1361,148.0,167835.0
2025-10-21,2,まるごと和なしのど飴小袋,1134.02,1361,128.0,145155.0
2025-10-21,2,ガルボ紫いもＰＫＰ,1134.02,1361,175.0,198454.0
2025-10-21,2,クランキーＰＪストロベリ,1134.02,1361,175.0,198454.0
2025-10-21,2,漬けぶりおむすび,1134.02,1361,249.0,282371.0
2025-10-21,2,ライオンコーヒーブラック,1134.02,1361,168.0,190515.0
2025-10-21,2,ライオンコーヒカフェオレ,1134.02,1361,178.0,201856.0
2025-10-21,2,◎芋きんつば,1134.02,1361,184.0,208660.0
2025-10-21,2,たっぷりコーンマヨネーズ,1134.02,1361,297.0,336804.0
2025-10-21,2,◎肉たっぷり７種具材豚汁,1134.02,1361,369.0,418453.0
2025-10-21,2,Ｐガーナトリュフキャラメ,1134.02,1361,325.0,368556.0
2025-10-21,2,マミー風味シュークリーム,1134.02,1361,167.0,189381.0
2025-10-21,2,背徳　月見台湾風まぜそば,1134.02,1361,647.0,733711.0
2025-10-21,2,メキシカンチキン雑穀,1134.02,1361,462.0,523917.0
2025-10-21,2,森永れん乳風味クレープ,1134.02,1361,239.0,271031.0
2025-10-21,2,◎ふわもち食感のメープル,1134.02,1361,135.0,153093.0
2025-10-21,2,ライトニング電池充電器,1134.02,1361,2164.0,2454019.0
2025-10-21,2,大きな　月見おむすびマヨ,1134.02,1361,304.0,344742.0
2025-10-21,2,あなご寿司,1134.02,1361,255.0,289175.0
2025-10-21,2,とろ生おいもチーズケーキ,1134.02,1361,230.0,260825.0
2025-10-21,2,きつねおむすび,1134.02,1361,147.0,166701.0
2025-10-21,2,チキンチェダーたまご,1134.02,1361,452.0,512577.0
2025-10-21,2,◎ミニベーコンピザパン４,1134.02,1361,212.0,240412.0
2025-10-21,2,◎ミルクツイスト３本入,1134.02,1361,144.0,163299.0
2025-10-21,2,◎ルイボスティー６００,1134.02,1361,110.0,124742.0
2025-10-21,2,野菜生活青森りんご,1134.02,1361,118.0,133814.0
2025-10-21,2,専おかず全部乗せ！お弁当,1134.02,1361,323.0,366288.0
2025-10-21,2,１９６無糖３種の果実３５,1134.02,1361,161.0,182577.0
2025-10-21,2,◎生コッペパン（モンブラ,1134.02,1361,135.0,153093.0
2025-10-21,2,月見うさぎ,1134.02,1361,90.0,102062.0
2025-10-21,2,◎芋あん豆大福,1134.02,1361,165.0,187113.0
2025-10-21,2,エナジーの塊,1134.02,1361,199.0,225670.0
2025-10-21,2,ちいかわチャームグミ,1134.02,1361,380.0,430928.0
2025-10-21,2,◎ロングスティックパン（,1134.02,1361,158.0,179175.0
2025-10-21,2,いちごドーナツ棒１本,1134.02,1361,74.0,83917.0
2025-10-21,2,マカダミアチョコ沖縄黒糖,1134.02,1361,333.0,377629.0
2025-10-21,2,カフェラッテ,1134.02,1361,181.0,205258.0
2025-10-21,2,グミっちょ夕張メロン,1134.02,1361,238.0,269897.0
2025-10-21,2,◎ボロネーゼ風ラザニア,1134.02,1361,369.0,418453.0
2025-10-21,2,ガパオまぜごはん,1134.02,1361,163.0,184845.0
2025-10-21,2,今治ＴＨ斜ＳＴ　Ｔ紺,1134.02,1361,600.0,680412.0
2025-10-21,2,ＳＤドライクリスタル３５,1134.02,1361,216.0,244948.0
2025-10-21,2,◎ふわふわアソートリン４,1134.02,1361,193.0,218866.0
2025-10-21,2,月見チーズバーガー,1134.02,1361,399.0,452474.0
2025-10-21,2,厚切りロースカツサンド,1134.02,1361,426.0,483093.0
2025-10-21,2,きのこの山ポケットパック,1134.02,1361,161.0,182577.0
2025-10-21,2,暴君ハバネロ１５０粒ハバ,1134.02,1361,176.0,199588.0
2025-10-21,2,Ｈ午後の紅茶ミルクティー,1134.02,1361,159.0,180309.0
2025-10-21,2,たけのこの里ＰＫＰ,1134.02,1361,161.0,182577.0
2025-10-21,3,しらすおむすび,1134.02,1361,165.0,187113.0
2025-10-21,3,Ｍアーモンドチョコレート,1134.02,1361,305.0,345876.0
2025-10-21,3,龍角散ののどすっきりタブ,1134.02,1361,200.0,226804.0
2025-10-21,3,忍者めし鋼グレープ味,1134.02,1361,148.0,167835.0
2025-10-21,3,◎もちもちくるみパン,1134.02,1361,128.0,145155.0
2025-10-21,3,ｉｎゼリーエネルギー,1134.02,1361,210.0,238144.0
2025-10-21,3,◎白生クロワッサン（ダブ,1134.02,1361,156.0,176907.0
2025-10-21,3,モンスター　リッパー,1134.02,1361,213.0,241546.0
2025-10-21,3,◎レモン香るティーソーダ,1134.02,1361,130.0,147423.0
2025-10-21,3,カルピス　ひんやりライチ,1134.02,1361,160.0,181443.0
2025-10-21,3,カルピスウォーター５００,1134.02,1361,160.0,181443.0
2025-10-21,3,トロピカーナアップル,1134.02,1361,120.0,136082.0
2025-10-21,3,ミンティアＢカルピス,1134.02,1361,211.0,239278.0
2025-10-21,3,◎ボディＰレモンミント,1134.02,1361,350.0,396907.0
2025-10-21,3,薬用リップスティック,1134.02,1361,299.0,339072.0
2025-10-21,3,さらさらシートクール,1134.02,1361,295.0,334536.0
2025-10-21,3,◎のむＹＧアサイーボウル,1134.02,1361,184.0,208660.0
2025-10-21,3,Ｚｅｒｏシート携帯,1134.02,1361,328.0,371959.0
2025-10-21,3,レッドブルエナジー２５０,1134.02,1361,198.0,224536.0
2025-10-21,3,ペパーミント１００ＭＬ,1134.02,1361,200.0,226804.0
2025-10-21,3,ヘアリングゴム黒,1134.02,1361,200.0,226804.0
2025-10-21,3,１日分鉄分のむヨーグルト,1134.02,1361,145.0,164433.0
2025-10-21,3,ザバスミルクココア風味,1134.02,1361,181.0,205258.0
2025-10-21,3,イーラインマスクベージュ,1134.02,1361,299.0,339072.0
2025-10-21,3,ブルガリアＹＯ　苺,1134.02,1361,158.0,179175.0
2025-10-21,3,◎カフェラテレギュラー,1134.02,1361,181.0,205258.0
2025-10-21,3,金のミルクキャンディ,1134.02,1361,221.0,250618.0
2025-10-21,3,ミンティアＢリフレッシュ,1134.02,1361,211.0,239278.0
2025-10-21,3,邪払のど飴,1134.02,1361,258.0,292577.0
2025-10-21,3,◎生コッペパン（たまご）,1134.02,1361,128.0,145155.0
2025-10-21,3,キレートクエン酸ゼリー,1134.02,1361,210.0,238144.0
2025-10-21,3,◎もっち歩き（チョコ）,1134.02,1361,125.0,141752.0
2025-10-21,3,ミンティアワイルド＆クー,1134.02,1361,105.0,119072.0
2025-10-21,3,アーモンドＣ香ばしＰＪ,1134.02,1361,175.0,198454.0
2025-10-21,3,ミンティアＢクリスタル,1134.02,1361,211.0,239278.0
2025-10-21,3,ブラックＴひとくちサイズ,1134.02,1361,120.0,136082.0
2025-10-21,3,ジャムグミいちご,1134.02,1361,182.0,206392.0
2025-10-21,3,ぷにキャラグミちいかわ,1134.02,1361,218.0,247216.0
2025-10-21,3,ソルベットグミ白桃味,1134.02,1361,140.0,158763.0
2025-10-21,3,つぶグミカタイソーダ,1134.02,1361,168.0,190515.0
2025-10-21,3,たべっ子グミパイナップル,1134.02,1361,200.0,226804.0
2025-10-21,3,おとうふくんグミ,1134.02,1361,161.0,182577.0
2025-10-21,3,あの日夢見た雲グミ,1134.02,1361,171.0,193917.0
2025-10-21,3,ピュレグミなつももソーダ,1134.02,1361,150.0,170103.0
2025-10-21,3,ポケぷに,1134.02,1361,218.0,247216.0
2025-10-21,3,龍角散のど飴ｍａｘＳＴ,1134.02,1361,160.0,181443.0
2025-10-21,3,忍者めし巨峰,1134.02,1361,125.0,141752.0
2025-10-21,3,即攻元気ゼリー,1134.02,1361,204.0,231340.0
2025-10-21,3,龍角散のど飴スティック,1134.02,1361,140.0,158763.0
2025-10-21,3,のど飴,1134.02,1361,124.0,140618.0
2025-10-21,3,忍者めし鋼マスカット味,1134.02,1361,148.0,167835.0
2025-10-21,3,◎ドライマンゴー,1134.02,1361,276.0,312990.0
2025-10-21,3,◎カリカリ梅無着色小袋,1134.02,1361,184.0,208660.0
2025-10-21,3,大粒ラムネ,1134.02,1361,133.0,150825.0
2025-10-21,3,牛乳パン,1134.02,1361,230.0,260825.0
2025-10-21,3,１本満足プロテイン　ＷＴ,1134.02,1361,171.0,193917.0
2025-10-21,3,シルキータッチ大きめ,1134.02,1361,398.0,451340.0
2025-10-21,3,スマートカラーグレー,1134.02,1361,566.0,641855.0
2025-10-21,3,◎しっとりやわらか食パ６,1134.02,1361,158.0,179175.0
2025-10-21,3,◎ファミマ・ザ・クリーム,1134.02,1361,128.0,145155.0
2025-10-21,3,たまごサンド,1134.02,1361,265.0,300515.0
2025-10-21,3,具だくさん！チキン南蛮,1134.02,1361,221.0,250618.0
2025-10-21,3,具だくさん！チャーシュー,1134.02,1361,215.0,243814.0
2025-10-21,3,キャメＭマスカットＰＬ,1134.02,1361,455.0,515979.0
2025-10-21,3,◎ソフトなチーズクリーム,1134.02,1361,135.0,153093.0
2025-10-21,3,キャメＭベリープルーム,1134.02,1361,455.0,515979.0
2025-10-21,3,◎バタークロワッサンメロ,1134.02,1361,147.0,166701.0
2025-10-21,3,キャメＭコールドプルーム,1134.02,1361,455.0,515979.0
2025-10-21,3,◎チョコチップスナック６,1134.02,1361,135.0,153093.0
2025-10-21,3,◎ファミマ・ザ・メロンパ,1134.02,1361,128.0,145155.0
2025-10-21,3,ラーククラシックＭ,1134.02,1361,491.0,556804.0
2025-10-21,3,ラッキーＥＸカット１４,1134.02,1361,428.0,485361.0
2025-10-21,3,ラッキーＢチルベリー８,1134.02,1361,428.0,485361.0
2025-10-21,3,◎生コッペパン（コロッケ,1134.02,1361,167.0,189381.0
2025-10-21,3,ラッキーストライク,1134.02,1361,564.0,639587.0
2025-10-21,3,◎生コッペパン（焼きそば,1134.02,1361,167.0,189381.0
2025-10-21,3,ラッキーシガリロＳライト,1134.02,1361,428.0,485361.0
2025-10-21,3,◎白生コッペパン（トリプ,1134.02,1361,147.0,166701.0
2025-10-21,3,◎ひと口もち食感チーズ（,1134.02,1361,149.0,168969.0
2025-10-21,3,マルボロ・メン８Ｂ,1134.02,1361,546.0,619175.0
2025-10-21,3,◎もっちパン（ミート＆チ,1134.02,1361,121.0,137216.0
2025-10-21,3,◎お肉たっぷりメンチカツ,1134.02,1361,184.0,208660.0
2025-10-21,3,◎天然水新潟県津南６００,1134.02,1361,110.0,124742.0
2025-10-21,3,◎ミニクリームパン５個入,1134.02,1361,149.0,168969.0
2025-10-21,3,◎ジャスミン茶６００,1134.02,1361,110.0,124742.0
2025-10-21,3,クリームたい焼きカスター,1134.02,1361,165.0,187113.0
2025-10-21,3,アスティーグ肌　Ｍ,1134.02,1361,600.0,680412.0
2025-10-21,3,◎のむヨーグルトプレーン,1134.02,1361,149.0,168969.0
2025-10-21,3,ルーロー飯おむすび,1134.02,1361,194.0,220000.0
2025-10-21,3,グリーンダカラ,1134.02,1361,141.0,159897.0
2025-10-21,3,ウィルキンソン　タンサン,1134.02,1361,112.0,127010.0
2025-10-21,3,チョコラＢＢハイパー,1134.02,1361,380.0,430928.0
2025-10-21,3,◎発酵バター香るチョコク,1134.02,1361,147.0,166701.0
2025-10-21,3,◎ダブルチョコデニッシュ,1134.02,1361,128.0,145155.0
2025-10-21,3,ウコンの力ドリンク,1134.02,1361,191.0,216598.0
2025-10-21,3,リポビタンＤ,1134.02,1361,164.0,185979.0
2025-10-21,3,◎ゴロゴロチョコのクッキ,1134.02,1361,138.0,156495.0
2025-10-21,3,ジョージア　カフェモカ,1134.02,1361,168.0,190515.0
2025-10-21,3,ジョージア　カフェラテ,1134.02,1361,159.0,180309.0
2025-10-21,3,◎しっとりケーキ（チョコ,1134.02,1361,135.0,153093.0
2025-10-21,3,ジョージア　ブラック,1134.02,1361,149.0,168969.0
2025-10-21,3,◎白生フランスパン（つぶ,1134.02,1361,156.0,176907.0
2025-10-21,3,◎天然水長野県安曇野２Ｌ,1134.02,1361,112.0,127010.0
2025-10-21,3,午後の紅茶　レモンティー,1134.02,1361,160.0,181443.0
2025-10-21,3,◎緑茶６００,1134.02,1361,110.0,124742.0
2025-10-21,3,◎ぶどうぱん（シュガーマ,1134.02,1361,128.0,145155.0
2025-10-21,3,◎麦茶６００,1134.02,1361,110.0,124742.0
2025-10-21,3,健康ミネラルむぎ茶,1134.02,1361,158.0,179175.0
2025-10-21,3,◎生スコーン６個入,1134.02,1361,172.0,195051.0
2025-10-21,3,◎アップル香るジャスミン,1134.02,1361,110.0,124742.0
2025-10-21,3,塩バター揚げ焼きくりーむ,1134.02,1361,276.0,312990.0
2025-10-21,3,マルボロ・メン１２Ｂ,1134.02,1361,546.0,619175.0
2025-10-21,3,専ＵＦＯ大盛焼そばパンガ,1134.02,1361,276.0,312990.0
2025-10-21,3,じゃがりこチーズ,1134.02,1361,185.0,209794.0
2025-10-21,3,◎冷やし胡瓜一本漬,1134.02,1361,172.0,195051.0
2025-10-21,3,◎タンスティックレモン,1134.02,1361,184.0,208660.0
2025-10-21,3,メビウスＥＸＬ,1134.02,1361,528.0,598763.0
2025-10-21,3,メビウスＬ,1134.02,1361,528.0,598763.0
2025-10-21,3,メビウスＳＬ１００Ｂ,1134.02,1361,528.0,598763.0
2025-10-21,3,焙煎ごまドレッシング,1134.02,1361,33.0,37423.0
2025-10-21,3,◎半熟ゆでたまご１個,1134.02,1361,98.0,111134.0
2025-10-21,3,ポケカ拡張　ホワイト,1134.02,1361,264.0,299381.0
2025-10-21,3,テリアスムースレギュラー,1134.02,1361,528.0,598763.0
2025-10-21,3,高菜の寿司,1134.02,1361,176.0,199588.0
2025-10-21,3,レジ袋弁当大バイオマス,1134.02,1361,5.0,5670.0
2025-10-21,3,ホープ１０,1134.02,1361,273.0,309587.0
2025-10-21,3,手巻　紀州南高梅,1134.02,1361,158.0,179175.0
2025-10-21,3,手巻　真昆布,1134.02,1361,158.0,179175.0
2025-10-21,3,大きな　僕の梅おかか,1134.02,1361,297.0,336804.0
2025-10-21,3,味付海苔　おかか味噌,1134.02,1361,161.0,182577.0
2025-10-21,3,増量　手巻　紅しゃけ,1134.02,1361,195.0,221134.0
2025-10-21,3,増量　手巻　辛子明太子,1134.02,1361,195.0,221134.0
2025-10-21,3,大きな　昆布とツナマヨ,1134.02,1361,269.0,305051.0
2025-10-21,3,手巻　たらこマヨネーズ,1134.02,1361,188.0,213196.0
2025-10-21,3,豚バラしょうゆ,1134.02,1361,276.0,312990.0
2025-10-21,3,サンドおむすび　牛カルビ,1134.02,1361,328.0,371959.0
2025-10-21,3,手巻　紅しゃけ,1134.02,1361,195.0,221134.0
2025-10-21,3,レジ袋１２号バイオマス,1134.02,1361,3.0,3402.0
2025-10-21,3,ピース・ライト・ＢＯＸ,1134.02,1361,546.0,619175.0
2025-10-21,3,ピアニシモ・アリア・メン,1134.02,1361,519.0,588556.0
2025-10-21,3,◎海鮮スティック明太マヨ,1134.02,1361,167.0,189381.0
2025-10-21,3,センティアＩブラック,1134.02,1361,482.0,546598.0
2025-10-21,3,冷し明太とろろうどん,1134.02,1361,508.0,576082.0
2025-10-21,3,冷したぬきうどん,1134.02,1361,399.0,452474.0
2025-10-21,3,ゆず冷し鶏塩おろしうどん,1134.02,1361,526.0,596495.0
2025-10-21,3,テリアイエローメンソール,1134.02,1361,528.0,598763.0
2025-10-21,3,テリアサンパール,1134.02,1361,528.0,598763.0
2025-10-21,3,テリアシャインパール,1134.02,1361,528.0,598763.0
2025-10-21,3,マルボロ・ボックス,1134.02,1361,546.0,619175.0
2025-10-21,3,シーチキン＆コーンサラダ,1134.02,1361,249.0,282371.0
2025-10-21,3,ケントエス１・１００Ｂ,1134.02,1361,455.0,515979.0
2025-10-21,3,ローストチキンパスタサラ,1134.02,1361,369.0,418453.0
2025-10-21,3,エボルタＮＥＯ単４－４Ｐ,1134.02,1361,659.0,747319.0
2025-10-21,3,ライトニング１．２ｍ,1134.02,1361,1800.0,2041236.0
2025-10-21,3,ＣＲバーナーライター,1134.02,1361,190.0,215464.0
2025-10-21,3,耐風ビニール傘７０,1134.02,1361,862.0,977525.0
2025-10-21,3,ダブルシュー,1134.02,1361,172.0,195051.0
2025-10-21,3,デイリースポーツ東日本,1134.02,1361,146.0,165567.0
2025-10-21,3,冷やして食べるバウム,1134.02,1361,167.0,189381.0
2025-10-21,3,マカロンチョコパッション,1134.02,1361,267.0,302783.0
2025-10-21,3,日刊ゲンダイ,1134.02,1361,164.0,185979.0
2025-10-21,3,日本経済新聞,1134.02,1361,182.0,206392.0
2025-10-21,3,ＡｍａｚｏｎＶＡＲ,1134.02,1361,10000.0,11340200.0
2025-10-21,3,２種のキンパ,1134.02,1361,510.0,578350.0
2025-10-21,3,セブンスター,1134.02,1361,546.0,619175.0
2025-10-21,3,セブンスター・ＢＯＸ,1134.02,1361,546.0,619175.0
2025-10-21,3,手巻　辛子明太子,1134.02,1361,195.0,221134.0
2025-10-21,3,カロリーＭハーフ　バニラ,1134.02,1361,110.0,124742.0
2025-10-21,3,手巻シーチキンマヨネーズ,1134.02,1361,165.0,187113.0
2025-10-21,3,直巻　和風ツナマヨネーズ,1134.02,1361,149.0,168969.0
2025-10-21,3,テリアブラックＭ１０Ｐ,1134.02,1361,5273.0,5979687.0
2025-10-21,3,アサヒ生ビール３５０,1134.02,1361,216.0,244948.0
2025-10-21,3,スーパードライ３５０,1134.02,1361,216.0,244948.0
2025-10-21,3,さばと青じそおむすび,1134.02,1361,139.0,157629.0
2025-10-21,3,テリアＯパール,1134.02,1361,528.0,598763.0
2025-10-21,3,ポケカ拡張　ブラック,1134.02,1361,264.0,299381.0
2025-10-21,3,ポケカ拡張　バトルＰ,1134.02,1361,164.0,185979.0
2025-10-21,3,サラサクリップ　黒,1134.02,1361,99.0,112268.0
2025-10-21,3,ＬＩＢＥＲＡミルク,1134.02,1361,277.0,314124.0
2025-10-21,3,◎しみチョココーン,1134.02,1361,147.0,166701.0
2025-10-21,3,◎チョコシュー,1134.02,1361,128.0,145155.0
2025-10-21,3,もち麦　鮭ひじきしそ風味,1134.02,1361,163.0,184845.0
2025-10-21,3,◎こだわりのフロランタン,1134.02,1361,184.0,208660.0
2025-10-21,3,◎もちもちレモンドーナツ,1134.02,1361,149.0,168969.0
2025-10-21,3,◎濃厚ミルクドーナツ,1134.02,1361,100.0,113402.0
2025-10-21,3,◎焼たまごカレートースト,1134.02,1361,167.0,189381.0
2025-10-21,3,スイートサンダーいちご,1134.02,1361,60.0,68041.0
2025-10-21,3,ブラックサンダー,1134.02,1361,41.0,46495.0
2025-10-21,3,◎大きいウインナー,1134.02,1361,153.0,173505.0
2025-10-21,3,◎大きいあらびきチョリソ,1134.02,1361,153.0,173505.0
2025-10-21,3,パウダー２５０％ハッピー,1134.02,1361,120.0,136082.0
2025-10-21,3,◎ベーコンチーズオニオン,1134.02,1361,149.0,168969.0
2025-10-21,3,Ｆグレイシアラムネわらび,1134.02,1361,156.0,176907.0
2025-10-21,3,じゃがりこサラダ,1134.02,1361,185.0,209794.0
2025-10-21,3,ミンティアコールドスマッ,1134.02,1361,105.0,119072.0
2025-10-21,3,直巻　とり五目,1134.02,1361,165.0,187113.0
2025-10-21,3,ラッキーＳメンソール,1134.02,1361,391.0,443402.0
2025-10-21,3,ラッキーＳダークＭ,1134.02,1361,391.0,443402.0
2025-10-21,3,直巻　明太子マヨネーズ,1134.02,1361,165.0,187113.0
2025-10-21,3,直巻　焼しゃけ,1134.02,1361,158.0,179175.0
2025-10-21,3,レジ袋,1134.02,1361,3.0,3402.0
2025-10-21,3,１９６ＳＴゼロＷレモン３,1134.02,1361,161.0,182577.0
2025-10-21,3,角ハイボール３５０,1134.02,1361,219.0,248350.0
2025-10-21,3,氷結レモン３５０,1134.02,1361,168.0,190515.0
2025-10-21,3,生ハム寿司,1134.02,1361,212.0,240412.0
2025-10-21,3,テリアブラックパープルＭ,1134.02,1361,528.0,598763.0
2025-10-21,3,テリアブラックメンソール,1134.02,1361,528.0,598763.0
2025-10-21,3,手巻寿司　納豆,1134.02,1361,184.0,208660.0
2025-10-21,3,テリアミント,1134.02,1361,528.0,598763.0
2025-10-21,3,手巻寿司　シーチキンマヨ,1134.02,1361,167.0,189381.0
2025-10-21,3,テリアメンソール,1134.02,1361,528.0,598763.0
2025-10-21,3,テリアリッチレギュラー,1134.02,1361,528.0,598763.0
2025-10-21,3,テリアリビエラパール,1134.02,1361,528.0,598763.0
2025-10-21,3,テリアレギュラー,1134.02,1361,528.0,598763.0
2025-10-21,3,鮭はらみおむすび,1134.02,1361,258.0,292577.0
2025-10-21,3,助六寿司,1134.02,1361,482.0,546598.0
2025-10-21,3,テリアＢルビーＭ,1134.02,1361,528.0,598763.0
2025-10-21,3,ネオアークティックＭ,1134.02,1361,455.0,515979.0
2025-10-21,3,高菜たくあんおむすび,1134.02,1361,135.0,153093.0
2025-10-21,3,ラッキーＳダークタバコ,1134.02,1361,391.0,443402.0
2025-10-21,3,◎ハムチーズマヨネーズ２,1134.02,1361,135.0,153093.0
2025-10-21,3,ＭＶコールドＭプルーム,1134.02,1361,455.0,515979.0
2025-10-21,3,まるで桃みたいなケーキ,1134.02,1361,276.0,312990.0
2025-10-21,3,クリームワッフルクッキー,1134.02,1361,260.0,294845.0
2025-10-21,3,調製豆乳,1134.02,1361,105.0,119072.0
2025-10-21,3,テリアパープルメンソール,1134.02,1361,528.0,598763.0
2025-10-21,3,テリアバランスドＲ,1134.02,1361,528.0,598763.0
2025-10-21,3,野菜一日これ一本,1134.02,1361,113.0,128144.0
2025-10-21,3,◎デニッシュブレッド３枚,1134.02,1361,156.0,176907.0
2025-10-21,3,センティアＳバイオレット,1134.02,1361,482.0,546598.0
2025-10-21,3,◎バタークロワッサンメ３,1134.02,1361,156.0,176907.0
2025-10-21,3,センティアＩパープル,1134.02,1361,482.0,546598.0
2025-10-21,3,◎ファミマの牛乳５００,1134.02,1361,175.0,198454.0
2025-10-21,3,サブレサンドバニライチゴ,1134.02,1361,332.0,376495.0
2025-10-21,3,冷しニンニクまぜそば,1134.02,1361,647.0,733711.0
2025-10-21,3,ＳＰＡＭ　タコスミート,1134.02,1361,315.0,357216.0
2025-10-21,3,ＳＰＡＭ　ツナマヨネーズ,1134.02,1361,266.0,301649.0
2025-10-21,3,不明,1134.02,1361,164.0,185979.0
2025-10-21,3,レジ袋４５号バイオマス,1134.02,1361,7.0,7938.0
2025-10-21,3,鮭ほぐし飯（和風だしごは,1134.02,1361,338.0,383299.0
2025-10-21,3,天タレおむすび,1134.02,1361,138.0,156495.0
2025-10-21,3,植物生のスパイシーカレー,1134.02,1361,146.0,165567.0
2025-10-21,3,赤飯おむすび,1134.02,1361,165.0,187113.0
2025-10-21,3,レジ袋２０号バイオマス,1134.02,1361,5.0,5670.0
2025-10-21,3,鶏のうまみ！鶏そぼろ弁当,1134.02,1361,320.0,362886.0
2025-10-21,3,冷しビャンビャン麺,1134.02,1361,510.0,578350.0
2025-10-21,3,ラッキーＳＲタバコ１０Ｐ,1134.02,1361,3910.0,4434018.0
2025-10-21,3,野沢菜いなり寿司,1134.02,1361,179.0,202990.0
2025-10-21,3,国産チキン彩り野菜うどん,1134.02,1361,554.0,628247.0
2025-10-21,3,手巻寿司　ねぎとろ（青ま,1134.02,1361,230.0,260825.0
2025-10-21,3,かぶり寿司　唐揚げ巻,1134.02,1361,283.0,320928.0
2025-10-21,3,塩こんぶおむすび,1134.02,1361,139.0,157629.0
2025-10-21,3,サンド寿司　まぐろたくあ,1134.02,1361,334.0,378763.0
2025-10-21,3,冷たい生パスタ海老トマト,1134.02,1361,499.0,565876.0
2025-10-21,3,ジューシーハムサンド,1134.02,1361,297.0,336804.0
2025-10-21,3,ラッキーＳリッチタバコ,1134.02,1361,391.0,443402.0
2025-10-21,3,テリヤキチキンとたまごＳ,1134.02,1361,323.0,366288.0
2025-10-21,3,ラッキーＳベリーＭ,1134.02,1361,391.0,443402.0
2025-10-21,3,ラッキーＳトロピカルＳ,1134.02,1361,391.0,443402.0
2025-10-21,3,３種チーズとハムのサンド,1134.02,1361,323.0,366288.0
2025-10-21,3,ベコンレタストマトサンド,1134.02,1361,369.0,418453.0
2025-10-21,3,ネオＢベリーハイパー用,1134.02,1361,455.0,515979.0
2025-10-21,3,チキン南蛮サンド,1134.02,1361,369.0,418453.0
2025-10-21,3,ミックスサンド,1134.02,1361,276.0,312990.0
2025-10-21,3,鶏焼肉のバインミー,1134.02,1361,369.0,418453.0
2025-10-21,3,シーチキン＆たまごサラダ,1134.02,1361,239.0,271031.0
2025-10-21,3,棒棒鶏風サラダ,1134.02,1361,406.0,460412.0
2025-10-21,3,和風ドレッシング,1134.02,1361,33.0,37423.0
2025-10-21,3,シャキシャキレタスサンド,1134.02,1361,297.0,336804.0
2025-10-21,3,サメジマブルーソーダ味,1134.02,1361,178.0,201856.0
2025-10-21,3,蒸鶏とねぎのトマトパスタ,1134.02,1361,462.0,523917.0
2025-10-21,3,大きなおむすび唐揚げマヨ,1134.02,1361,290.0,328866.0
2025-10-21,3,本まぐろわさび醤油おむす,1134.02,1361,280.0,317526.0
2025-10-21,3,◎ベーコンペッパーマヨ,1134.02,1361,121.0,137216.0
2025-10-21,3,メビウス,1134.02,1361,528.0,598763.0
2025-10-21,3,シャインマスカットのど飴,1134.02,1361,105.0,119072.0
2025-10-21,3,ぷっちょＳＴメガコーラ,1134.02,1361,118.0,133814.0
2025-10-21,3,ハイチュウグレープ,1134.02,1361,127.0,144021.0
2025-10-21,3,ハイライトメンソール,1134.02,1361,473.0,536391.0
2025-10-21,3,ハイチュウＰシャインマス,1134.02,1361,152.0,172371.0
2025-10-21,3,センティアＦグリーン,1134.02,1361,482.0,546598.0
2025-10-21,3,ハイライト,1134.02,1361,473.0,536391.0
2025-10-21,3,ハイチュウＰ巨峰,1134.02,1361,152.0,172371.0
2025-10-21,3,キャメルクラフトＭ５,1134.02,1361,410.0,464948.0
2025-10-21,3,アメスピＯＭ１,1134.02,1361,382.0,433196.0
2025-10-21,3,アメスピＯＭライト,1134.02,1361,382.0,433196.0
2025-10-21,3,コロロシャインマスカット,1134.02,1361,148.0,167835.0
2025-10-21,3,コーラアップ,1134.02,1361,242.0,274433.0
2025-10-21,3,アメスピライト,1134.02,1361,382.0,433196.0
2025-10-21,3,ハイチュウＰヨーグルト,1134.02,1361,152.0,172371.0
2025-10-21,3,ＭＶスムースＲプルーム,1134.02,1361,455.0,515979.0
2025-10-21,3,◎しみ旨フレンチトースト,1134.02,1361,144.0,163299.0
2025-10-21,3,ＭＶシトラスＯＰプルーム,1134.02,1361,455.0,515979.0
2025-10-21,3,◎もちっとつぶあんドーナ,1134.02,1361,125.0,141752.0
2025-10-21,3,◎ミニフレンチトースト４,1134.02,1361,172.0,195051.0
2025-10-21,3,センティアＤブロンズ,1134.02,1361,482.0,546598.0
2025-10-21,3,センティアＣジェイド,1134.02,1361,482.0,546598.0
2025-10-21,3,センティアクリアシルバー,1134.02,1361,482.0,546598.0
2025-10-21,3,専ＵＦＯプチ焼そばパン４,1134.02,1361,212.0,240412.0
2025-10-21,3,ケントＴＲメンソール,1134.02,1361,437.0,495567.0
2025-10-21,3,◎北海道メロンパン,1134.02,1361,125.0,141752.0
2025-10-21,3,ケントＴメンソール,1134.02,1361,437.0,495567.0
2025-10-21,3,◎生コッペパン（あんバタ,1134.02,1361,135.0,153093.0
2025-10-21,3,◎白生コッペパン（カスタ,1134.02,1361,128.0,145155.0
2025-10-21,3,マルボロ・ブラックＭ８,1134.02,1361,546.0,619175.0
2025-10-21,3,ＭＶＰＧレギュラーウィズ,1134.02,1361,546.0,619175.0
2025-10-21,3,ＭＶＰＧメンソールウィズ,1134.02,1361,546.0,619175.0
2025-10-21,3,ＭＶＧレッドＭウィズ,1134.02,1361,546.0,619175.0
2025-10-21,3,◎ふんわりホットケーキ２,1134.02,1361,128.0,145155.0
2025-10-21,3,◎完熟バナナパンケーキ,1134.02,1361,138.0,156495.0
2025-10-21,3,ＭＶベリーＯＰプルーム,1134.02,1361,455.0,515979.0
2025-10-21,3,◎いちごのクロワッサン（,1134.02,1361,147.0,166701.0
2025-10-21,3,ＭＶブラックＣＭプルーム,1134.02,1361,455.0,515979.0
2025-10-21,3,タフグミグレーピーパンチ,1134.02,1361,238.0,269897.0
2025-10-21,3,はちみつカリンのど飴,1134.02,1361,124.0,140618.0
2025-10-21,3,メビウスワン,1134.02,1361,528.0,598763.0
2025-10-21,3,メビウスＥ１　１００Ｓ,1134.02,1361,455.0,515979.0
2025-10-21,3,◎スーパーＣＨ無糖レモ３,1134.02,1361,119.0,134948.0
2025-10-21,3,おむすびおかずＳ（昆・ツ,1134.02,1361,434.0,492165.0
2025-10-21,3,特撰　白角水割　２５０,1134.02,1361,175.0,198454.0
2025-10-21,3,茉莉花ジャスミン茶割ＪＪ,1134.02,1361,181.0,205258.0
2025-10-21,3,檸檬堂夏のラムネとレモン,1134.02,1361,160.0,181443.0
2025-10-21,3,手巻寿司　サーモン（青ま,1134.02,1361,230.0,260825.0
2025-10-21,3,本搾りライム３５０,1134.02,1361,168.0,190515.0
2025-10-21,3,未来のレサワオリジナル３,1134.02,1361,271.0,307319.0
2025-10-21,3,ルイボスティーハイ３４０,1134.02,1361,181.0,205258.0
2025-10-21,3,手巻寿司　青しそ納豆,1134.02,1361,190.0,215464.0
2025-10-21,3,◎スーパーＣＨグレフル３,1134.02,1361,119.0,134948.0
2025-10-21,3,大関　佳撰ワンカップ,1134.02,1361,219.0,248350.0
2025-10-21,3,金麦３５０,1134.02,1361,180.0,204124.0
2025-10-21,3,いなり寿司３ヶ入,1134.02,1361,276.0,312990.0
2025-10-21,3,ザプレミアムモルツ３５０,1134.02,1361,254.0,288041.0
2025-10-21,3,黒ラベル３５０,1134.02,1361,216.0,244948.0
2025-10-21,3,炙り焼辛子明太子おむすび,1134.02,1361,251.0,284639.0
2025-10-21,3,◎パン・オ・ショコラ４個,1134.02,1361,184.0,208660.0
2025-10-21,3,６種具材の冷し中華,1134.02,1361,536.0,607835.0
2025-10-21,3,センティアＦパープル,1134.02,1361,482.0,546598.0
2025-10-21,3,キシリトール粒フレッシュ,1134.02,1361,178.0,201856.0
2025-10-21,3,大粒ラムネＲすっぱレモン,1134.02,1361,133.0,150825.0
2025-10-21,3,マルボロアイスＢ・Ｍ８,1134.02,1361,546.0,619175.0
2025-10-21,3,マルボロアイスＢ・Ｍ５,1134.02,1361,546.0,619175.0
2025-10-21,3,ベロＭＰＭインテンス,1134.02,1361,291.0,330000.0
2025-10-21,3,◎黒胡椒香るチーズフラン,1134.02,1361,184.0,208660.0
2025-10-21,3,ケント・１・１００ＢＯＸ,1134.02,1361,473.0,536391.0
2025-10-21,3,◎ファミマ・ザ・カレーパ,1134.02,1361,139.0,157629.0
2025-10-21,3,ケントエス・スパーク１,1134.02,1361,455.0,515979.0
2025-10-21,3,◎手巻きソーセージドーナ,1134.02,1361,158.0,179175.0
2025-10-21,3,マルボロゴールドＢ,1134.02,1361,546.0,619175.0
2025-10-21,3,キシリトール粒グレープ,1134.02,1361,178.0,201856.0
2025-10-21,3,キシリトール粒ライムミン,1134.02,1361,178.0,201856.0
2025-10-21,3,Ｗ・Ｃ・ホワイト・５,1134.02,1361,491.0,556804.0
2025-10-21,3,メビＰＭＯＰＰ１１００,1134.02,1361,528.0,598763.0
2025-10-21,3,メビウスＳＬ,1134.02,1361,528.0,598763.0
2025-10-21,3,フリスクＦＦマスカット,1134.02,1361,278.0,315258.0
2025-10-21,3,ヨーグレットミニ,1134.02,1361,150.0,170103.0
2025-10-21,3,メビウスＥＭＯＰＰ５Ｓ,1134.02,1361,455.0,515979.0
2025-10-21,3,メロンソーダアップ,1134.02,1361,242.0,274433.0
2025-10-21,3,ラムネアップ,1134.02,1361,242.0,274433.0
2025-10-21,3,サンスポ（サンケ,1134.02,1361,164.0,185979.0
2025-10-21,3,コンパクトＳ２４．５ｃｍ,1134.02,1361,230.0,260825.0
2025-10-21,3,忍者めしラムネ,1134.02,1361,125.0,141752.0
2025-10-21,3,週刊少年ジャンプ,1134.02,1361,282.0,319794.0
2025-10-21,3,男梅グミ,1134.02,1361,143.0,162165.0
2025-10-21,3,週　刊　文　春,1134.02,1361,464.0,526185.0
2025-10-21,3,◎ドライみかん,1134.02,1361,276.0,312990.0
2025-10-21,3,ヤングマガジン,1134.02,1361,464.0,526185.0
2025-10-21,3,◎ドライりんご,1134.02,1361,276.0,312990.0
2025-10-21,3,◎５種のナッツ＆フルーツ,1134.02,1361,198.0,224536.0
2025-10-21,3,◎おしゃぶり昆布,1134.02,1361,172.0,195051.0
2025-10-21,3,ＢＩＣ電子ライター,1134.02,1361,170.0,192783.0
2025-10-21,3,◎やみつき種ぬき干し梅,1134.02,1361,175.0,198454.0
2025-10-21,3,コンパクトＳ２１．５ｃｍ,1134.02,1361,230.0,260825.0
2025-10-21,3,◎除菌ハンディＷティシュ,1134.02,1361,164.0,185979.0
2025-10-21,3,コカ・コーラ　３００,1134.02,1361,110.0,124742.0
2025-10-21,3,◎みるくバターまんじゅう,1134.02,1361,144.0,163299.0
2025-10-21,3,◎パイまんじゅうつぶあん,1134.02,1361,153.0,173505.0
2025-10-21,3,ピュレグミＰ白桃,1134.02,1361,180.0,204124.0
2025-10-21,3,ピュレグミＰマスカット,1134.02,1361,180.0,204124.0
2025-10-21,3,ピュレグミグレープ味,1134.02,1361,150.0,170103.0
2025-10-21,3,◎紅はるかの熟成干し芋,1134.02,1361,260.0,294845.0
2025-10-21,3,龍角散ののどすっきり飴袋,1134.02,1361,280.0,317526.0
2025-10-21,3,まい塩あめ小袋,1134.02,1361,138.0,156495.0
2025-10-21,3,今治ＴＨドット,1134.02,1361,600.0,680412.0
2025-10-21,3,ハンカチＳＴ,1134.02,1361,600.0,680412.0
2025-10-21,3,婦人ショートＳ白,1134.02,1361,390.0,442268.0
2025-10-21,3,ひざ下２足ヌードベージュ,1134.02,1361,500.0,567010.0
2025-10-21,3,邪払のど飴小袋,1134.02,1361,119.0,134948.0
2025-10-21,3,◎ばんそうこうＭサイズ,1134.02,1361,362.0,410515.0
2025-10-21,3,プリッツ旨サラダ,1134.02,1361,131.0,148557.0
2025-10-21,3,◎チョコマシュマロ,1134.02,1361,139.0,157629.0
2025-10-21,3,◎ミニバタークッキー,1134.02,1361,128.0,145155.0
2025-10-21,3,シルキータッチふつう,1134.02,1361,398.0,451340.0
2025-10-21,3,◎練乳はちみつドーナツ,1134.02,1361,147.0,166701.0
2025-10-21,3,◎こだわりのマドレーヌ,1134.02,1361,147.0,166701.0
2025-10-21,3,ソフトタンポンコンパクト,1134.02,1361,282.0,319794.0
2025-10-21,3,◎こだわりのワッフル,1134.02,1361,144.0,163299.0
2025-10-21,3,今治ＴＨＳＴ／青橙,1134.02,1361,600.0,680412.0
2025-10-21,3,ジェットスリーム０．５,1134.02,1361,150.0,170103.0
2025-10-21,3,リングメモＡ７Ｂ罫,1134.02,1361,208.0,235876.0
2025-10-21,3,ハリボーハッピーコーラ,1134.02,1361,198.0,224536.0
2025-10-21,3,東スポ（東京スポーツ）,1134.02,1361,164.0,185979.0
2025-10-21,3,ドデカミンＢＩＧ,1134.02,1361,149.0,168969.0
2025-10-21,3,今治ＴＨネイビーＭＩＸ,1134.02,1361,600.0,680412.0
2025-10-21,3,◎ミニ羊羹　煉,1134.02,1361,91.0,103196.0
2025-10-21,3,ペプシコーラ　６００,1134.02,1361,130.0,147423.0
2025-10-21,3,無香料ケープ　ＳＨ　小,1134.02,1361,300.0,340206.0
2025-10-21,3,◎贅沢バウムクーヘン,1134.02,1361,202.0,229072.0
2025-10-21,3,◎とろけるチョコミントＣ,1134.02,1361,139.0,157629.0
2025-10-21,3,◎４種のフルーツケーキ,1134.02,1361,156.0,176907.0
2025-10-21,3,バナナバウムクーヘン,1134.02,1361,139.0,157629.0
2025-10-21,3,さらさらシートせっけん,1134.02,1361,295.0,334536.0
2025-10-21,3,ベースブレッドシナモン,1134.02,1361,260.0,294845.0
2025-10-21,3,ビオレふくだけＣうるおい,1134.02,1361,341.0,386701.0
2025-10-21,3,ベースブレッドチョコ,1134.02,1361,260.0,294845.0
2025-10-21,3,ベースブレッドメープル,1134.02,1361,260.0,294845.0
2025-10-21,3,天然水きりっとヨグ,1134.02,1361,159.0,180309.0
2025-10-21,3,Ｆリーフィアロールケーキ,1134.02,1361,165.0,187113.0
2025-10-21,3,梅のり巻,1134.02,1361,142.0,161031.0
2025-10-21,3,耐風ビニール傘６５,1134.02,1361,705.0,799484.0
2025-10-21,3,ＣＷワンタッチ開閉折傘,1134.02,1361,2014.0,2283916.0
2025-10-21,3,レインコートＬ,1134.02,1361,687.0,779072.0
2025-10-21,3,アクオグリーンミント,1134.02,1361,170.0,192783.0
2025-10-21,3,アクオクリアブルーミント,1134.02,1361,170.0,192783.0
2025-10-21,3,◎春雨スープ担々麺味,1134.02,1361,167.0,189381.0
2025-10-21,3,◎とん汁,1134.02,1361,167.0,189381.0
2025-10-21,3,Ｆレモンクリームのロール,1134.02,1361,153.0,173505.0
2025-10-21,3,クリアクリーントラベル,1134.02,1361,323.0,366288.0
2025-10-21,3,◎濃厚チョコパウンド,1134.02,1361,213.0,241546.0
2025-10-21,3,モンスターエナジーボトル,1134.02,1361,297.0,336804.0
2025-10-21,3,おっとっとうすしお味,1134.02,1361,131.0,148557.0
2025-10-21,3,チップスターＳうすしお味,1134.02,1361,144.0,163299.0
2025-10-21,3,アクエリアス５００,1134.02,1361,160.0,181443.0
2025-10-21,3,チップスターＳコンソメ味,1134.02,1361,144.0,163299.0
2025-10-21,3,サントリー天然水　２Ｌ,1134.02,1361,131.0,148557.0
2025-10-21,3,天然水１Ｌ,1134.02,1361,168.0,190515.0
2025-10-21,3,◎キャラメルコーン,1134.02,1361,119.0,134948.0
2025-10-21,3,◎ＢＳラーメン丸チキン味,1134.02,1361,119.0,134948.0
2025-10-21,3,◎天然水新潟県津南３７０,1134.02,1361,100.0,113402.0
2025-10-21,3,ＳＯＹＪＯＹ　黒ゴマ,1134.02,1361,125.0,141752.0
2025-10-21,3,◎きんつば,1134.02,1361,158.0,179175.0
2025-10-21,3,ウェルチ　１房分のぶどう,1134.02,1361,160.0,181443.0
2025-10-21,3,天然水きりっと果実,1134.02,1361,159.0,180309.0
2025-10-21,3,玉ねぎせん,1134.02,1361,158.0,179175.0
2025-10-21,3,贅沢保湿ポケットＴ,1134.02,1361,169.0,191649.0
2025-10-21,3,◎チョコミントタルト,1134.02,1361,176.0,199588.0
2025-10-21,3,◎チョコミントロール,1134.02,1361,167.0,189381.0
2025-10-21,3,◎水に流せるポケットＴ,1134.02,1361,133.0,150825.0
2025-10-21,3,◎紀州南高梅茎わかめ,1134.02,1361,158.0,179175.0
2025-10-21,3,◎種ぬきはちみつ干し梅,1134.02,1361,158.0,179175.0
2025-10-21,3,今治ＴＨ２５夏の色白,1134.02,1361,600.0,680412.0
2025-10-21,3,１本満足シリアルチョコ,1134.02,1361,152.0,172371.0
2025-10-21,3,１本満足シリアルブラック,1134.02,1361,152.0,172371.0
2025-10-21,3,爽健美茶３００,1134.02,1361,110.0,124742.0
2025-10-21,3,おーいお茶緑茶　３５０,1134.02,1361,110.0,124742.0
2025-10-21,3,１本満足シリアルホワイト,1134.02,1361,152.0,172371.0
2025-10-21,3,伊右衛門特茶,1134.02,1361,170.0,192783.0
2025-10-21,3,ヘルシア緑茶　３５０ｍｌ,1134.02,1361,180.0,204124.0
2025-10-21,3,Ｃ玄米ブラン　ブルーベリ,1134.02,1361,155.0,175773.0
2025-10-21,3,クラフトボスイタリアーノ,1134.02,1361,159.0,180309.0
2025-10-21,3,Ｃ玄米ブランメープル,1134.02,1361,155.0,175773.0
2025-10-21,3,モーニングマアムバニラ,1134.02,1361,130.0,147423.0
2025-10-21,3,◎玄米茶　６００,1134.02,1361,110.0,124742.0
2025-10-21,3,◎台湾烏龍茶　６００,1134.02,1361,110.0,124742.0
2025-10-21,3,ｉｎゼリーマルチビタミン,1134.02,1361,210.0,238144.0
2025-10-21,3,Ｃ１０００ビタミンレモン,1134.02,1361,130.0,147423.0
2025-10-21,3,◎ピーチマンゴールイボス,1134.02,1361,110.0,124742.0
2025-10-21,3,オロナミンＣ,1134.02,1361,135.0,153093.0
2025-10-21,3,ヘパリーゼＷ,1134.02,1361,276.0,312990.0
2025-10-21,3,い・ろ・は・す５４０,1134.02,1361,118.0,133814.0
2025-10-21,3,カロリＭハーフチーズ味,1134.02,1361,110.0,124742.0
2025-10-21,3,クラフトボス　ミルクラテ,1134.02,1361,166.0,188247.0
2025-10-21,3,伊右衛門　６００,1134.02,1361,158.0,179175.0
2025-10-21,3,午後の紅茶　ミルクティー,1134.02,1361,160.0,181443.0
2025-10-21,3,◎オレンジ香アールグレイ,1134.02,1361,110.0,124742.0
2025-10-21,3,きのこベーコン醤油パスタ,1134.02,1361,434.0,492165.0
2025-10-21,3,小岩井　Ｔｈｅカフェオレ,1134.02,1361,159.0,180309.0
2025-10-21,3,おーいお茶濃く香るほうじ,1134.02,1361,158.0,179175.0
2025-10-21,3,クラフトボスブラック,1134.02,1361,149.0,168969.0
2025-10-21,3,ウィルキンソン　レモン,1134.02,1361,112.0,127010.0
2025-10-21,3,クラフトボス　ラテ,1134.02,1361,159.0,180309.0
2025-10-21,3,除菌アルコールタオル,1134.02,1361,238.0,269897.0
2025-10-21,3,１００％　オレンジ,1134.02,1361,168.0,190515.0
2025-10-21,3,カルピス　ザ　リッチ,1134.02,1361,160.0,181443.0
2025-10-21,3,フェイシャルペーパー,1134.02,1361,250.0,283505.0
2025-10-21,3,ｉｎバーザクザクビター,1134.02,1361,170.0,192783.0
2025-10-21,3,ｉｎバー　ベイクドチョコ,1134.02,1361,170.0,192783.0
2025-10-21,3,カシミヤＥＸポケット,1134.02,1361,162.0,183711.0
2025-10-21,3,カロリＭハーフチョコ,1134.02,1361,110.0,124742.0
2025-10-21,3,アイルＣＲ電子ライター,1134.02,1361,159.0,180309.0
2025-10-21,3,カロリーＭハーフフルーツ,1134.02,1361,110.0,124742.0
2025-10-21,3,◎有機栽培の恵み天津甘栗,1134.02,1361,165.0,187113.0
2025-10-21,3,アクエリアス　９５０,1134.02,1361,166.0,188247.0
2025-10-21,3,はだおもい２３ｃｍ,1134.02,1361,253.0,286907.0
2025-10-21,3,コンパクトＳ３０．５ｃｍ,1134.02,1361,230.0,260825.0
2025-10-21,3,イーラインマスクピンク,1134.02,1361,299.0,339072.0
2025-10-21,3,プリングルズサワクリＳ,1134.02,1361,158.0,179175.0
2025-10-21,3,スタイルフィットグレー,1134.02,1361,410.0,464948.0
2025-10-21,3,スタイルフィットＯＬ,1134.02,1361,410.0,464948.0
2025-10-21,3,じゃがビーバターしょうゆ,1134.02,1361,164.0,185979.0
2025-10-21,3,ストロングサワーＣオニオ,1134.02,1361,155.0,175773.0
2025-10-21,3,超快適マスクふつう,1134.02,1361,350.0,396907.0
2025-10-21,3,超快適マスクやや大きめ,1134.02,1361,350.0,396907.0
2025-10-21,3,超快適マスク小さめ,1134.02,1361,350.0,396907.0
2025-10-21,3,７ＤＡＹＳマスク大きめ,1134.02,1361,298.0,337938.0
2025-10-21,3,◎香ばしいバタピー,1134.02,1361,167.0,189381.0
2025-10-21,3,フリクションノックＢＫ,1134.02,1361,230.0,260825.0
2025-10-21,3,◎薫製したうずらたまご,1134.02,1361,249.0,282371.0
2025-10-21,3,富士通ＰＲＥ　単４－４Ｐ,1134.02,1361,528.0,598763.0
2025-10-21,3,◎素焼きミックスナッツ,1134.02,1361,360.0,408247.0
2025-10-21,3,◎ＰＣ濃いめのり塩,1134.02,1361,139.0,157629.0
2025-10-21,3,◎ハンディウェットティシ,1134.02,1361,117.0,132680.0
2025-10-21,3,グリーンダカラ麦茶６８０,1134.02,1361,148.0,167835.0
2025-10-21,3,◎ジュワっとした塩バター,1134.02,1361,130.0,147423.0
2025-10-21,3,ベースブレッドミルク,1134.02,1361,260.0,294845.0
2025-10-21,3,メビウス・ワン・ＢＯＸ,1134.02,1361,528.0,598763.0
2025-10-21,3,カントリーＭミニバニラ,1134.02,1361,121.0,137216.0
2025-10-21,3,ミニたべっ子塩バター味,1134.02,1361,160.0,181443.0
2025-10-21,3,ｅ－ｍａのどグレープ小袋,1134.02,1361,118.0,133814.0
2025-10-21,3,金のミルク小袋,1134.02,1361,138.0,156495.0
2025-10-21,3,塩分チャージタブ小袋塩レ,1134.02,1361,140.0,158763.0
2025-10-21,3,ネオＣＬタバコハイパー用,1134.02,1361,455.0,515979.0
2025-10-21,3,キャメルクラフト６,1134.02,1361,410.0,464948.0
2025-10-21,3,ＭＶＧパープルＭウィズ,1134.02,1361,546.0,619175.0
2025-10-21,3,ＭＶアップルＯＰプルーム,1134.02,1361,455.0,515979.0
2025-10-21,3,ＭＶシャープＣＭプルーム,1134.02,1361,455.0,515979.0
2025-10-21,3,◎チョコチップクッキー,1134.02,1361,128.0,145155.0
2025-10-21,3,ＭＶディープＲプルーム,1134.02,1361,455.0,515979.0
2025-10-21,3,◎ちいさなオールレーズン,1134.02,1361,128.0,145155.0
2025-10-21,3,◎ガトーショコラ風チョコ,1134.02,1361,165.0,187113.0
2025-10-21,3,ＭＶペア―ＯＰプルーム,1134.02,1361,455.0,515979.0
2025-10-21,3,ベースブレッドこしあん,1134.02,1361,276.0,312990.0
2025-10-21,3,ベースブレッドオレンジ,1134.02,1361,276.0,312990.0
2025-10-21,3,◎スティックサラミ,1134.02,1361,110.0,124742.0
2025-10-21,3,◎おつまみイカフライ,1134.02,1361,110.0,124742.0
2025-10-21,3,週刊　モーニング,1134.02,1361,428.0,485361.0
2025-10-21,3,ジャパンニューズ,1134.02,1361,137.0,155361.0
2025-10-21,3,スポーツ報知東日本,1134.02,1361,164.0,185979.0
2025-10-21,3,東京新聞,1134.02,1361,128.0,145155.0
2025-10-21,3,毎日新聞,1134.02,1361,146.0,165567.0
2025-10-21,3,茨城新聞,1134.02,1361,137.0,155361.0
2025-10-21,3,堅ぶつ揚げとうもろこし味,1134.02,1361,128.0,145155.0
2025-10-21,3,ガルボつぶ練り苺ＰＫＰ,1134.02,1361,175.0,198454.0
2025-10-21,3,テリアフュージョンＭ,1134.02,1361,528.0,598763.0
2025-10-21,3,テリアブラックイエローＭ,1134.02,1361,528.0,598763.0
2025-10-21,3,チョコあーんぱん袋,1134.02,1361,121.0,137216.0
2025-10-21,3,産経新聞,1134.02,1361,128.0,145155.0
2025-10-21,3,タフグミ梅マニア,1134.02,1361,238.0,269897.0
2025-10-21,3,テリアトロピカルＭ,1134.02,1361,528.0,598763.0
2025-10-21,3,ＡｐｐｌｅＧＣ＿ＶＡＲ,1134.02,1361,3250.0,3685565.0
2025-10-21,3,ラッキーＥＸカット６,1134.02,1361,428.0,485361.0
2025-10-21,3,キャメルリッチプルーム,1134.02,1361,455.0,515979.0
2025-10-21,3,ソイチキン根菜ラップ,1134.02,1361,369.0,418453.0
2025-10-21,3,ガルボポケットパック,1134.02,1361,175.0,198454.0
2025-10-21,3,クランキーＰＪクランチＣ,1134.02,1361,175.0,198454.0
2025-10-21,3,センティアＴイエロー,1134.02,1361,482.0,546598.0
2025-10-21,3,◎カリカリ梅赤小袋,1134.02,1361,184.0,208660.0
2025-10-21,3,一番搾りホワイト３５０,1134.02,1361,216.0,244948.0
2025-10-21,3,未来のレサワプレーン３４,1134.02,1361,271.0,307319.0
2025-10-21,3,ガーナザクほろ塩ミルＰＪ,1134.02,1361,177.0,200722.0
2025-10-21,3,ひとくちルマンド,1134.02,1361,162.0,183711.0
2025-10-21,3,センティアＳゴールド,1134.02,1361,482.0,546598.0
2025-10-21,3,スニッカーズピーナッツ,1134.02,1361,150.0,170103.0
2025-10-21,3,◎こだわりのフィナンシェ,1134.02,1361,135.0,153093.0
2025-10-21,3,ツナたまごサンド,1134.02,1361,246.0,278969.0
2025-10-21,3,ちびサワーズドリンクアソ,1134.02,1361,211.0,239278.0
2025-10-21,3,メントスグレープ,1134.02,1361,120.0,136082.0
2025-10-21,3,スッパイスッパイマン大作,1134.02,1361,139.0,157629.0
2025-10-21,3,ミンティアＢ濃苺,1134.02,1361,211.0,239278.0
2025-10-21,3,シゲキックス梅ソルト味,1134.02,1361,120.0,136082.0
2025-10-21,3,植物生まれマスカットグミ,1134.02,1361,148.0,167835.0
2025-10-21,3,ザ・クレープ　生チョコ,1134.02,1361,230.0,260825.0
2025-10-21,3,さけるチーズプレーン,1134.02,1361,141.0,159897.0
2025-10-21,3,ナカミグミもも味,1134.02,1361,168.0,190515.0
2025-10-21,3,◎生コッペパン（ツナ＆ポ,1134.02,1361,149.0,168969.0
2025-10-21,3,◎いちごモッチ,1134.02,1361,139.0,157629.0
2025-10-21,3,◎アップルクリームデニッ,1134.02,1361,135.0,153093.0
2025-10-21,3,◎たっぷりクリームデニッ,1134.02,1361,116.0,131546.0
2025-10-21,3,クロレッツＸＰ　オリジナ,1134.02,1361,180.0,204124.0
2025-10-21,3,ミンティアドライハード,1134.02,1361,105.0,119072.0
2025-10-21,3,ミンティアＢシャイニーピ,1134.02,1361,211.0,239278.0
2025-10-21,3,果汁グミぶどう,1134.02,1361,152.0,172371.0
2025-10-21,3,ピュレグミレモン味,1134.02,1361,150.0,170103.0
2025-10-21,3,◎サラダチキンＳハーブ,1134.02,1361,172.0,195051.0
2025-10-21,3,◎グリルチキンＢＰ,1134.02,1361,221.0,250618.0
2025-10-21,3,野菜生活シークヮーサー,1134.02,1361,118.0,133814.0
2025-10-21,3,トマトジュース食塩無添加,1134.02,1361,113.0,128144.0
2025-10-21,3,エッセンシャルズ鉄分,1134.02,1361,152.0,172371.0
2025-10-21,3,エッセンシャルズビタミン,1134.02,1361,152.0,172371.0
2025-10-21,3,ネクターピーチティー,1134.02,1361,193.0,218866.0
2025-10-21,3,◎カフェラテ　砂糖不使用,1134.02,1361,181.0,205258.0
2025-10-21,3,のむフルーチェイチゴ,1134.02,1361,249.0,282371.0
2025-10-21,3,◎のむヨーグルトいちご,1134.02,1361,162.0,183711.0
2025-10-21,3,ＯＡＴＳＩＤＥプレーン,1134.02,1361,128.0,145155.0
2025-10-21,3,激シゲキックスソーダ,1134.02,1361,120.0,136082.0
2025-10-21,3,◎サラダチキンＳスモーク,1134.02,1361,172.0,195051.0
2025-10-21,3,ブレンドＳ,1134.02,1361,135.0,153093.0
2025-10-21,3,◎グリルチキンやきとり,1134.02,1361,221.0,250618.0
2025-10-21,3,アイスコーヒーＳ,1134.02,1361,135.0,153093.0
2025-10-21,3,◎おつまみかまぼこチーズ,1134.02,1361,173.0,196185.0
2025-10-21,3,◎豆腐と枝豆のひじき和え,1134.02,1361,239.0,271031.0
2025-10-21,3,◎特製ダレの味付けたまご,1134.02,1361,304.0,344742.0
2025-10-21,3,豚しゃぶのパスタサラダ,1134.02,1361,369.0,418453.0
2025-10-21,3,豚しゃぶおろしパスタサラ,1134.02,1361,369.0,418453.0
2025-10-21,3,彩りサラダチキンサンド,1134.02,1361,399.0,452474.0
2025-10-21,3,ゆでたまご＆ハムミックス,1134.02,1361,323.0,366288.0
2025-10-21,3,焦がし醤油風グリルチキン,1134.02,1361,369.0,418453.0
2025-10-21,3,ラッキーＥＸカット１０,1134.02,1361,428.0,485361.0
2025-10-21,3,◎チョコツイスト３本入,1134.02,1361,144.0,163299.0
2025-10-21,3,生ハムとルッコラ,1134.02,1361,462.0,523917.0
2025-10-21,3,◎生コッペパン（ダブルピ,1134.02,1361,135.0,153093.0
2025-10-21,3,おいしい牛乳２００ＭＬ,1134.02,1361,133.0,150825.0
2025-10-21,3,◎白生クリームパン（ダブ,1134.02,1361,147.0,166701.0
2025-10-21,3,◎炙りいかそうめん,1134.02,1361,193.0,218866.0
2025-10-21,3,Ｗ・Ｃホワイト１・１００,1134.02,1361,491.0,556804.0
2025-10-21,3,チップスターＳ梅しそ味,1134.02,1361,158.0,179175.0
2025-10-21,3,◎フランクロール,1134.02,1361,184.0,208660.0
2025-10-21,3,メビＰメンＯＰＰ８,1134.02,1361,528.0,598763.0
2025-10-21,3,今治ＴＨ千鳥,1134.02,1361,600.0,680412.0
2025-10-21,3,つかめる実験！ふしぎ玉,1134.02,1361,180.0,204124.0
2025-10-21,3,三次元マスクふつう,1134.02,1361,350.0,396907.0
2025-10-21,3,メビウスＥＸＬＢ,1134.02,1361,528.0,598763.0
2025-10-21,3,グミチョコ苺,1134.02,1361,233.0,264227.0
2025-10-21,3,マカダミアＰＪカラメリゼ,1134.02,1361,175.0,198454.0
2025-10-21,3,たべっ子ラムネレモン味,1134.02,1361,150.0,170103.0
2025-10-21,3,ポテトＣおたくのマヨ味,1134.02,1361,190.0,215464.0
2025-10-21,3,ケントＮＳインテンスリＦ,1134.02,1361,500.0,567010.0
2025-10-21,3,メビウスＥＭＯＰＰ１Ｓ,1134.02,1361,455.0,515979.0
2025-10-21,3,３色そぼろ＆チキン南蛮弁,1134.02,1361,580.0,657732.0
2025-10-21,3,海苔巻おかき,1134.02,1361,228.0,258557.0
2025-10-21,3,レジ袋４５号,1134.02,1361,7.0,7938.0
2025-10-21,3,◎マシマシ紅しょうがせん,1134.02,1361,119.0,134948.0
2025-10-21,3,◎おこめチップスのりしお,1134.02,1361,249.0,282371.0
2025-10-21,3,メビウス１・１００ＢＯＸ,1134.02,1361,528.0,598763.0
2025-10-21,3,◎ミニクッキー,1134.02,1361,128.0,145155.0
2025-10-21,3,グリーンガム,1134.02,1361,138.0,156495.0
2025-10-21,3,◎黒ごまミニアスパラガス,1134.02,1361,119.0,134948.0
2025-10-21,3,健康のど飴梅小袋,1134.02,1361,128.0,145155.0
2025-10-21,3,メビＰメンＯＰＰ５,1134.02,1361,528.0,598763.0
2025-10-21,3,富士通ＰＲＥ　単３－４Ｐ,1134.02,1361,528.0,598763.0
2025-10-21,3,オリオンドラフト３５０,1134.02,1361,216.0,244948.0
2025-10-21,3,週刊少年マガジン,1134.02,1361,364.0,412783.0
2025-10-21,3,ｉｎバープロテインバニラ,1134.02,1361,170.0,192783.0
2025-10-21,3,◎ひとくちこしあん大福５,1134.02,1361,156.0,176907.0
2025-10-21,3,ミルク餅,1134.02,1361,130.0,147423.0
2025-10-21,3,◎有明産の海苔,1134.02,1361,121.0,137216.0
2025-10-21,3,まるごとりんごのど飴小袋,1134.02,1361,128.0,145155.0
2025-10-21,3,キットカットバー,1134.02,1361,140.0,158763.0
2025-10-21,3,グミだよ。レモネード味,1134.02,1361,166.0,188247.0
2025-10-21,3,カンデミーナＷ電撃ライチ,1134.02,1361,200.0,226804.0
2025-10-21,3,◎スパイシービーフジャー,1134.02,1361,156.0,176907.0
2025-10-21,3,ＢＳラーメンおつまみ,1134.02,1361,131.0,148557.0
2025-10-21,3,ケントトゥルータバコ,1134.02,1361,437.0,495567.0
2025-10-21,3,フェットチーネＰピーチパ,1134.02,1361,148.0,167835.0
2025-10-21,3,◎超暴君ハバネロ,1134.02,1361,128.0,145155.0
2025-10-21,3,◎ノアールミニ,1134.02,1361,119.0,134948.0
2025-10-21,3,スティックのりＰＩＴ,1134.02,1361,232.0,263093.0
2025-10-21,3,ケントＴリッチタバコ,1134.02,1361,437.0,495567.0
2025-10-21,3,クロレッツＸＰシャープミ,1134.02,1361,180.0,204124.0
2025-10-21,3,クールループド,1134.02,1361,455.0,515979.0
2025-10-21,3,ラーク・マイルド・ＢＯＸ,1134.02,1361,491.0,556804.0
2025-10-21,3,週　刊　プ　ロ　レ　ス,1134.02,1361,573.0,649793.0
2025-10-21,3,◎しっとりバウムクーヘン,1134.02,1361,167.0,189381.0
2025-10-21,3,◎つぶあんどら焼き,1134.02,1361,144.0,163299.0
2025-10-21,3,今治ＴＨドット／黒青,1134.02,1361,600.0,680412.0
2025-10-21,3,アメスピＯＬゴールド,1134.02,1361,382.0,433196.0
2025-10-21,3,ビッグ　コミック,1134.02,1361,437.0,495567.0
2025-10-21,3,グランドジャンプ,1134.02,1361,437.0,495567.0
2025-10-21,3,◎ばかうけたっぷり青のり,1134.02,1361,110.0,124742.0
2025-10-21,3,ニベアディープモイスチャ,1134.02,1361,533.0,604433.0
2025-10-21,3,ホロチャージホロライブＧ,1134.02,1361,260.0,294845.0
2025-10-21,3,トロピカーナオレンジ,1134.02,1361,150.0,170103.0
2025-10-21,3,１本満足プロテインチョコ,1134.02,1361,171.0,193917.0
2025-10-21,3,プロテインバー　チョコ,1134.02,1361,180.0,204124.0
2025-10-21,3,堅あげポテトうすしお味,1134.02,1361,179.0,202990.0
2025-10-21,3,氷結グレープフルーツ３５,1134.02,1361,168.0,190515.0
2025-10-21,3,読売新聞,1134.02,1361,164.0,185979.0
2025-10-21,3,週刊ベースボール,1134.02,1361,564.0,639587.0
2025-10-21,3,明治Ｒ－１ドリンク,1134.02,1361,149.0,168969.0
2025-10-21,3,◎瀬戸内レモンピール,1134.02,1361,167.0,189381.0
2025-10-21,3,雑貨（雑誌便）,1134.02,1361,2490.0,2823710.0
2025-10-21,3,マルボロ・メン４Ｂ,1134.02,1361,546.0,619175.0
2025-10-21,3,Ｗ・Ｃレッド８・ＢＯＸ,1134.02,1361,491.0,556804.0
2025-10-21,3,ネオＢワイルドベリー,1134.02,1361,455.0,515979.0
2025-10-21,3,ポリッピーしお味,1134.02,1361,120.0,136082.0
2025-10-21,3,特撰月餅,1134.02,1361,140.0,158763.0
2025-10-21,3,ＭＶＰＧフローズンウィズ,1134.02,1361,546.0,619175.0
2025-10-21,3,ふわもち生大福　コーヒー,1134.02,1361,138.0,156495.0
2025-10-21,3,ラー油四川風麻婆焼そば,1134.02,1361,499.0,565876.0
2025-10-21,3,サラサクリップ　赤,1134.02,1361,99.0,112268.0
2025-10-21,3,エボコールドＭ　ＰＬＭ,1134.02,1361,500.0,567010.0
2025-10-21,3,べスティＥＸ首振り,1134.02,1361,100.0,113402.0
2025-10-21,3,野菜スティック味噌マヨ,1134.02,1361,276.0,312990.0
2025-10-21,3,冷たい明太カルボナーラ,1134.02,1361,499.0,565876.0
2025-10-21,3,フレッシュ野菜サラダ,1134.02,1361,199.0,225670.0
2025-10-21,3,ミニチーズおかきお好み焼,1134.02,1361,147.0,166701.0
2025-10-21,3,メビウスＥＯＰＰ８,1134.02,1361,455.0,515979.0
2025-10-21,3,週刊少年サンデー,1134.02,1361,346.0,392371.0
2025-10-21,3,セロテープ小巻直線カッタ,1134.02,1361,220.0,249484.0
2025-10-21,3,メビウスＢ,1134.02,1361,528.0,598763.0
2025-10-21,3,洗顔シート　石けんの香り,1134.02,1361,246.0,278969.0
2025-10-21,3,ラーク・ＢＯＸ,1134.02,1361,491.0,556804.0
2025-10-21,3,日刊ゲンダイ　通常版,1134.02,1361,164.0,185979.0
2025-10-21,3,ＡｐｐｌｅＧＣ　ＶＡＲ,1134.02,1361,5000.0,5670100.0
2025-10-21,3,ＭＶマスカットＯＰＰＬＭ,1134.02,1361,455.0,515979.0
2025-10-21,3,タフグミｍｉｎｉデュオ,1134.02,1361,238.0,269897.0
2025-10-21,3,フェイシャルＰアイス,1134.02,1361,250.0,283505.0
2025-10-21,3,パリジャンサンドハムチズ,1134.02,1361,323.0,366288.0
2025-10-21,3,レインボーキューブグミ,1134.02,1361,198.0,224536.0
2025-10-21,3,冷しとろろそば,1134.02,1361,508.0,576082.0
2025-10-21,3,メビウス１００Ｂ,1134.02,1361,528.0,598763.0
2025-10-21,3,◎グリルチキン梅しそ,1134.02,1361,221.0,250618.0
2025-10-21,3,午後の紅茶　ストレート,1134.02,1361,160.0,181443.0
2025-10-21,3,ネオアイスドＭハイパー,1134.02,1361,455.0,515979.0
2025-10-21,3,じゃがりこＬ明太もんじゃ,1134.02,1361,218.0,247216.0
2025-10-21,3,◎ふんわりカステラ,1134.02,1361,119.0,134948.0
2025-10-21,3,プロテインピーナッツバタ,1134.02,1361,249.0,282371.0
2025-10-21,3,ＭＶアロマＲプルーム,1134.02,1361,473.0,536391.0
2025-10-21,3,さけるチーズとうがらし味,1134.02,1361,141.0,159897.0
2025-10-21,3,◎麻辣花生,1134.02,1361,128.0,145155.0
2025-10-21,3,無限そら豆濃塩ポーク,1134.02,1361,158.0,179175.0
2025-10-21,3,ＡｐｐｌｅＧＣ１．５千,1134.02,1361,1500.0,1701030.0
2025-10-21,3,冷シート　フローラル,1134.02,1361,462.0,523917.0
2025-10-21,3,ポカリスエット５００,1134.02,1361,150.0,170103.0
2025-10-21,3,ポッキーチョコレート,1134.02,1361,207.0,234742.0
2025-10-21,3,メビウスＥ６　１００Ｓ,1134.02,1361,455.0,515979.0
2025-10-21,3,オイコス　ストロベリー,1134.02,1361,189.0,214330.0
2025-10-21,3,センティアＣグリーン,1134.02,1361,482.0,546598.0
2025-10-21,3,デイリースポーツ,1134.02,1361,146.0,165567.0
2025-10-21,3,ハムレタスたまごサンド,1134.02,1361,265.0,300515.0
2025-10-21,3,◎高地栽培バナナ１本,1134.02,1361,130.0,147423.0
2025-10-21,3,ＣＷ晴雨兼用ミニ折傘,1134.02,1361,2014.0,2283916.0
2025-10-21,3,濃い大満足みかん,1134.02,1361,239.0,271031.0
2025-10-21,3,塩分チャージタブレッツ,1134.02,1361,238.0,269897.0
2025-10-21,3,ケントＴベリーブースト,1134.02,1361,437.0,495567.0
2025-10-21,3,朝日新聞,1134.02,1361,164.0,185979.0
2025-10-21,3,１９６無糖Ｗパイン３５,1134.02,1361,161.0,182577.0
2025-10-21,3,ケントＮＳブライトタバコ,1134.02,1361,500.0,567010.0
2025-10-21,3,◎グリルチキンゆず七味,1134.02,1361,221.0,250618.0
2025-10-21,3,エボベリーＣＲ　ＰＬＭ,1134.02,1361,500.0,567010.0
2025-10-21,3,メビウスＳＬＢ,1134.02,1361,528.0,598763.0
2025-10-21,3,エボディープＲ　ＰＬＭ,1134.02,1361,500.0,567010.0
2025-10-21,3,ＳｐｏｒｔｓＧｒａｐｈｉ,1134.02,1361,746.0,845979.0
2025-10-21,3,少年チャンピオン,1134.02,1361,364.0,412783.0
2025-10-21,3,紳士リブＳ黒,1134.02,1361,390.0,442268.0
2025-10-21,3,文庫,1134.02,1361,600.0,680412.0
2025-10-21,3,ヤング　ジャンプ,1134.02,1361,428.0,485361.0
2025-10-21,3,フリスクペパーミント,1134.02,1361,235.0,266495.0
2025-10-21,3,テリアルビーレギュラー,1134.02,1361,528.0,598763.0
2025-10-21,3,週　刊　新　潮,1134.02,1361,464.0,526185.0
2025-10-21,3,◎２種の醤油仕上げ柿ピー,1134.02,1361,167.0,189381.0
2025-10-21,3,三次元マスク大きめ,1134.02,1361,350.0,396907.0
2025-10-21,3,顔体用シート　ゴミポケ,1134.02,1361,280.0,317526.0
2025-10-21,3,炙り焼　鳥めし弁当,1134.02,1361,526.0,596495.0
2025-10-21,3,今治ＴＨ　ハート,1134.02,1361,637.0,722371.0
2025-10-21,3,スポニチ東日本,1134.02,1361,164.0,185979.0
2025-10-21,3,ざるそば,1134.02,1361,417.0,472886.0
2025-10-21,3,◎塩揚げ餅,1134.02,1361,128.0,145155.0
2025-10-21,3,ラッキーＳベリーＢ,1134.02,1361,391.0,443402.0
2025-10-21,3,◎チョコチップスコーン,1134.02,1361,149.0,168969.0
2025-10-21,3,週　刊　実　話,1134.02,1361,519.0,588556.0
2025-10-21,3,チ－ズインカレ－ハンバ－,1134.02,1361,184.0,208660.0
2025-10-21,3,マルボロミディアムＢＯＸ,1134.02,1361,546.0,619175.0
2025-10-21,3,ＧＰｌａｙバリアブル,1134.02,1361,3000.0,3402060.0
2025-10-21,3,ソフトワン使い切り１回分,1134.02,1361,121.0,137216.0
2025-10-21,3,ソルティライチ,1134.02,1361,163.0,184845.0
2025-10-21,3,果汁グミ弾力プラスいちご,1134.02,1361,225.0,255154.0
2025-10-21,3,綴じノートＢ５Ａ罫,1134.02,1361,208.0,235876.0
2025-10-21,3,ニッカン東日本（日刊スポ,1134.02,1361,164.0,185979.0
2025-10-21,3,クリニカハミガキ　ミニ,1134.02,1361,91.0,103196.0
2025-10-21,3,アメリカヘアピン,1134.02,1361,280.0,317526.0
2025-10-21,3,午後の紅茶おいしい無糖,1134.02,1361,158.0,179175.0
2025-10-21,3,折りたたみセットコーム,1134.02,1361,491.0,556804.0
2025-10-21,3,極冷感　フリージア,1134.02,1361,462.0,523917.0
2025-10-21,3,回転焼（抹茶あん）２個入,1134.02,1361,147.0,166701.0
2025-10-21,3,冷しぶっかけ豚肉うどん,1134.02,1361,554.0,628247.0
2025-10-21,3,クリニカトラベルセット,1134.02,1361,330.0,374227.0
2025-10-21,3,かっぱえびせん鳴門の塩,1134.02,1361,158.0,179175.0
2025-10-21,3,プレミアムルック清水白桃,1134.02,1361,270.0,306185.0
2025-10-21,3,ポテトチップス大人の夏味,1134.02,1361,158.0,179175.0
2025-10-21,3,フリスクＣＢフレッシュＭ,1134.02,1361,278.0,315258.0
2025-10-21,3,◎あたりめ　小,1134.02,1361,147.0,166701.0
2025-10-21,3,ハッピーターンスパイス,1134.02,1361,120.0,136082.0
2025-10-21,3,◎チョコマカダミアクッキ,1134.02,1361,184.0,208660.0
2025-10-21,3,アイスコーヒーＭ,1134.02,1361,223.0,252886.0
2025-10-21,3,Ｆ謹製塩豆大福,1134.02,1361,167.0,189381.0
2025-10-21,3,◎トルティーヤＣタコス味,1134.02,1361,128.0,145155.0
2025-10-21,3,ミニ冷し中華,1134.02,1361,369.0,418453.0
2025-10-21,3,競馬ブック,1134.02,1361,500.0,567010.0
2025-10-21,3,週刊　漫画タイムス,1134.02,1361,364.0,412783.0
2025-10-21,3,ＢＳおつまみ激辛チキン,1134.02,1361,136.0,154227.0
2025-10-21,3,東スポ競馬特別版,1134.02,1361,228.0,258557.0
2025-10-21,3,キャメルクラフト１２,1134.02,1361,410.0,464948.0
2025-10-21,3,メビウスＳＴ１　１００,1134.02,1361,528.0,598763.0
2025-10-21,3,アロンアルフア速効多用途,1134.02,1361,501.0,568144.0
2025-10-21,3,◎風味が豊かなチーズ鱈小,1134.02,1361,172.0,195051.0
2025-10-21,3,ライトニング用イヤホン,1134.02,1361,3255.0,3691235.0
2025-10-21,3,ＭＶＭミントＭプルーム,1134.02,1361,455.0,515979.0
2025-10-21,3,◎春雨スープかきたま,1134.02,1361,167.0,189381.0
2025-10-21,3,ピアニシモ・プレシアメン,1134.02,1361,519.0,588556.0
2025-10-21,3,ハイマッキー　太字　黒,1134.02,1361,136.0,154227.0
2025-10-21,3,ミックスアイス,1134.02,1361,464.0,526185.0
2025-10-21,3,コミック,1134.02,1361,520.0,589690.0
2025-10-21,3,海味鮮,1134.02,1361,120.0,136082.0
2025-10-21,3,漫　画　ゴラク,1134.02,1361,500.0,567010.0
2025-10-21,3,ビッグコミックオリジナル,1134.02,1361,437.0,495567.0
2025-10-21,3,もっちりクリームロール,1134.02,1361,313.0,354948.0
2025-10-21,3,塩チョコタルト,1134.02,1361,258.0,292577.0
2025-10-21,3,雑誌（地元発行紙）,1134.02,1361,228.0,258557.0
2025-10-21,3,アクアリッチ　エッセンス,1134.02,1361,880.0,997938.0
2025-10-21,3,ベロブリージーマンゴーＭ,1134.02,1361,291.0,330000.0
2025-10-21,3,噛むブレスケアレモン,1134.02,1361,385.0,436598.0
2025-10-21,3,月刊　少年マガジン,1134.02,1361,637.0,722371.0
2025-10-21,3,マッキー　極細　黒,1134.02,1361,111.0,125876.0
2025-10-21,3,ネオＢレッドフルーツ,1134.02,1361,455.0,515979.0
2025-10-21,3,技のこだ割り濃厚醤油,1134.02,1361,138.0,156495.0
2025-10-21,3,さけるチーズスモーク味,1134.02,1361,141.0,159897.0
2025-10-21,3,冷シート　無香,1134.02,1361,462.0,523917.0
2025-10-21,3,大盛　明太子スパゲティ,1134.02,1361,554.0,628247.0
2025-10-21,3,ブレンドＭ,1134.02,1361,204.0,231340.0
2025-10-21,3,スポーツ報知,1134.02,1361,164.0,185979.0
2025-10-21,3,日刊スポーツ,1134.02,1361,164.0,185979.0
2025-10-21,3,競馬エイト,1134.02,1361,591.0,670206.0
2025-10-21,3,ゼロチョコレートクリスプ,1134.02,1361,220.0,249484.0
2025-10-21,3,◎ドライもも,1134.02,1361,276.0,312990.0
2025-10-21,3,メビウスＥＸＬ１００Ｂ,1134.02,1361,528.0,598763.0
2025-10-21,3,キャメルクラフト１,1134.02,1361,410.0,464948.0
2025-10-21,3,今治ＴＨＣグラデーション,1134.02,1361,600.0,680412.0
2025-10-21,3,今治ＴＨ　ストライプＢＧ,1134.02,1361,637.0,722371.0
2025-10-21,3,テリアメンソール１０Ｐ,1134.02,1361,5273.0,5979687.0
2025-10-21,3,オイコスドリンク　カフェ,1134.02,1361,248.0,281237.0
2025-10-21,3,明治ヨーグルトＲ－１,1134.02,1361,144.0,163299.0
2025-10-21,3,ネオＢマスカッット,1134.02,1361,455.0,515979.0
2025-10-21,3,夏ポテト紀州の南高梅味,1134.02,1361,179.0,202990.0
2025-10-21,3,ＧＰｌａｙ５０００,1134.02,1361,5000.0,5670100.0
2025-10-21,3,スパッシュラムネレモン,1134.02,1361,147.0,166701.0
2025-10-21,3,ラッキーＳトロピカルＢ,1134.02,1361,391.0,443402.0
2025-10-21,3,スフレ・プリン,1134.02,1361,306.0,347010.0
2025-10-21,3,スポーツニッポン,1134.02,1361,164.0,185979.0
2025-10-21,3,エボルタＮＥＯ単３－４Ｐ,1134.02,1361,659.0,747319.0
2025-10-21,3,アスティーグ肌　Ｌ,1134.02,1361,600.0,680412.0
2025-10-21,3,消しゴム　ＭＯＮＯ,1134.02,1361,110.0,124742.0
2025-10-21,3,キャップ付鉛筆３Ｐ,1134.02,1361,180.0,204124.0
2025-10-21,3,ケント・１・ＫＳ・ＢＯＸ,1134.02,1361,473.0,536391.0
2025-10-21,3,スーパーグリップシャープ,1134.02,1361,100.0,113402.0
2025-10-21,3,ショートＳ灰緑／白小,1134.02,1361,390.0,442268.0
2025-10-21,3,ソルティグレフルグミ,1134.02,1361,184.0,208660.0
2025-10-21,3,うまイチュウ青りんご味,1134.02,1361,127.0,144021.0
2025-10-21,3,ペタグーシャインマスカッ,1134.02,1361,150.0,170103.0
2025-10-21,3,クールマイルド・ＢＯＸ,1134.02,1361,528.0,598763.0
2025-10-21,3,マロッシュラムネ味,1134.02,1361,159.0,180309.0
2025-10-21,3,アポロマイスタイル,1134.02,1361,247.0,280103.0
2025-10-21,3,◎夏のベイクドチーズＣ,1134.02,1361,138.0,156495.0
2025-10-21,3,パイの実レアチーズケーキ,1134.02,1361,238.0,269897.0
2025-10-21,3,ビッグコミックスピリッツ,1134.02,1361,464.0,526185.0
2025-10-21,3,塩キャラメルプリン,1134.02,1361,230.0,260825.0
2025-10-21,3,クロレッツＸＰ　クリアミ,1134.02,1361,180.0,204124.0
2025-10-21,3,ライトニング電池式６本,1134.02,1361,2346.0,2660411.0
2025-10-21,3,多当仏　御霊前,1134.02,1361,87.0,98660.0
2025-10-21,3,テリヤキチキンたまごコぺ,1134.02,1361,323.0,366288.0
2025-10-21,3,ワンピデッキシャンクス,1134.02,1361,500.0,567010.0
2025-10-21,3,◎ばんそうこう３サイズ,1134.02,1361,362.0,410515.0
2025-10-21,3,◎塩キャラメルケーキタ３,1134.02,1361,167.0,189381.0
2025-10-21,3,Ｃボス　地中海スカッシュ,1134.02,1361,166.0,188247.0
2025-10-21,3,マッチ　５００,1134.02,1361,150.0,170103.0
2025-10-21,3,テリアスムースＲ１０Ｐ,1134.02,1361,5273.0,5979687.0
2025-10-21,3,こだわり酒場のレモン３５,1134.02,1361,161.0,182577.0
2025-10-21,3,狩人めしエナジードリンク,1134.02,1361,125.0,141752.0
2025-10-21,3,サントリー生ビール３５０,1134.02,1361,212.0,240412.0
2025-10-21,3,北海道生ビール３５０,1134.02,1361,216.0,244948.0
2025-10-21,3,◎やわらか燻製さきいか,1134.02,1361,184.0,208660.0
2025-10-21,3,◎とうふとわかめ,1134.02,1361,121.0,137216.0
2025-10-21,3,青磯海苔　まぐろたくあん,1134.02,1361,187.0,212062.0
2025-10-21,3,ザバスチョコレート２００,1134.02,1361,205.0,232474.0
2025-10-21,3,大粒ラムネアイスボックス,1134.02,1361,161.0,182577.0
2025-10-21,3,男梅サワー梅涼し３５０,1134.02,1361,187.0,212062.0
2025-10-21,3,もち麦　新生姜とわかめ,1134.02,1361,163.0,184845.0
2025-10-21,3,紳士くるぶし丈Ｓ黒,1134.02,1361,390.0,442268.0
2025-10-21,3,ショートＳ灰緑／白大,1134.02,1361,390.0,442268.0
2025-10-21,3,漬け真鯛おむすび,1134.02,1361,260.0,294845.0
2025-10-21,3,こってり炒飯おむすび,1134.02,1361,166.0,188247.0
2025-10-21,3,手巻寿司　ばくだん納豆,1134.02,1361,207.0,234742.0
2025-10-21,3,茶流彩彩　コーン茶,1134.02,1361,110.0,124742.0
2025-10-21,3,◎どかっとベーコンチーズ,1134.02,1361,139.0,157629.0
2025-10-21,3,ＢＩＧあらびきソーセージ,1134.02,1361,150.0,170103.0
2025-10-21,3,◎クランベリー＆チーズク,1134.02,1361,147.0,166701.0
2025-10-21,3,◎塩バターパン（チョコク,1134.02,1361,156.0,176907.0
2025-10-21,3,３種のミックスサンド,1134.02,1361,298.0,337938.0
2025-10-21,3,ネオＢトロピカルハイパー,1134.02,1361,455.0,515979.0
2025-10-21,3,ブラックＴココナッツ小袋,1134.02,1361,128.0,145155.0
2025-10-21,3,ぷっちょＳＴ瀬戸内レモン,1134.02,1361,118.0,133814.0
2025-10-21,3,みんなのレモネード,1134.02,1361,212.0,240412.0
2025-10-21,3,オレンジもちとろクリーム,1134.02,1361,184.0,208660.0
2025-10-21,3,まるごとバナナ,1134.02,1361,260.0,294845.0
2025-10-21,3,８×４ロールオンせっけん,1134.02,1361,641.0,726907.0
2025-10-21,3,ノンシュガー塩果実キャン,1134.02,1361,211.0,239278.0
2025-10-21,3,◎ふんわりとしたパンケ８,1134.02,1361,172.0,195051.0
2025-10-21,3,つくね＆鶏そぼろごはん,1134.02,1361,313.0,354948.0
2025-10-21,3,ＩＱＯＳｉＯＭブラック,1134.02,1361,3619.0,4104018.0
2025-10-21,3,◎焼きカレーパン３個入,1134.02,1361,184.0,208660.0
2025-10-21,3,プライドポテト神戸ビーフ,1134.02,1361,168.0,190515.0
2025-10-21,3,堅あげ焼きとうもろこし,1134.02,1361,179.0,202990.0
2025-10-21,3,◎Ｆボスブラック　４５０,1134.02,1361,130.0,147423.0
2025-10-21,3,コアラのマーチ練乳ミルク,1134.02,1361,177.0,200722.0
2025-10-21,3,ＰＧスパイシーチキンＳ缶,1134.02,1361,168.0,190515.0
2025-10-21,3,ハニーミルクティー,1134.02,1361,230.0,260825.0
2025-10-21,3,果汁グミすいか,1134.02,1361,152.0,172371.0
2025-10-21,3,カスタムプラスＥＸ首振り,1134.02,1361,398.0,451340.0
2025-10-21,3,ツナとたまごサンド,1134.02,1361,265.0,300515.0
2025-10-21,3,◎塩チョコフィナンシェ,1134.02,1361,167.0,189381.0
2025-10-21,3,大盛豚肉とねぎの塩焼そば,1134.02,1361,554.0,628247.0
2025-10-21,3,純連冷し味噌ラーメン,1134.02,1361,599.0,679278.0
2025-10-21,3,フルーツの沼メロン＆白桃,1134.02,1361,230.0,260825.0
2025-10-21,3,トルティーヤ豚生姜ハムチ,1134.02,1361,369.0,418453.0
2025-10-21,3,ぷっちょイカゲーム第二弾,1134.02,1361,193.0,218866.0
2025-10-21,3,Ｗ・Ｃホワイト３ＢＯＸ,1134.02,1361,491.0,556804.0
2025-10-21,3,毎日新聞（１都６県静０１,1134.02,1361,,
2025-10-21,3,東京スポーツ（１都６県静,1134.02,1361,,
2025-10-21,3,東京新聞（１都６県静０１,1134.02,1361,,
2025-10-21,3,スポーツ報知（関東東北北,1134.02,1361,,
2025-10-21,3,日刊ゲンダイ（１都６県静,1134.02,1361,,
2025-10-21,3,納豆細巻寿司（２巻増量）,1134.02,1361,389.0,441134.0
2025-10-21,3,ＪＴニューヨーク（旧：ヘ,1134.02,1361,,
2025-10-21,3,読売新聞（１都６県静０１,1134.02,1361,,
2025-10-21,3,日本経済新聞（静０５）,1134.02,1361,,
2025-10-21,3,朝日新聞（宮山梨静０５以,1134.02,1361,,
2025-10-21,3,ＴｈｅＪａｐａｎＮｅｗｓ,1134.02,1361,,
2025-10-21,3,産経新聞（宮山梨静０５以,1134.02,1361,,
2025-10-21,3,プロテインキャラメル,1134.02,1361,249.0,282371.0
2025-10-21,3,キャメルクラフトＭＢ５,1134.02,1361,410.0,464948.0
2025-10-21,3,◎どかっとテリマヨチキン,1134.02,1361,135.0,153093.0
2025-10-21,3,スポニチ（山梨静０５以外,1134.02,1361,,
2025-10-21,3,デイリースポーツ（１都６,1134.02,1361,,
2025-10-21,3,サンスポ（山梨静０５以外,1134.02,1361,,
2025-10-21,3,日刊スポ（山梨静０５以外,1134.02,1361,,
2025-10-21,3,婦人リブＳ白,1134.02,1361,390.0,442268.0
2025-10-21,3,◎こだわりのバタークッキ,1134.02,1361,239.0,271031.0
2025-10-21,3,Ｆはちみつ＆マーガリンの,1134.02,1361,147.0,166701.0
2025-10-21,3,男梅シート,1134.02,1361,200.0,226804.0
2025-10-21,3,ＧＰｌａｙ３０００,1134.02,1361,3000.0,3402060.0
2025-10-21,3,Ｓスター１０Ｂ,1134.02,1361,546.0,619175.0
2025-10-21,3,オイコス　パッションフル,1134.02,1361,189.0,214330.0
2025-10-21,3,コーヒー用氷Ｓ,1134.02,1361,,
2025-10-21,3,◎冷スープかぼちゃと人参,1134.02,1361,332.0,376495.0
2025-10-21,3,ＣＷ晴雨兼用スリム折傘,1134.02,1361,2014.0,2283916.0
2025-10-21,3,セブンスター１０Ｐ,1134.02,1361,5455.0,6186079.0
2025-10-21,3,フライドチキン＆ハンバー,1134.02,1361,555.0,629381.0
2025-10-21,3,ケントエス・スパーク５,1134.02,1361,455.0,515979.0
2025-10-21,3,Ｃ玄米ブラン贅沢ミルク,1134.02,1361,180.0,204124.0
2025-10-21,3,Ｃ玄米ブラン　カカオ,1134.02,1361,155.0,175773.0
2025-10-21,3,ブルガリアＹＯマスカット,1134.02,1361,185.0,209794.0
2025-10-21,3,激辛韓国風焼そば,1134.02,1361,510.0,578350.0
2025-10-21,3,◎フルーツＣ塩レモン,1134.02,1361,276.0,312990.0
2025-10-21,3,沖縄黒糖のブラウにゃー,1134.02,1361,220.0,249484.0
2025-10-21,3,カントリーＭ塩バニラアイ,1134.02,1361,145.0,164433.0
2025-10-21,3,シングルモルト白州１８０,1134.02,1361,1950.0,2211339.0
2025-10-21,3,週刊ＴＶガイド（関東版）,1134.02,1361,,
2025-10-21,3,その他３口座売上,1134.02,1361,649.0,735979.0
2025-10-21,3,竹箸　５００膳,1134.02,1361,,
2025-10-21,3,ＴＶＬＩＦＥ　首都圏版,1134.02,1361,,
2025-10-21,3,コーヒー用氷Ｍ,1134.02,1361,,
2025-10-21,3,ａｎａｎ（アンアン）,1134.02,1361,,
2025-10-21,3,コーヒーリッドＭ,1134.02,1361,,
2025-10-21,3,今治ＴＨフジＲ２５,1134.02,1361,637.0,722371.0
2025-10-21,3,ストローレスリッド,1134.02,1361,,
2025-10-21,3,しあわせ素肌ミニ夜用,1134.02,1361,162.0,183711.0
2025-10-21,3,ニンフィアゼリードリンク,1134.02,1361,249.0,282371.0
2025-10-21,3,新・値下シール３０円,1134.02,1361,,
2025-10-21,3,ＣＷ折りたたみ耐風傘,1134.02,1361,2014.0,2283916.0
2025-10-21,3,サンデー毎日,1134.02,1361,600.0,680412.0
2025-10-21,3,カフェカップＳ,1134.02,1361,,
2025-10-21,3,塩分チャージタブ小袋,1134.02,1361,140.0,158763.0
2025-10-21,3,週刊　女性セブン,1134.02,1361,482.0,546598.0
2025-10-21,3,第１０７回全国高校野球選,1134.02,1361,,
2025-10-21,3,お泊まりスキンケアセット,1134.02,1361,380.0,430928.0
2025-10-21,3,楽天ギフトバリアブル,1134.02,1361,10500.0,11907210.0
2025-10-21,3,ＡＥＲＡ（アエラ）,1134.02,1361,591.0,670206.0
2025-10-21,3,なめらか食感水ようかん,1134.02,1361,158.0,179175.0
2025-10-21,3,トマトベーコンパスタサラ,1134.02,1361,389.0,441134.0
2025-10-21,3,ベ　ス　ト　カ　ー,1134.02,1361,537.0,608969.0
2025-10-21,3,ポケカ拡張ステラ,1134.02,1361,164.0,185979.0
2025-10-21,3,ベロＢマンゴーＭ５Ｐ,1134.02,1361,1455.0,1649999.0
2025-10-21,3,明太マヨいか天,1134.02,1361,130.0,147423.0
2025-10-21,3,マウスＷクリア８０ＭＬ,1134.02,1361,200.0,226804.0
2025-10-21,3,こんがりパンポタージュ,1134.02,1361,170.0,192783.0
2025-10-21,3,クラフトテープ　１巻,1134.02,1361,,
2025-10-21,3,タリーズブラック３９０,1134.02,1361,158.0,179175.0
2025-10-21,3,アルバトロス・ビュー,1134.02,1361,,
2025-10-21,3,テリアレギュラー１０Ｐ,1134.02,1361,5273.0,5979687.0
2025-10-21,3,発注レジ袋１２号バイオマ,1134.02,1361,,
2025-10-21,3,ショコラ＆ホイップパイ,1134.02,1361,239.0,271031.0
2025-10-21,3,ビッグコミックスペリオー,1134.02,1361,464.0,526185.0
2025-10-21,3,ネイビーやまがた県民手帳,1134.02,1361,500.0,567010.0
2025-10-21,3,塩レモンクッキーシュー,1134.02,1361,204.0,231340.0
2025-10-21,3,アスティーグ黒　Ｍ,1134.02,1361,600.0,680412.0
2025-10-21,3,しょうが香る冷し薬味そば,1134.02,1361,,
2025-10-21,3,明太海苔弁当,1134.02,1361,555.0,629381.0
2025-10-21,3,東京スポーツ競馬特別版,1134.02,1361,,
2025-10-21,3,夏ポテト対馬の浜御塩味,1134.02,1361,179.0,202990.0
2025-10-21,3,優馬（関東山形福島）,1134.02,1361,,
2025-10-21,3,日刊競馬（関東山形福島）,1134.02,1361,,
2025-10-21,3,勝馬（関東山形福島）,1134.02,1361,,
2025-10-21,3,競友（関東福島）,1134.02,1361,,
2025-10-21,3,競馬エイト（関東福島）,1134.02,1361,,
2025-10-21,3,競馬ブック（関東山形福島,1134.02,1361,,
2025-10-21,3,馬サブロー（１都６県宮城,1134.02,1361,,
2025-10-21,3,研究（関東山形福島）,1134.02,1361,,
2025-10-21,3,リルＨリキッドＣ,1134.02,1361,73.0,82783.0
2025-10-21,3,ネックバンドイヤホン　黒,1134.02,1361,3164.0,3588039.0
2025-10-21,3,天使のチーズケーキ,1134.02,1361,230.0,260825.0
2025-10-21,3,プレジデント,1134.02,1361,,
2025-10-21,3,ＰＯＳレジロール５０巻,1134.02,1361,,
2025-10-21,3,ペーパータオルＢＳ,1134.02,1361,,
2025-10-21,3,ＪＴオンサンデー（旧：ジ,1134.02,1361,,
2025-10-21,3,コーヒーフレッシュ,1134.02,1361,,
2025-10-21,3,ダーク豆（ＵＣＣ）,1134.02,1361,,
2025-10-21,3,ピース（２０本）,1134.02,1361,546.0,619175.0
2025-10-21,3,２５０円スポーツ,1134.02,1361,228.0,258557.0
2025-10-21,3,ワンピデッキ緑黄ヤマト,1134.02,1361,500.0,567010.0
2025-10-21,3,ワンピデッキ紫黒ルフィ,1134.02,1361,500.0,567010.0
2025-10-21,3,婦人クルーＳ黒,1134.02,1361,390.0,442268.0
2025-10-21,3,ワンピデッキ　バギー,1134.02,1361,500.0,567010.0
2025-10-21,3,ハミガキハブラシセット,1134.02,1361,448.0,508041.0
2025-10-21,3,ＬストライクＢ,1134.02,1361,564.0,639587.0
2025-10-21,3,備蓄米１Ｋｇ,1134.02,1361,,
2025-10-21,3,ｉｎバー　ベイクドビター,1134.02,1361,170.0,192783.0
2025-10-21,3,２ＷＡＹマーカーピンク,1134.02,1361,180.0,204124.0
2025-10-21,3,ガムシロップ,1134.02,1361,,
2025-10-21,3,備蓄米　１ｋｇ,1134.02,1361,360.0,408247.0
2025-10-21,3,堅ぶつ旨塩,1134.02,1361,128.0,145155.0
2025-10-21,3,◎人気のミックスナッツ,1134.02,1361,360.0,408247.0
2025-10-21,3,うるおいさらっとジェル,1134.02,1361,248.0,281237.0
2025-10-21,3,ワンピデッキジュエリー,1134.02,1361,500.0,567010.0
2025-10-21,3,Ｃボス　フルーツエード,1134.02,1361,143.0,162165.0
2025-10-21,3,紅茶花伝　ミルクティー,1134.02,1361,155.0,175773.0
2025-10-21,3,週刊　プレイボーイ,1134.02,1361,591.0,670206.0
2025-10-21,3,今治ＴＨ２５春の色白,1134.02,1361,600.0,680412.0
2025-10-21,3,週　刊　大　衆,1134.02,1361,437.0,495567.0
2025-10-21,3,サクレグミレモン＆梨,1134.02,1361,208.0,235876.0
2025-10-21,3,つぶ塩梅,1134.02,1361,158.0,179175.0
2025-10-21,3,パーラメント１００ＢＯＸ,1134.02,1361,564.0,639587.0
2025-10-21,3,あの夏のラムネグミ,1134.02,1361,167.0,189381.0
2025-10-21,3,濃厚カスタードシュー,1134.02,1361,156.0,176907.0
2025-10-21,3,オレンジパンチ３５０,1134.02,1361,161.0,182577.0
2025-10-21,3,全粒粉サラダチキンたまご,1134.02,1361,369.0,418453.0
2025-10-21,3,パリジャン３種ミート,1134.02,1361,348.0,394639.0
2025-10-21,3,センテＩブラック１０Ｐ,1134.02,1361,4819.0,5464842.0
2025-10-21,3,炭火焼うなぎおむすび,1134.02,1361,369.0,418453.0
2025-10-21,3,海鮮サラダおむすび,1134.02,1361,147.0,166701.0
2025-10-21,3,おろしタツタ弁当（わかめ,1134.02,1361,598.0,678144.0
2025-10-21,3,ビーフハンバーグのロコモ,1134.02,1361,647.0,733711.0
2025-10-21,3,ＳＰＡＭ　玉子焼き,1134.02,1361,313.0,354948.0
2025-10-21,3,週刊　東洋経済,1134.02,1361,864.0,979793.0
2025-10-21,3,エ　コ　ノ　ミ　ス　ト,1134.02,1361,,
2025-10-21,3,テリアリッチＲ１０Ｐ,1134.02,1361,5273.0,5979687.0
2025-10-21,3,ＹＯＵＮＧ　ＫＩＮＧ（ヤ,1134.02,1361,464.0,526185.0
2025-10-21,3,野菜生活巨峰,1134.02,1361,118.0,133814.0
2025-10-21,3,ブーストバイツ,1134.02,1361,240.0,272165.0
2025-10-21,3,専炭治郎の抹茶クリームロ,1134.02,1361,158.0,179175.0
2025-10-21,3,銀鮭と煮物の幕の内弁当,1134.02,1361,555.0,629381.0
2025-10-21,3,鬼滅の刃フルーツオレ,1134.02,1361,249.0,282371.0
2025-10-21,3,アサイーボウルドリンク,1134.02,1361,249.0,282371.0
2025-10-21,3,◎生スコーン６個入（チー,1134.02,1361,172.0,195051.0
2025-10-21,3,サンド寿司　サーモン,1134.02,1361,334.0,378763.0
2025-10-21,3,Ｆ伊之助のほわほわ大福,1134.02,1361,125.0,141752.0
2025-10-21,3,Ｆ水柱の水まんじゅう（ラ,1134.02,1361,149.0,168969.0
2025-10-21,3,◎マラサダ（マカダミアチ,1134.02,1361,147.0,166701.0
2025-10-21,3,専胡蝶しのぶの藤色メロン,1134.02,1361,165.0,187113.0
2025-10-21,3,◎Ｆボス　ラテ　４５０,1134.02,1361,139.0,157629.0
2025-10-21,3,新Ｅプリンター用インク青,1134.02,1361,,
2025-10-21,3,◎レモネードソーダ,1134.02,1361,186.0,210928.0
2025-10-21,3,翠ジンソーダ３５０,1134.02,1361,194.0,220000.0
2025-10-21,3,ＳＰＡ！（スパ！）,1134.02,1361,573.0,649793.0
2025-10-21,3,半熟たまご大盛冷しうどん,1134.02,1361,554.0,628247.0
2025-10-21,3,ライオンカフェオレ,1134.02,1361,208.0,235876.0
2025-10-21,3,台湾風まぜそば,1134.02,1361,599.0,679278.0
2025-10-21,3,週刊女性自身,1134.02,1361,500.0,567010.0
2025-10-21,3,週刊ゴルフダイジェスト,1134.02,1361,573.0,649793.0
2025-10-21,3,クア・アイナテリチキン,1134.02,1361,369.0,418453.0
2025-10-21,3,フライドサイミン,1134.02,1361,,
2025-10-21,3,週刊アサヒ芸能,1134.02,1361,564.0,639587.0
2025-10-21,3,マカダミアパンケーキ,1134.02,1361,323.0,366288.0
2025-10-21,3,ＦＬＡＳＨ　（フラッシュ,1134.02,1361,664.0,752989.0
2025-10-21,3,ミンティアグレープ,1134.02,1361,105.0,119072.0
2025-10-21,3,健康のど飴冷やし飴小袋,1134.02,1361,138.0,156495.0
2025-10-21,3,コアラのマーチいちご,1134.02,1361,164.0,185979.0
2025-10-21,3,◎ハムエッグデニッシュ２,1134.02,1361,135.0,153093.0
2025-10-21,3,週　刊　女　性,1134.02,1361,,
2025-10-21,3,透明プリン？マンゴー？,1134.02,1361,194.0,220000.0
2025-10-21,3,青ねぎと蒸し鶏のパスタ,1134.02,1361,462.0,523917.0
2025-10-21,3,２０品目のサラダ,1134.02,1361,276.0,312990.0
2025-10-21,3,ベロＭＰミントＸインテン,1134.02,1361,310.0,351546.0
2025-10-21,3,◎りんごカスタードデニ４,1134.02,1361,167.0,189381.0
2025-10-21,3,◎ハムチーズクロワッサン,1134.02,1361,135.0,153093.0
2025-10-21,3,紳士ショートＳ黒,1134.02,1361,390.0,442268.0
2025-10-21,3,ラインＳ２５夏の色白大,1134.02,1361,390.0,442268.0
2025-10-21,3,カルピスＰマンゴーピーチ,1134.02,1361,170.0,192783.0
2025-10-21,3,ブリーフ団イカ墨まぜそば,1134.02,1361,369.0,418453.0
2025-10-21,3,江頭　激辛豚骨ラーメン,1134.02,1361,369.0,418453.0
2025-10-21,3,ラークウルトラ１・１００,1134.02,1361,491.0,556804.0
2025-10-21,3,◎ひとくち濃厚梅だれせん,1134.02,1361,139.0,157629.0
2025-10-21,3,ミニチーズおかきガーリッ,1134.02,1361,150.0,170103.0
2025-10-21,3,◎瀬戸内レモンのドーナツ,1134.02,1361,139.0,157629.0
2025-10-21,3,キリン晴れ風３５０,1134.02,1361,216.0,244948.0
2025-10-21,3,Ｇファイトシャープ芯ＨＢ,1134.02,1361,200.0,226804.0
2025-10-21,3,最強王図鑑激闘バトルグミ,1134.02,1361,193.0,218866.0
2025-10-21,3,すっぱいぶどうグミ,1134.02,1361,100.0,113402.0
2025-10-21,3,レインコートＭ,1134.02,1361,687.0,779072.0
2025-10-21,3,オイコス　レモン＆ハニー,1134.02,1361,179.0,202990.0
2025-10-21,3,４５Ｌ半透明ゴミ袋,1134.02,1361,,
2025-10-21,3,レジ従業員金庫引継ノート,1134.02,1361,,
2025-10-21,3,◎生コッペパン（ハムカツ,1134.02,1361,167.0,189381.0
2025-10-21,3,振って塩こんぶキャベツ,1134.02,1361,221.0,250618.0
2025-10-21,3,センティアＦエメラルド,1134.02,1361,482.0,546598.0
2025-10-21,3,サンカット　ＵＶスプレー,1134.02,1361,798.0,904948.0
2025-10-21,3,抹茶シベリア３個入,1134.02,1361,230.0,260825.0
2025-10-21,3,ライト豆（ＵＣＣ）,1134.02,1361,,
2025-10-21,3,ターザン,1134.02,1361,728.0,825567.0
2025-10-21,3,ジャージー牛乳プリン,1134.02,1361,178.0,201856.0
2025-10-21,3,ＡｐｐｌｅＧＣ＿５千,1134.02,1361,5000.0,5670100.0
2025-10-21,3,ベロスピッフィーＳミント,1134.02,1361,291.0,330000.0
2025-10-21,3,センテＣシルバー１０Ｐ,1134.02,1361,4819.0,5464842.0
2025-10-21,3,電卓　１２桁,1134.02,1361,1280.0,1451546.0
2025-10-21,3,ライトニングイヤホン変換,1134.02,1361,1982.0,2247628.0
2025-10-21,3,ＦＲＩＤＡＹ（フライデー,1134.02,1361,710.0,805154.0
2025-10-21,3,オレンジページ,1134.02,1361,544.0,616907.0
2025-10-21,3,ミルクソースのシフォン,1134.02,1361,369.0,418453.0
2025-10-21,3,ネオチルドＭハイパー用,1134.02,1361,455.0,515979.0
2025-10-21,3,カーセンサー東日本版,1134.02,1361,,
2025-10-21,3,Ｗｅｄｇｅ（ウェッジ）,1134.02,1361,,
2025-10-21,3,週　刊　ポ　ス　ト,1134.02,1361,519.0,588556.0
2025-10-21,3,ＵＳＢーＣ用イヤホン黒,1134.02,1361,2164.0,2454019.0
2025-10-21,3,Ｎｅｗｔｏｎ（ニュートン,1134.02,1361,1082.0,1227010.0
2025-10-21,3,パリパリ麺サラダ,1134.02,1361,369.0,418453.0
2025-10-21,3,カーセンサー首都圏版,1134.02,1361,,
2025-10-21,3,新Ｅプリンター用インク赤,1134.02,1361,,
2025-10-21,3,新Ｅプリンター用インク黒,1134.02,1361,,
2025-10-21,3,ネオＢマスカット,1134.02,1361,455.0,515979.0
2025-10-21,3,ＩＱＯＳｉＯＢブルー,1134.02,1361,3619.0,4104018.0
2025-10-21,3,クール・ＢＯＸ,1134.02,1361,528.0,598763.0
2025-10-21,3,アルカリ水クリーナ－詰替,1134.02,1361,,
2025-10-21,3,やまがた県民手帳ブラック,1134.02,1361,500.0,567010.0
2025-10-21,3,ごまだれ冷し中華,1134.02,1361,554.0,628247.0
2025-10-21,3,Ｓスター７Ｂ,1134.02,1361,546.0,619175.0
2025-10-21,3,綾鷹　濃い緑茶　６５０,1134.02,1361,158.0,179175.0
2025-10-21,3,ＵＳＢ－Ｃ電池充電器,1134.02,1361,1710.0,1939174.0
2025-10-21,3,氷結無糖スモモ３５０,1134.02,1361,168.0,190515.0
2025-10-21,3,ゼロシュガーフリーチョコ,1134.02,1361,220.0,249484.0
2025-10-21,3,トッポ,1134.02,1361,209.0,237010.0
2025-10-21,3,コーヒーリッド黒Ｓ,1134.02,1361,,
2025-10-21,3,カフェカップＭ,1134.02,1361,,
2025-10-21,3,◎フルーツミックス５００,1134.02,1361,112.0,127010.0
2025-10-21,3,◎南高梅うす塩個食,1134.02,1361,131.0,148557.0
2025-10-21,3,◎南高梅はちみつ入個食,1134.02,1361,131.0,148557.0
2025-10-21,3,◎生コッペパン（厚ぎりと,1134.02,1361,230.0,260825.0
2025-10-21,3,綾鷹　６５０,1134.02,1361,158.0,179175.0
2025-10-21,3,サントリー天然水　５５０,1134.02,1361,118.0,133814.0
2025-10-21,3,烏龍茶　６００,1134.02,1361,158.0,179175.0
2025-10-21,3,鮭わかめおむすび,1134.02,1361,139.0,157629.0
2025-10-21,3,つぶグミＰ濃厚マンゴー,1134.02,1361,198.0,224536.0
2025-10-21,3,ケント・６・１００ＢＯＸ,1134.02,1361,473.0,536391.0
2025-10-21,3,４Ｄグミ旅路のマジックア,1134.02,1361,221.0,250618.0
2025-10-21,3,モチド富良野メロン味,1134.02,1361,171.0,193917.0
2025-10-21,3,三ツ矢　ひんやり和梨,1134.02,1361,160.0,181443.0
2025-10-21,3,備蓄米　２Ｋｇ,1134.02,1361,,
2025-10-21,3,◎生コッペパン（チョコバ,1134.02,1361,135.0,153093.0
2025-10-21,3,ビスコ発酵バター,1134.02,1361,156.0,176907.0
2025-10-21,3,銀座ライオンビヤ３５０,1134.02,1361,216.0,244948.0
2025-10-21,3,◎プリンみたいなパン,1134.02,1361,119.0,134948.0
2025-10-21,3,善逸たまごＢＯＸＤ２,1134.02,1361,425.0,481958.0
2025-10-21,3,炭治郎＆義勇おむ２,1134.02,1361,369.0,418453.0
2025-10-21,3,はみでたチキンカツバーガ,1134.02,1361,369.0,418453.0
2025-10-21,3,国チキンとゴーダとたまご,1134.02,1361,443.0,502371.0
2025-10-21,3,海苔監修　手巻たまごかけ,1134.02,1361,185.0,209794.0
2025-10-21,3,手巻ベーコン＆コーンマヨ,1134.02,1361,184.0,208660.0
2025-10-21,3,◎桃大福,1134.02,1361,147.0,166701.0
2025-10-21,3,まるで鶏皮のようなＰＣ,1134.02,1361,176.0,199588.0
2025-10-21,3,Ｌｉｐｔｏｎチャームグミ,1134.02,1361,350.0,396907.0
2025-10-21,3,◎サーターアンダギー６個,1134.02,1361,165.0,187113.0
2025-10-21,3,週　刊　現　代,1134.02,1361,546.0,619175.0
2025-10-21,3,７０Ｌ半透明ゴミ袋,1134.02,1361,,
2025-10-21,3,スウェディッシュキャンデ,1134.02,1361,498.0,564742.0
2025-10-21,3,一粒梅おむすび,1134.02,1361,241.0,273299.0
2025-10-21,3,大粒ラムネ強炭酸シュワコ,1134.02,1361,133.0,150825.0
2025-10-21,3,きりっと果実　ピンクＧＦ,1134.02,1361,159.0,180309.0
2025-10-21,3,サラダラップチキンサルサ,1134.02,1361,348.0,394639.0
2025-10-21,3,新旧両用）ペーパフィルタ,1134.02,1361,,
2025-10-21,3,くりーむパン　カスタード,1134.02,1361,260.0,294845.0
2025-10-21,3,◎桃パウンドケーキ,1134.02,1361,165.0,187113.0
2025-10-21,3,めっちゃふくらむフーセン,1134.02,1361,158.0,179175.0
2025-10-21,3,しゃりｉｎグミソーダ味,1134.02,1361,168.0,190515.0
2025-10-21,3,すだち明太クリームうどん,1134.02,1361,462.0,523917.0
2025-10-21,3,岩下の新生姜いなり寿司,1134.02,1361,185.0,209794.0
2025-10-21,3,◎のむヨーグルトメロン,1134.02,1361,195.0,221134.0
2025-10-21,3,レモンチーズケーキ,1134.02,1361,156.0,176907.0
2025-10-21,3,バター醤油パスタ,1134.02,1361,426.0,483093.0
2025-10-21,3,りんごの目覚め,1134.02,1361,276.0,312990.0
2025-10-21,3,ミンティア宮崎日向夏,1134.02,1361,105.0,119072.0
2025-10-21,3,生ラムネ玉,1134.02,1361,152.0,172371.0
2025-10-21,3,タリーズ　無糖ラテ,1134.02,1361,170.0,192783.0
2025-10-21,3,名札バッジ　２個入,1134.02,1361,,
2025-10-21,3,フエラムネサイダー第２弾,1134.02,1361,138.0,156495.0
2025-10-21,3,たべっ子水族館ソルティ,1134.02,1361,170.0,192783.0
2025-10-21,3,マーブルパウチ,1134.02,1361,215.0,243814.0
2025-10-21,3,ドリトス激辛ナチョチーズ,1134.02,1361,180.0,204124.0
2025-10-21,3,ピンクグレープフルーツア,1134.02,1361,186.0,210928.0
2025-10-21,3,野菜生活ベリーサラダ,1134.02,1361,113.0,128144.0
2025-10-21,3,フルーツこれ１本ビタミン,1134.02,1361,150.0,170103.0
2025-10-21,3,Ｙｏｕｎｇ　ｃｈａｍｐｉ,1134.02,1361,410.0,464948.0
2025-10-21,3,ゆず塩ラーメンサラダ,1134.02,1361,389.0,441134.0
2025-10-21,3,◎お好み焼＆塩焼そば,1134.02,1361,,
2025-10-21,3,牛スープの旨み盛岡風冷麺,1134.02,1361,536.0,607835.0
2025-10-21,3,冷し鶏天タルタルうどん,1134.02,1361,599.0,679278.0
2025-10-21,3,オレンジ,1134.02,1361,315.0,357216.0
2025-10-21,3,グレープフルーツ,1134.02,1361,276.0,312990.0
2025-10-21,3,ラインＳＣ白１９－２２,1134.02,1361,390.0,442268.0
2025-10-21,3,備蓄米　２ｋｇ,1134.02,1361,700.0,793814.0
2025-10-21,3,◎オクラわかめとろり豆腐,1134.02,1361,258.0,292577.0
2025-10-21,3,コロネクッキー,1134.02,1361,71.0,80515.0
2025-10-21,3,フルーツサラダヨーグルト,1134.02,1361,230.0,260825.0
2025-10-21,3,野菜生活１００オリジナル,1134.02,1361,113.0,128144.0
2025-10-21,3,クラッシュ蒟蒻畑りんご味,1134.02,1361,183.0,207526.0
2025-10-21,3,ビスコ,1134.02,1361,156.0,176907.0
2025-10-21,3,サラダチキンロール,1134.02,1361,399.0,452474.0
2025-10-21,3,グローＨプロサクラＥＤ,1134.02,1361,3619.0,4104018.0
2025-10-21,3,ザ・クレープチョコバナナ,1134.02,1361,249.0,282371.0
2025-10-21,3,こだわりカレー,1134.02,1361,367.0,416185.0
2025-10-21,3,コーヒーゼリーパフェ,1134.02,1361,313.0,354948.0
2025-10-21,3,チョコラＳＰ　グレフル＆,1134.02,1361,149.0,168969.0
2025-10-21,3,キレート　ＭＵＫＵＭＩ,1134.02,1361,158.0,179175.0
2025-10-21,3,ワンピカードＢＥＳＴ２,1134.02,1361,500.0,567010.0
2025-10-21,3,アスティーグ黒　Ｌ,1134.02,1361,600.0,680412.0
2025-10-21,3,慶弔サインペン（筆文字）,1134.02,1361,250.0,283505.0
2025-10-21,3,モンスターエナジー,1134.02,1361,213.0,241546.0
2025-10-21,3,ヒヤロン,1134.02,1361,180.0,204124.0
2025-10-21,3,ラインＳ２５夏の色白小,1134.02,1361,390.0,442268.0
2025-10-21,3,冷し鶏ねぎそば,1134.02,1361,599.0,679278.0
2025-10-21,3,０．０１ゼロワン,1134.02,1361,900.0,1020618.0
2025-10-21,3,イープラス　発券,1134.02,1361,165.0,187113.0
2025-10-21,3,ダブルフロマージュ　２個,1134.02,1361,426.0,483093.0
2025-10-21,3,ＵＳＢ－Ｃ１．２ｍ,1134.02,1361,1255.0,1423195.0
2025-10-21,3,サンドおむすび　豚焼肉,1134.02,1361,323.0,366288.0
2025-10-21,3,ハイチュウＰメロン,1134.02,1361,152.0,172371.0
2025-10-21,3,マッチビタミンみかん,1134.02,1361,150.0,170103.0
2025-10-21,3,◎ハムチーズエッグマフィ,1134.02,1361,156.0,176907.0
2025-10-21,3,直巻　炙り焼　牛タン,1134.02,1361,199.0,225670.0
2025-10-21,3,具だくさん炙り焼鶏つくね,1134.02,1361,213.0,241546.0
2025-10-21,3,コミック乱,1134.02,1361,546.0,619175.0
2025-10-21,3,カニカママカロニサラダ,1134.02,1361,239.0,271031.0
2025-10-21,3,じゅるるマンゴー,1134.02,1361,221.0,250618.0
2025-10-21,3,コク旨たまごサンド,1134.02,1361,276.0,312990.0
2025-10-21,3,むっち実グミオレンジ味,1134.02,1361,198.0,224536.0
2025-10-21,3,たまご海老ブロコリサンド,1134.02,1361,348.0,394639.0
2025-10-21,3,カンデミーナ電撃マスカッ,1134.02,1361,200.0,226804.0
2025-10-21,3,◎ホットサンド（ハム＆チ,1134.02,1361,158.0,179175.0
2025-10-21,3,ウィルキンソンＥＸグレプ,1134.02,1361,117.0,132680.0
2025-10-21,3,生茶ほうじ煎茶,1134.02,1361,158.0,179175.0
2025-10-21,3,サーモン寿司,1134.02,1361,237.0,268763.0
2025-10-21,3,フレンチクルーラーミルク,1134.02,1361,193.0,218866.0
2025-10-21,3,ちいかわステッカーグミ,1134.02,1361,180.0,204124.0
2025-10-21,3,激モロコシフライドアラレ,1134.02,1361,158.0,179175.0
2025-10-21,3,んぽちゃむグミ,1134.02,1361,180.0,204124.0
2025-10-21,3,じゃがりこ肉じゃがｂｉｔ,1134.02,1361,129.0,146289.0
2025-10-21,3,１９６レモン３５０,1134.02,1361,161.0,182577.0
2025-10-21,3,ねるねるねるねドリンク,1134.02,1361,276.0,312990.0
2025-10-21,3,ポケカ拡張ナイトワンダ,1134.02,1361,164.0,185979.0
2025-10-21,3,ホームパイチビムーホ,1134.02,1361,140.0,158763.0
2025-10-21,3,野菜生活Ｓベリー＆ざくろ,1134.02,1361,178.0,201856.0
2025-10-21,3,テリヤキチキンとたまご,1134.02,1361,332.0,376495.0
2025-10-21,3,スーパー大麦安曇野わさび,1134.02,1361,181.0,205258.0
2025-10-21,3,◎つぶつぶいちご蒸しＣ,1134.02,1361,135.0,153093.0
2025-10-21,3,鶏そぼろ野沢菜醤油パスタ,1134.02,1361,369.0,418453.0
2025-10-21,3,ヨーグレットグミブルーベ,1134.02,1361,140.0,158763.0
2025-10-21,3,冷し明太クリームうどん,1134.02,1361,445.0,504639.0
2025-10-21,3,◎ツイストサンド（カスタ,1134.02,1361,128.0,145155.0
2025-10-21,3,野菜食べよう冷しタンメン,1134.02,1361,554.0,628247.0
2025-10-21,3,ポケぷにソーダ,1134.02,1361,218.0,247216.0
2025-10-21,3,チョコチャンクスコーン,1134.02,1361,119.0,134948.0
2025-10-21,3,窯出しとろけるプリン,1134.02,1361,195.0,221134.0
2025-10-21,3,香ばし炒めの玉子炒飯,1134.02,1361,341.0,386701.0
2025-10-21,3,ＢＳおつまみ焼そば味スパ,1134.02,1361,136.0,154227.0
2025-10-21,3,ナイキ　ラバーグローブＬ,1134.02,1361,498.0,564742.0
2025-10-21,3,冷し担担麺,1134.02,1361,462.0,523917.0
2025-10-21,3,はちみつとりんごのケーキ,1134.02,1361,276.0,312990.0
2025-10-21,3,センテＦグリーン１０Ｐ,1134.02,1361,4819.0,5464842.0
2025-10-21,3,３種チーズのミートソース,1134.02,1361,599.0,679278.0
2025-10-21,3,ピュレフルーツりんご,1134.02,1361,268.0,303917.0
2025-10-21,3,巨峰大福（白こしあん）,1134.02,1361,188.0,213196.0
2025-10-21,3,すッパイチュウレモン味,1134.02,1361,127.0,144021.0
2025-10-21,3,てんこ盛弁当,1134.02,1361,598.0,678144.0
2025-10-21,3,ナイキ　ラバーグローブＭ,1134.02,1361,498.0,564742.0
2025-10-21,3,厚切りポテトペッパー,1134.02,1361,142.0,161031.0
2025-10-21,3,ハイチュウ人気ミックス,1134.02,1361,127.0,144021.0
2025-10-21,3,コロコロハイチュウ,1134.02,1361,127.0,144021.0
2025-10-21,3,黒わらび餅,1134.02,1361,178.0,201856.0
2025-10-21,3,メガシャキ,1134.02,1361,239.0,271031.0
2025-10-21,3,ポケカ拡張メガシンフォ,1134.02,1361,164.0,185979.0
2025-10-21,3,ポケカ拡張メガブレイブ,1134.02,1361,164.0,185979.0
2025-10-21,3,イープラス　入金,1134.02,1361,16455.0,18660299.0
2025-10-21,3,夏のミルクシュー,1134.02,1361,138.0,156495.0
2025-10-21,3,ふわしゅわスフレレモン,1134.02,1361,249.0,282371.0
2025-10-21,3,ラッキーＳベリーＳ,1134.02,1361,391.0,443402.0
2025-10-21,3,グローＨプロオニキスＰ,1134.02,1361,3619.0,4104018.0
2025-10-21,3,エボＴバナナＣＰＬＭ,1134.02,1361,500.0,567010.0
2025-10-21,3,エボＴベリーＣＰＬＭ,1134.02,1361,500.0,567010.0
2025-10-21,3,マウススプレークールＭ,1134.02,1361,251.0,284639.0
2025-10-21,3,おーいお茶緑茶　６００,1134.02,1361,158.0,179175.0
2025-10-21,3,◎のむヨーグルトパイン,1134.02,1361,158.0,179175.0
2025-10-21,3,ルーローハン風パスタサラ,1134.02,1361,417.0,472886.0
2025-10-21,3,１９６白桃３５０,1134.02,1361,161.0,182577.0
2025-10-21,3,履歴書用紙,1134.02,1361,309.0,350412.0
2025-10-21,3,メガライフガード　７００,1134.02,1361,150.0,170103.0
2025-10-21,3,１９６マスカット３５０,1134.02,1361,161.0,182577.0
2025-10-21,3,ケントＮＳダークＦ,1134.02,1361,500.0,567010.0
2025-10-21,3,ワンピデッキ　ティーチ,1134.02,1361,500.0,567010.0
2025-10-21,3,ソフト携帯吸殻入れ,1134.02,1361,273.0,309587.0
2025-10-21,3,リチウム５０００ｍＡｈ,1134.02,1361,2982.0,3381648.0
2025-10-21,3,ユニアリ　ワンパンマン,1134.02,1361,350.0,396907.0
2025-10-21,3,多当祝　御祝,1134.02,1361,87.0,98660.0
2025-10-21,3,碧Ａｏ海薫るＨＢ３５０,1134.02,1361,350.0,396907.0
2025-10-21,3,ポケピファンピカチュウ,1134.02,1361,3164.0,3588039.0
2025-10-21,3,タフグミビッグバンピーチ,1134.02,1361,238.0,269897.0
2025-10-21,3,もちっとガブリマスカット,1134.02,1361,143.0,162165.0
2025-10-21,3,ＭＶＰＧレギュウィズ６Ｐ,1134.02,1361,3273.0,3711647.0
2025-10-21,3,テリアＯパール１０Ｐ,1134.02,1361,5273.0,5979687.0
2025-10-21,3,ふんわりたまごのオムライ,1134.02,1361,276.0,312990.0
2025-10-21,3,韓国風海苔佃煮おむすび,1134.02,1361,147.0,166701.0
2025-10-21,3,ラークスーパー５,1134.02,1361,491.0,556804.0
2025-10-21,3,青しそ高菜おむすび,1134.02,1361,139.0,157629.0
2025-10-21,3,ツメキリ　Ｓ,1134.02,1361,480.0,544330.0
2025-10-21,3,ビタミン野菜,1134.02,1361,113.0,128144.0
2025-10-21,3,ポケぷにフルーツ,1134.02,1361,218.0,247216.0
2025-10-21,3,◎ジューシーソーセージパ,1134.02,1361,135.0,153093.0
2025-10-21,3,炙り豚焼肉マヨネーズ,1134.02,1361,276.0,312990.0
2025-10-21,3,おーいお茶濃い茶６００,1134.02,1361,158.0,179175.0
2025-10-21,3,細ーいじゃがビーサワクリ,1134.02,1361,164.0,185979.0
2025-10-21,3,テリアＢルビーＭ１０Ｐ,1134.02,1361,5273.0,5979687.0
2025-10-21,3,Ｃ１０００コラーゲン＆,1134.02,1361,147.0,166701.0
2025-10-21,3,カニカマの寿司,1134.02,1361,174.0,197319.0
2025-10-21,3,いかめしおむすび,1134.02,1361,258.0,292577.0
2025-10-21,3,モッチュ白桃味,1134.02,1361,148.0,167835.0
2025-10-21,3,テリアミント１０Ｐ,1134.02,1361,5273.0,5979687.0
2025-10-21,3,◎増量うす焼せんべい,1134.02,1361,147.0,166701.0
2025-10-21,3,ポテロング,1134.02,1361,162.0,183711.0
2025-10-21,3,カルピス　リンゴ＆洋梨,1134.02,1361,160.0,181443.0
2025-10-21,3,ごろごろゆでたまごサンド,1134.02,1361,369.0,418453.0
2025-10-21,3,◎ふんわりもっちパン（チ,1134.02,1361,128.0,145155.0
2025-10-21,3,ミンティアＢブラック,1134.02,1361,211.0,239278.0
2025-10-21,3,増量チキンパスタサラダ,1134.02,1361,369.0,418453.0
2025-10-21,3,島星シトラスエール３５０,1134.02,1361,306.0,347010.0
2025-10-21,3,アーモンド効果プロテイン,1134.02,1361,198.0,224536.0
2025-10-21,3,小枝チョコクッキーサンド,1134.02,1361,239.0,271031.0
2025-10-21,3,冷たい生パスタツナトマト,1134.02,1361,499.0,565876.0
2025-10-21,3,◎レアチーズデニッシュ,1134.02,1361,147.0,166701.0
2025-10-21,3,にゃんともチーズ塩バニラ,1134.02,1361,230.0,260825.0
2025-10-21,3,ザクザクやみつきクランキ,1134.02,1361,198.0,224536.0
2025-10-21,3,増量ロースかつカレー,1134.02,1361,555.0,629381.0
2025-10-21,3,＊Ｆハイキューまんじゅう,1134.02,1361,172.0,195051.0
2025-10-21,3,ペタグーソーダ,1134.02,1361,150.0,170103.0
2025-10-21,3,超急速２ｉｎ１Ｃ＆Ｌ１ｍ,1134.02,1361,2346.0,2660411.0
2025-10-21,3,トマトジュースプレミアム,1134.02,1361,148.0,167835.0
2025-10-21,3,玉子焼＆ハムサンド,1134.02,1361,323.0,366288.0
2025-10-21,3,２種チーズとハムサンド,1134.02,1361,323.0,366288.0
2025-10-21,3,かぶり寿司　甘辛そぼろマ,1134.02,1361,283.0,320928.0
2025-10-21,3,◎増量チョコビスケット,1134.02,1361,139.0,157629.0
2025-10-21,3,マーブル,1134.02,1361,184.0,208660.0
2025-10-21,3,ラーク・１００・ＢＯＸ,1134.02,1361,491.0,556804.0
2025-10-21,3,１９６無糖冷凍みかん３５,1134.02,1361,161.0,182577.0
2025-10-21,3,メビウスワン１００Ｂ１０,1134.02,1361,5273.0,5979687.0
2025-10-21,3,◎ミニメンチカツバーガ３,1134.02,1361,195.0,221134.0
2025-10-21,3,野菜マシマシ冷し中華,1134.02,1361,647.0,733711.0
2025-10-21,3,ミンティアＢＣマイルド,1134.02,1361,210.0,238144.0
2025-10-21,3,塩おむすび,1134.02,1361,129.0,146289.0
2025-10-21,3,ミンティアＢＦピーチ,1134.02,1361,211.0,239278.0
2025-10-21,3,ミンティアＢＦレモン,1134.02,1361,211.0,239278.0
2025-10-21,3,カロリーメイトチョコ,1134.02,1361,220.0,249484.0
2025-10-21,3,カロリーメイト　バニラ,1134.02,1361,220.0,249484.0
2025-10-21,3,ゼロプロテインチョコ,1134.02,1361,198.0,224536.0
2025-10-21,3,カントリーＭマロンケーキ,1134.02,1361,180.0,204124.0
2025-10-21,3,カンロザストロングソーダ,1134.02,1361,200.0,226804.0
2025-10-21,3,◎増量大盛たこ焼き,1134.02,1361,554.0,628247.0
2025-10-21,3,フリクション３スリムＢＫ,1134.02,1361,541.0,613505.0
2025-10-21,3,パイの実,1134.02,1361,237.0,268763.0
2025-10-21,3,ゼログラノーラチョコ,1134.02,1361,198.0,224536.0
2025-10-21,3,ペタグーグレープ,1134.02,1361,150.0,170103.0
2025-10-21,3,ＩＱＯＳｉＯＤバイオレ,1134.02,1361,3619.0,4104018.0
2025-10-21,3,テリアＢトロピカルＭ,1134.02,1361,528.0,598763.0
2025-10-21,3,カレーせんオリジナルスパ,1134.02,1361,138.0,156495.0
2025-10-21,3,花椒香る　麻婆焼そばＤ２,1134.02,1361,554.0,628247.0
2025-10-21,3,ジャパンタイムズ,1134.02,1361,273.0,309587.0
2025-10-21,3,たまごっち　めじるし２,1134.02,1361,300.0,340206.0
2025-10-21,3,ワンピカード　師弟の絆,1134.02,1361,200.0,226804.0
2025-10-21,3,アポロチョコレート,1134.02,1361,184.0,208660.0
2025-10-21,3,テリアＢフューシャＭ,1134.02,1361,528.0,598763.0
2025-10-21,3,勝馬,1134.02,1361,500.0,567010.0
2025-10-21,3,おむすび２個（鮭・昆布）,1134.02,1361,313.0,354948.0
2025-10-21,3,クッキークリームクレープ,1134.02,1361,332.0,376495.0
2025-10-21,3,きのこの山のジクカール,1134.02,1361,263.0,298247.0
2025-10-21,3,アーモンド・ブリーズ微糖,1134.02,1361,128.0,145155.0
2025-10-21,3,チーズあじカカールアーモ,1134.02,1361,230.0,260825.0
2025-10-21,3,◎増量かーるいチーズスナ,1134.02,1361,128.0,145155.0
2025-10-21,3,三ツ矢サイダー５００,1134.02,1361,160.0,181443.0
2025-10-21,3,栄養強化型　１日分の野菜,1134.02,1361,131.0,148557.0
2025-10-21,3,ぶどうきゃん,1134.02,1361,128.0,145155.0
2025-10-21,3,大きなロール焼そばたまご,1134.02,1361,369.0,418453.0
2025-10-21,3,シーザーパスタサラダ,1134.02,1361,389.0,441134.0
2025-10-21,3,納豆細巻寿司（５巻増量）,1134.02,1361,389.0,441134.0
2025-10-21,3,わさび海苔　野沢菜わさび,1134.02,1361,175.0,198454.0
2025-10-21,3,さばほぐしごはん,1134.02,1361,332.0,376495.0
2025-10-21,3,ねるねるねるねゼリー,1134.02,1361,276.0,312990.0
2025-10-21,3,たまごボーロっち２,1134.02,1361,350.0,396907.0
2025-10-21,3,グミだよ。ピーチフラッペ,1134.02,1361,166.0,188247.0
2025-10-21,3,◎３種フルーツとナッツ,1134.02,1361,165.0,187113.0
2025-10-21,3,◎でっかいカレーたまごパ,1134.02,1361,139.0,157629.0
2025-10-21,3,◎チョコバナナロール,1134.02,1361,156.0,176907.0
2025-10-21,3,シゲキックスグレープ,1134.02,1361,120.0,136082.0
2025-10-21,3,天使のグミ甘熟マンゴー味,1134.02,1361,170.0,192783.0
2025-10-21,3,かむかむレモン,1134.02,1361,150.0,170103.0
2025-10-21,3,梨スムージー,1134.02,1361,193.0,218866.0
2025-10-21,3,のむアサイーボウル,1134.02,1361,188.0,213196.0
2025-10-21,3,ミルキーバニラアイス味,1134.02,1361,170.0,192783.0
2025-10-21,3,ウェルチ　マスカットＳＰ,1134.02,1361,160.0,181443.0
2025-10-21,3,ゆず鶏だしミニ塩ラーメン,1134.02,1361,399.0,452474.0
2025-10-21,3,コク旨醤油だれの油そば,1134.02,1361,499.0,565876.0
2025-10-21,3,くりーむメロンパン,1134.02,1361,276.0,312990.0
2025-10-21,3,ネバネバと大根のサラダ,1134.02,1361,297.0,336804.0
2025-10-21,3,麻辣湯,1134.02,1361,248.0,281237.0
2025-10-21,3,ポケピファンワッカネズミ,1134.02,1361,3164.0,3588039.0
2025-10-21,3,シフォンマンゴー＆ピーチ,1134.02,1361,250.0,283505.0
2025-10-21,3,ふわもち生大福　きなこ,1134.02,1361,138.0,156495.0
2025-10-21,3,生クリームパイコロネ,1134.02,1361,204.0,231340.0
2025-10-21,3,コカ・コーラゼロ５００,1134.02,1361,170.0,192783.0
2025-10-21,3,ケント１・１００Ｂ１０Ｐ,1134.02,1361,4728.0,5361647.0
2025-10-21,3,生茶６００,1134.02,1361,158.0,179175.0
2025-10-21,3,アリィージェルＵＶミニ,1134.02,1361,1346.0,1526391.0
2025-10-21,3,ｉｎゼリーＥＮ　ブドウ糖,1134.02,1361,210.0,238144.0
2025-10-21,3,その他１０口座売上,1134.02,1361,228.0,258557.0
2025-10-21,3,優馬,1134.02,1361,591.0,670206.0
2025-10-21,3,◎増量しみチョココーン,1134.02,1361,147.0,166701.0
2025-10-21,3,◎クルーラーリングドー８,1134.02,1361,184.0,208660.0
2025-10-21,3,◎クラウンメロンパン,1134.02,1361,139.0,157629.0
2025-10-21,3,◎つぶあんぱん北海道小豆,1134.02,1361,121.0,137216.0
2025-10-21,3,大きなチーズカレーパン（,1134.02,1361,184.0,208660.0
2025-10-21,3,梅づくしおむすび,1134.02,1361,172.0,195051.0
2025-10-21,3,もち麦　枝豆ゆかり,1134.02,1361,163.0,184845.0
2025-10-21,3,青磯海苔　漬けサーモン,1134.02,1361,199.0,225670.0
2025-10-21,3,三ツ矢　特濃アップル,1134.02,1361,160.0,181443.0
2025-10-21,3,ＧＰｌａｙ１０００,1134.02,1361,1000.0,1134020.0
2025-10-21,3,堅あげ極味玉ねぎ黒胡椒,1134.02,1361,196.0,222268.0
2025-10-21,3,秋味３５０,1134.02,1361,216.0,244948.0
2025-10-21,3,黒チャーハンおむすび,1134.02,1361,175.0,198454.0
2025-10-21,3,トルティーヤケバブチキン,1134.02,1361,369.0,418453.0
2025-10-21,3,ピュアポテト濃いのり塩,1134.02,1361,155.0,175773.0
2025-10-21,3,マシマシ焼もろこしせん,1134.02,1361,148.0,167835.0
2025-10-21,3,増量　天使のチーズケーキ,1134.02,1361,230.0,260825.0
2025-10-21,3,ＩＱＯＳｉＯＳモデル,1134.02,1361,3619.0,4104018.0
2025-10-21,3,ｉｎゼリートリプルＥ,1134.02,1361,210.0,238144.0
2025-10-21,3,ＳＰＡＭむすび　玉子焼き,1134.02,1361,320.0,362886.0
2025-10-21,3,蒸し鶏ラー油ネギ冷うどん,1134.02,1361,499.0,565876.0
2025-10-21,3,大きな具材ミックスサント,1134.02,1361,399.0,452474.0
2025-10-21,3,手巻寿司　梅ゆかり納豆,1134.02,1361,189.0,214330.0
2025-10-21,3,大きいバウムクーヘン,1134.02,1361,221.0,250618.0
2025-10-21,3,パリジャン　ハム＆チーズ,1134.02,1361,350.0,396907.0
2025-10-21,3,大きいフィナンシェ,1134.02,1361,221.0,250618.0
2025-10-21,3,◎メロンクリームパン４,1134.02,1361,156.0,176907.0
2025-10-21,3,サンド寿司　まぐろたたき,1134.02,1361,332.0,376495.0
2025-10-21,3,白いたべっ子おさつバター,1134.02,1361,180.0,204124.0
2025-10-21,3,大きなたまごづくしサンド,1134.02,1361,369.0,418453.0
2025-10-21,3,ウィルキンソンマスカット,1134.02,1361,138.0,156495.0
2025-10-21,3,◎北海道メロンのコロネ,1134.02,1361,135.0,153093.0
2025-10-21,3,ミニプラグ用イヤホン,1134.02,1361,1528.0,1732783.0
2025-10-21,3,マスカットのど飴小袋,1134.02,1361,138.0,156495.0
2025-10-21,3,じゃがりこＬヤンニョム,1134.02,1361,218.0,247216.0
2025-10-21,3,カレーコロッケバ－ガ－（,1134.02,1361,167.0,189381.0
2025-10-21,3,檸檬堂白ぶどうレモン３５,1134.02,1361,160.0,181443.0
2025-10-21,3,増量麻婆豆腐ごはん,1134.02,1361,462.0,523917.0
2025-10-21,3,ファミマ・ザ・ナポリタン,1134.02,1361,406.0,460412.0
2025-10-21,3,フルーチェグミイチゴ,1134.02,1361,184.0,208660.0
2025-10-21,3,ガルボチョコパウチ,1134.02,1361,270.0,306185.0
2025-10-21,3,冷たいパスタチキンバジル,1134.02,1361,499.0,565876.0
2025-10-21,3,ポケピファンポッチャマ,1134.02,1361,3164.0,3588039.0
2025-10-21,3,チキングリル弁当,1134.02,1361,555.0,629381.0
2025-10-21,3,辛口回鍋肉焼そば,1134.02,1361,536.0,607835.0
2025-10-21,3,パステルのプリンマドレー,1134.02,1361,220.0,249484.0
2025-10-21,3,ピュアポテト塩と岩塩,1134.02,1361,155.0,175773.0
2025-10-21,3,いちごミルク,1134.02,1361,269.0,305051.0
2025-10-21,3,甘辛醤油たれ唐揚弁当,1134.02,1361,555.0,629381.0
2025-10-21,3,ワンピカード意志,1134.02,1361,200.0,226804.0
2025-10-21,3,ビオレトラベルセット,1134.02,1361,620.0,703092.0
2025-10-21,3,ノンオイル青じそドレッシ,1134.02,1361,28.0,31753.0
2025-10-21,3,◎プリンみたいなパンケー,1134.02,1361,138.0,156495.0
2025-10-21,3,１９６王林３５０,1134.02,1361,161.0,182577.0
2025-10-21,3,オイコス　プレーン加糖,1134.02,1361,179.0,202990.0
2025-10-21,3,ＩＱＯＳｉＤバイオレット,1134.02,1361,6346.0,7196491.0
2025-10-21,3,柿安監修　牛すきおむすび,1134.02,1361,258.0,292577.0
2025-10-21,3,ＧＩＮＯＮレモン３５０,1134.02,1361,167.0,189381.0
2025-10-21,3,◎ラベルレス天然水安曇箱,1134.02,1361,489.0,554536.0
2025-10-21,3,一番搾り糖質ゼロ３５０,1134.02,1361,216.0,244948.0
2025-10-21,3,オニポテスナック,1134.02,1361,248.0,281237.0
2025-10-21,3,しゃりｉｎグミみかん,1134.02,1361,168.0,190515.0
2025-10-21,3,ググッタＳマスカット味,1134.02,1361,199.0,225670.0
2025-10-21,3,とろみーグミぶどう味,1134.02,1361,184.0,208660.0
2025-10-21,3,果汁グミシチリアレモン,1134.02,1361,152.0,172371.0
2025-10-21,3,◎ベーコン＆チーズデニッ,1134.02,1361,158.0,179175.0
2025-10-21,3,桃マカロン,1134.02,1361,249.0,282371.0
2025-10-21,3,梅蒸し鶏あったかそうめん,1134.02,1361,399.0,452474.0
2025-10-21,3,千里眼　ニンニクまぜそば,1134.02,1361,647.0,733711.0
2025-10-21,3,ナッツフルーツカッサータ,1134.02,1361,258.0,292577.0
2025-10-21,3,ＳＤブラックピンク３５０,1134.02,1361,216.0,244948.0
2025-10-21,3,大きな　鮭マヨと生たらこ,1134.02,1361,276.0,312990.0
2025-10-21,3,クリーミーほうじ茶ラテ,1134.02,1361,181.0,205258.0
2025-10-21,3,ハムカツサンド,1134.02,1361,297.0,336804.0
2025-10-21,3,◎たまご蒸しパン４個入,1134.02,1361,172.0,195051.0
2025-10-21,3,しゃりぷにょ梅グミ,1134.02,1361,170.0,192783.0
2025-10-21,3,もちゅグミ温州みかん味,1134.02,1361,184.0,208660.0
2025-10-21,3,むちもっちバナナグミ,1134.02,1361,180.0,204124.0
2025-10-21,3,プリン！？シュー,1134.02,1361,138.0,156495.0
2025-10-21,3,◎ジュワっとしたチーズ塩,1134.02,1361,139.0,157629.0
2025-10-21,3,たっぷりハムサンド,1134.02,1361,323.0,366288.0
2025-10-21,3,野菜生活マスカット,1134.02,1361,118.0,133814.0
2025-10-21,3,◎たっぷりマロンクリーム,1134.02,1361,147.0,166701.0
2025-10-21,3,◎生スコーン６個入（スイ,1134.02,1361,172.0,195051.0
2025-10-21,3,モンブランのサンダー,1134.02,1361,50.0,56701.0
2025-10-21,3,にじピグチップスうすしお,1134.02,1361,230.0,260825.0
2025-10-21,3,◎バウムクーヘン（４）,1134.02,1361,239.0,271031.0
2025-10-21,3,ブルーベリーサンド,1134.02,1361,195.0,221134.0
2025-10-21,3,ハガキフリー,1134.02,1361,200.0,226804.0
2025-10-21,3,ＢＩＯ　ブルーベリーミッ,1134.02,1361,168.0,190515.0
2025-10-21,3,半熟玉子冷ぶっかけうどん,1134.02,1361,399.0,452474.0
2025-10-21,3,ヴイックスのど飴シトラス,1134.02,1361,238.0,269897.0
2025-10-21,3,多当　　御見舞,1134.02,1361,87.0,98660.0
2025-10-21,3,しゃり蔵ザクザクッラー油,1134.02,1361,120.0,136082.0
2025-10-21,3,赤肉メロンミルク,1134.02,1361,267.0,302783.0
2025-10-21,3,完熟トマトベーコンパスタ,1134.02,1361,536.0,607835.0
2025-10-21,3,ＰＧスイートチリＳ缶,1134.02,1361,168.0,190515.0
2025-10-21,3,唐揚巻（マヨネーズ付）,1134.02,1361,462.0,523917.0
2025-10-21,3,クリーム＆コーヒーゼリー,1134.02,1361,135.0,153093.0
2025-10-21,3,ＵＳＢ－Ｃ電池式６本,1134.02,1361,1800.0,2041236.0
2025-10-21,3,甜面醤の旨ジャージャー麺,1134.02,1361,499.0,565876.0
2025-10-21,3,パリジャンサンドチキンべ,1134.02,1361,350.0,396907.0
2025-10-21,3,ケントＮＳスムースＦ,1134.02,1361,500.0,567010.0
2025-10-21,3,スパイシーチキン野菜サラ,1134.02,1361,554.0,628247.0
2025-10-21,3,充電器５０００ｍＡｈ,1134.02,1361,2982.0,3381648.0
2025-10-21,3,キャラパキ発掘恐竜,1134.02,1361,110.0,124742.0
2025-10-21,3,食べマスおぱんちゅうさぎ,1134.02,1361,350.0,396907.0
2025-10-21,3,海老マヨネーズおむすび,1134.02,1361,239.0,271031.0
2025-10-21,3,さけるグミハロウィン,1134.02,1361,120.0,136082.0
2025-10-21,3,◎シャルドネ香るティー,1134.02,1361,110.0,124742.0
2025-10-21,3,スニッカーズハーフＳアー,1134.02,1361,158.0,179175.0
2025-10-21,3,大きな　肉そぼろ卵黄ソー,1134.02,1361,297.0,336804.0
2025-10-21,3,ヱビス和奏３５０,1134.02,1361,272.0,308453.0
2025-10-21,3,タフグミＰＲＯローヤル,1134.02,1361,359.0,407113.0
2025-10-21,3,ヴァルトメンソールＣＬ,1134.02,1361,528.0,598763.0
2025-10-21,3,グロー・ヒーロ・ルビー,1134.02,1361,3619.0,4104018.0
2025-10-21,3,◎サクサク食感のミニチ５,1134.02,1361,184.0,208660.0
2025-10-21,3,ＧＯＤＩＶＡドリンク,1134.02,1361,397.0,450206.0
2025-10-21,3,伝説のケバブ風味ポテトＣ,1134.02,1361,193.0,218866.0
2025-10-21,3,北海道なまらでっかいシュ,1134.02,1361,315.0,357216.0
2025-10-21,3,クラッシュ蒟蒻畑みかん味,1134.02,1361,183.0,207526.0
2025-10-21,3,ＦＭオリジナル安食ロール,1134.02,1361,369.0,418453.0
2025-10-21,3,レッツハロウィンつぶグミ,1134.02,1361,158.0,179175.0
2025-10-21,3,◎ピリ辛明太フランス（か,1134.02,1361,135.0,153093.0
2025-10-21,3,◎和風ツナパン,1134.02,1361,135.0,153093.0
2025-10-21,3,ハラペーニョチキンチェダ,1134.02,1361,443.0,502371.0
2025-10-21,3,全粒粉サラダチキンとハム,1134.02,1361,369.0,418453.0
2025-10-21,3,◎ピスタチオいちごケーキ,1134.02,1361,230.0,260825.0
2025-10-21,3,焼ベーコン寿司,1134.02,1361,230.0,260825.0
2025-10-21,3,ちいかわ黒猫ミニバッグ,1134.02,1361,1000.0,1134020.0
2025-10-21,3,ごろっと白桃ケーキ,1134.02,1361,297.0,336804.0
2025-10-21,3,さくふわきなこもちぼーる,1134.02,1361,150.0,170103.0
2025-10-21,3,◎白生コッペパン（レアチ,1134.02,1361,153.0,173505.0
2025-10-21,3,秋のフルーツこれ一本,1134.02,1361,118.0,133814.0
2025-10-21,3,◎キャラメルバニラメロン,1134.02,1361,172.0,195051.0
2025-10-21,3,３１マスコットつきグミ２,1134.02,1361,350.0,396907.0
2025-10-21,3,◎ショコラクッキー,1134.02,1361,212.0,240412.0
2025-10-21,3,ピュレグミＰふじりんご,1134.02,1361,180.0,204124.0
2025-10-21,3,たぬきおむすび,1134.02,1361,138.0,156495.0
2025-10-21,3,わた雪みたいなレアチーズ,1134.02,1361,315.0,357216.0
2025-10-21,3,スイートポテトスティック,1134.02,1361,212.0,240412.0
2025-10-21,3,ハリボープリマヴェーラ,1134.02,1361,198.0,224536.0
2025-10-21,3,ザバスミルクキャラメル,1134.02,1361,222.0,251752.0
2025-10-21,3,パーラメントＥＸＬ１００,1134.02,1361,564.0,639587.0
2025-10-21,3,チャーシュー冷しまぜそば,1134.02,1361,599.0,679278.0
2025-10-21,3,氷結無糖ゆずＳＰ３５０,1134.02,1361,168.0,190515.0
2025-10-21,3,スティックモンブラン,1134.02,1361,249.0,282371.0
2025-10-21,3,１９６無糖ピンクＧＦ３５,1134.02,1361,161.0,182577.0
2025-10-21,3,◎アールグレイクロワッサ,1134.02,1361,172.0,195051.0
2025-10-21,3,ラーメン荘　豚ラーメン,1134.02,1361,647.0,733711.0
2025-10-21,3,◎ハムチーズデニッシュ４,1134.02,1361,184.0,208660.0
2025-10-21,3,ヴァルトダークタバコ,1134.02,1361,528.0,598763.0
2025-10-21,3,ヴァルトメロンクリック,1134.02,1361,528.0,598763.0
2025-10-21,3,ドラキュラへんしんグミ,1134.02,1361,350.0,396907.0
2025-10-21,3,わさびいなり寿司,1134.02,1361,178.0,201856.0
2025-10-21,3,ちいかわ花占いグミ,1134.02,1361,230.0,260825.0
2025-10-21,3,ねぎ塩チキン醤油まぶし飯,1134.02,1361,555.0,629381.0
2025-10-21,3,紫いもミルクティー,1134.02,1361,190.0,215464.0
2025-10-21,3,ＢＳラーメン柿の種ミック,1134.02,1361,110.0,124742.0
2025-10-21,3,焼まろん,1134.02,1361,215.0,243814.0
2025-10-21,3,ウィルキンソンＥＸ　ＧＦ,1134.02,1361,117.0,132680.0
2025-10-21,3,ミンティア瀬戸田レモン,1134.02,1361,105.0,119072.0
2025-10-21,3,北海道リッチミルクプリン,1134.02,1361,399.0,452474.0
2025-10-21,3,焼ほし芋,1134.02,1361,195.0,221134.0
2025-10-21,3,冷しすだちおろしうどん,1134.02,1361,510.0,578350.0
2025-10-21,3,テリヤキチキンのサラダ,1134.02,1361,397.0,450206.0
2025-10-21,3,和牛カラムーチョわさび,1134.02,1361,155.0,175773.0
2025-10-21,3,きのことベーコンのドリア,1134.02,1361,526.0,596495.0
2025-10-21,3,ｂｉｔｌｏｔガンダム,1134.02,1361,680.0,771134.0
2025-10-21,3,ポケカメガゲンガーｅｘ,1134.02,1361,1637.0,1856391.0
2025-10-21,3,ポケカメガディアンシー,1134.02,1361,1637.0,1856391.0
2025-10-21,3,◎トマトコンソメスープ,1134.02,1361,350.0,396907.0
2025-10-21,3,◎４種きのこクリームスー,1134.02,1361,426.0,483093.0
2025-10-21,3,Ａｐｐｌｅチャージ,1134.02,1361,10500.0,11907210.0
2025-10-21,3,ＨＷ変顔キャンディ,1134.02,1361,400.0,453608.0
2025-10-21,3,週末版ジャパンタイムズ,1134.02,1361,364.0,412783.0
2025-10-21,3,魚ギョッと釣りグミ,1134.02,1361,70.0,79381.0
2025-10-21,3,じゃりむちグミピーチＳ,1134.02,1361,175.0,198454.0
2025-10-21,3,スターバックス　ブラック,1134.02,1361,168.0,190515.0
2025-10-21,3,フリスクＦＦみかん,1134.02,1361,278.0,315258.0
2025-10-21,3,アップルパンチ３５０,1134.02,1361,161.0,182577.0
2025-10-21,3,山ちゃん監修　海老天むす,1134.02,1361,276.0,312990.0
2025-10-21,3,スヌーピークッキーサンド,1134.02,1361,369.0,418453.0
2025-10-21,3,◎塩バターケーキタルト,1134.02,1361,147.0,166701.0
2025-10-21,3,ＳＰＡＭ　玉子焼き明太子,1134.02,1361,369.0,418453.0
2025-10-21,3,ヴァルトＩメンソールＣＬ,1134.02,1361,528.0,598763.0
2025-10-21,3,スターバックスカフェラテ,1134.02,1361,178.0,201856.0
2025-10-21,3,グローＨＧブラック,1134.02,1361,1346.0,1526391.0
2025-10-21,3,ガイコツグミグレープ味,1134.02,1361,230.0,260825.0
2025-10-21,3,モンストロマーブルガム,1134.02,1361,100.0,113402.0
2025-10-21,3,ぷっちょ袋ＨＷアソート,1134.02,1361,210.0,238144.0
2025-10-21,3,宇都宮線・高崎線チップス,1134.02,1361,156.0,176907.0
2025-10-21,3,つくねおむすび,1134.02,1361,276.0,312990.0
2025-10-21,3,ヴァルトＩベリークリック,1134.02,1361,528.0,598763.0
2025-10-21,3,おーいお茶濃茶ストロング,1134.02,1361,158.0,179175.0
2025-10-21,3,ちぎれるブリオッシュパン,1134.02,1361,147.0,166701.0
2025-10-21,3,鮭金ごまおむすび,1134.02,1361,139.0,157629.0
2025-10-21,3,ピュレグミラ・フランス,1134.02,1361,150.0,170103.0
2025-10-21,3,チュッパサワーバイトグミ,1134.02,1361,158.0,179175.0
2025-10-21,3,味付海苔　ベーコンマヨ,1134.02,1361,184.0,208660.0
2025-10-21,3,バナナカスタードブリュレ,1134.02,1361,350.0,396907.0
2025-10-21,3,◎生コッペパン（オムナポ,1134.02,1361,184.0,208660.0
2025-10-21,3,◎伊右衛門　濃い緑茶,1134.02,1361,121.0,137216.0
2025-10-21,3,チョコクリームたい焼き,1134.02,1361,176.0,199588.0
2025-10-21,3,専スヌーピーチョコドーナ,1134.02,1361,156.0,176907.0
2025-10-21,3,ヴァルトベリークリック,1134.02,1361,528.0,598763.0
2025-10-21,3,鶏天うどん,1134.02,1361,599.0,679278.0
2025-10-21,3,チキンカツサンド,1134.02,1361,399.0,452474.0
2025-10-21,3,ルーシーのレモネード,1134.02,1361,184.0,208660.0
2025-10-21,3,ブルガリアＹＯさくらんぼ,1134.02,1361,195.0,221134.0
2025-10-21,3,たべっ子ラムネみかん,1134.02,1361,150.0,170103.0
2025-10-21,3,さつまりこ焼きいも,1134.02,1361,185.0,209794.0
2025-10-21,3,◎焦がしバターのクロワッ,1134.02,1361,121.0,137216.0
2025-10-21,3,モッチ生ドーナツ生チョコ,1134.02,1361,184.0,208660.0
2025-10-21,3,カンデミーナＳＰベスト,1134.02,1361,200.0,226804.0
2025-10-21,3,ＦチャーリーＢロール,1134.02,1361,165.0,187113.0
2025-10-21,3,ルックア・ラ・モード,1134.02,1361,200.0,226804.0
2025-10-21,3,ルックホワイトラバーズ,1134.02,1361,200.0,226804.0
2025-10-21,3,くりーむパン　和栗,1134.02,1361,269.0,305051.0
2025-10-21,3,Ｐルックシャインマスカッ,1134.02,1361,270.0,306185.0
2025-10-21,3,海老とブロッコリーロール,1134.02,1361,369.0,418453.0
2025-10-21,3,かぶり寿司　旨辛唐揚げ巻,1134.02,1361,283.0,320928.0
2025-10-21,3,Ｐルック生キャラメル,1134.02,1361,270.0,306185.0
2025-10-21,3,来来亭監修　冷し中華,1134.02,1361,554.0,628247.0
2025-10-21,3,野菜生活Ｓアサイーバナナ,1134.02,1361,178.0,201856.0
2025-10-21,3,ポテトＣ感謝のほたてしお,1134.02,1361,157.0,178041.0
2025-10-21,3,ぷっちょＳＴ有田みかん,1134.02,1361,118.0,133814.0
2025-10-21,3,ａｍｉ活ゼリーピングレ味,1134.02,1361,210.0,238144.0
2025-10-21,3,ベーコンとレタスのサラダ,1134.02,1361,332.0,376495.0
2025-10-21,3,カカオ味わうショコララテ,1134.02,1361,230.0,260825.0
2025-10-21,3,スッパイマンちいかわ一番,1134.02,1361,200.0,226804.0
2025-10-21,3,天津あんかけ焼そば,1134.02,1361,554.0,628247.0
2025-10-21,3,ヴァルトミントクリック,1134.02,1361,528.0,598763.0
2025-10-21,3,生パスタ　カルボナーラ,1134.02,1361,499.0,565876.0
2025-10-21,3,プルームオーラＪブラック,1134.02,1361,2710.0,3073194.0
2025-10-21,3,帆立と鰹の昆布水つけ麺,1134.02,1361,600.0,680412.0
2025-10-21,3,秋のフルーツスムージー,1134.02,1361,193.0,218866.0
2025-10-21,3,Ｗ・Ｃホワイト５・１０Ｐ,1134.02,1361,4910.0,5568038.0
2025-10-21,3,ＧＰｌａｙ１００００,1134.02,1361,10000.0,11340200.0
2025-10-21,3,白身フライごはん,1134.02,1361,276.0,312990.0
2025-10-21,3,カルピス　Ｐグレープ,1134.02,1361,170.0,192783.0
2025-10-21,3,◎なすトマトソースグラタ,1134.02,1361,508.0,576082.0
2025-10-21,3,０１：ＢＥ：ＦＩＲＳＴ,1134.02,1361,0.0,0.0
2025-10-21,3,コミック乱ツインズ,1134.02,1361,528.0,598763.0
2025-10-21,3,いなり寿司５ヶ入,1134.02,1361,443.0,502371.0
2025-10-21,3,◎根菜入つくね和風スープ,1134.02,1361,406.0,460412.0
2025-10-21,3,もち明太チーズドリア,1134.02,1361,491.0,556804.0
2025-10-21,3,シングルモルト山崎１８０,1134.02,1361,1950.0,2211339.0
2025-10-21,3,グミチョコボールぶどう味,1134.02,1361,199.0,225670.0
2025-10-21,3,Ｈ綾鷹,1134.02,1361,128.0,145155.0
2025-10-21,3,Ｈ伊右衛門５００,1134.02,1361,138.0,156495.0
2025-10-21,3,堅あげポテト鬼旨ブラック,1134.02,1361,190.0,215464.0
2025-10-21,3,三陸産わかめおむすび,1134.02,1361,139.0,157629.0
2025-10-21,3,大きな　チキンとタルタル,1134.02,1361,304.0,344742.0
2025-10-21,3,サンドおむすび炙り焼チキ,1134.02,1361,352.0,399175.0
2025-10-21,3,ベースブレッドさつまいも,1134.02,1361,260.0,294845.0
2025-10-21,3,伊右衛門　京都サイダー,1134.02,1361,158.0,179175.0
2025-10-21,3,紅はるかのスイートポテト,1134.02,1361,264.0,299381.0
2025-10-21,3,スイートポテトロール,1134.02,1361,276.0,312990.0
2025-10-21,3,◎どかっと満足パン（ベー,1134.02,1361,230.0,260825.0
2025-10-21,3,掘って発見スイートポテト,1134.02,1361,341.0,386701.0
2025-10-21,3,メントスＤＵＯブラッドオ,1134.02,1361,163.0,184845.0
2025-10-21,3,カジッテミカン＆レモン,1134.02,1361,228.0,258557.0
2025-10-21,3,大盛！野菜スティック,1134.02,1361,369.0,418453.0
2025-10-21,3,スーパー大麦　梅ひじき,1134.02,1361,175.0,198454.0
2025-10-21,3,野菜生活北海道メロン,1134.02,1361,138.0,156495.0
2025-10-21,3,おーいお茶濃い茶１Ｌ,1134.02,1361,176.0,199588.0
2025-10-21,3,カジッテグレープ＆マスカ,1134.02,1361,228.0,258557.0
2025-10-21,3,生パスタ海老トマトクリム,1134.02,1361,508.0,576082.0
2025-10-21,3,◎スイートポテトタルトデ,1134.02,1361,158.0,179175.0
2025-10-21,3,青磯海苔　まぐろたたき,1134.02,1361,199.0,225670.0
2025-10-21,3,◎スイートポテト蒸しケ４,1134.02,1361,176.0,199588.0
2025-10-21,3,まいたけおこわ,1134.02,1361,185.0,209794.0
2025-10-21,3,◎どかっとパン（テリマヨ,1134.02,1361,135.0,153093.0
2025-10-21,3,鎌倉コロッケサンド,1134.02,1361,297.0,336804.0
2025-10-21,3,◎生フランスパン（おいも,1134.02,1361,156.0,176907.0
2025-10-21,3,◎おいものパウンドケーキ,1134.02,1361,167.0,189381.0
2025-10-21,3,ワイルドターキーＨＢ３５,1134.02,1361,238.0,269897.0
2025-10-21,3,サラダチキンのサラダ,1134.02,1361,239.0,271031.0
2025-10-21,3,ハムチーズとツナサンド,1134.02,1361,323.0,366288.0
2025-10-21,3,◎はちみつすいーとぽてと,1134.02,1361,176.0,199588.0
2025-10-21,3,ロリポップＣちいかわ黒猫,1134.02,1361,300.0,340206.0
2025-10-21,3,◎おいものマドレーヌ,1134.02,1361,167.0,189381.0
2025-10-21,3,シャンゴ監修　ベスビオ,1134.02,1361,582.0,660000.0
2025-10-21,3,ポケカ拡張　ロケット団,1134.02,1361,164.0,185979.0
2025-10-21,3,手巻寿司　３種のねばねば,1134.02,1361,190.0,215464.0
2025-10-21,3,グミチョコボール苺,1134.02,1361,199.0,225670.0
2025-10-21,3,増量３色そぼろ＆チキン南,1134.02,1361,580.0,657732.0
2025-10-21,3,◎紅はるかのおいもチップ,1134.02,1361,198.0,224536.0
2025-10-21,3,お手軽！冷しぶっかけそば,1134.02,1361,276.0,312990.0
2025-10-21,3,極上はちみつ紅茶Ｃ小袋,1134.02,1361,125.0,141752.0
2025-10-21,3,福かまど　べこ餅,1134.02,1361,165.0,187113.0
2025-10-21,3,ねぎたっぷり！豚肉そば,1134.02,1361,554.0,628247.0
2025-10-21,3,ヱビスビール３５０,1134.02,1361,254.0,288041.0
2025-10-21,3,Ｃ玄米プラス　アーモンド,1134.02,1361,180.0,204124.0
2025-10-21,3,お月見タルト　カスタード,1134.02,1361,276.0,312990.0
2025-10-21,3,爽健美茶　６００,1134.02,1361,158.0,179175.0
2025-10-21,3,鳴門金時ラテ,1134.02,1361,267.0,302783.0
2025-10-21,3,ｉｎゼリーＶカロリーゼロ,1134.02,1361,210.0,238144.0
2025-10-21,3,ヘパリーゼＷハイパー,1134.02,1361,380.0,430928.0
2025-10-21,3,増量特製ダレの炙り焼牛カ,1134.02,1361,625.0,708762.0
2025-10-21,3,増量明太海苔弁当,1134.02,1361,555.0,629381.0
2025-10-21,3,ヤクルトＹ１０００,1134.02,1361,150.0,170103.0
2025-10-21,3,クラッシュ蒟蒻畑ぶどう味,1134.02,1361,183.0,207526.0
2025-10-21,3,ブルガリアＹＯブルーベ,1134.02,1361,168.0,190515.0
2025-10-21,3,ビューティチャージハニー,1134.02,1361,548.0,621443.0
2025-10-21,3,ミックスアイスプラス,1134.02,1361,464.0,526185.0
2025-10-21,3,ＡｐｐｌｅＧＣ＿１万,1134.02,1361,10000.0,11340200.0
2025-10-21,3,馬サブロー,1134.02,1361,500.0,567010.0
2025-10-21,3,コロロ二十世紀梨,1134.02,1361,148.0,167835.0
2025-10-21,3,海老とあさりのスパゲティ,1134.02,1361,499.0,565876.0
2025-10-21,3,ライフガード５００,1134.02,1361,150.0,170103.0
2025-10-21,3,ブロックロス　ユニコーン,1134.02,1361,1700.0,1927834.0
2025-10-21,3,Ｈジョージア　カフェラテ,1134.02,1361,148.0,167835.0
2025-10-21,3,サッポロラガービール３５,1134.02,1361,216.0,244948.0
2025-10-21,3,手巻　チャーシューマヨ,1134.02,1361,185.0,209794.0
2025-10-21,3,大きなおむすび　鮭昆布,1134.02,1361,239.0,271031.0
2025-10-21,3,だし醤油まぶし飯海苔佃煮,1134.02,1361,156.0,176907.0
2025-10-21,3,忍者めし鉄の鎧グレープ味,1134.02,1361,160.0,181443.0
2025-10-21,3,ＢＳラーメン丸銀だこ,1134.02,1361,160.0,181443.0
2025-10-21,3,フェットチーネマスカット,1134.02,1361,112.0,127010.0
2025-10-21,3,ラインＳ２５秋の色黒小,1134.02,1361,390.0,442268.0
2025-10-21,3,ミルクブッセ,1134.02,1361,93.0,105464.0
2025-10-21,3,コーヒーブッセ,1134.02,1361,93.0,105464.0
2025-10-21,3,Ｈ伊右衛門焙じ茶,1134.02,1361,138.0,156495.0
2025-10-21,3,Ｈジョージア　ブラック,1134.02,1361,138.0,156495.0
2025-10-21,3,カフェオレクリームサンド,1134.02,1361,121.0,137216.0
2025-10-21,3,キレートレモンクエン酸,1134.02,1361,175.0,198454.0
2025-10-21,3,チョコパイとろ甘キャラメ,1134.02,1361,138.0,156495.0
2025-10-21,3,午後フルーツティ白ぶどう,1134.02,1361,158.0,179175.0
2025-10-21,3,午後フルーツティオレンジ,1134.02,1361,158.0,179175.0
2025-10-21,3,チョコパイほろ苦ダークカ,1134.02,1361,138.0,156495.0
2025-10-21,3,ガルボほろにがブラックＰ,1134.02,1361,175.0,198454.0
2025-10-21,3,スイートポテト＆ホイップ,1134.02,1361,348.0,394639.0
2025-10-21,3,白玉入りお芋のどら焼き,1134.02,1361,195.0,221134.0
2025-10-21,3,ピザサンド　さつまいも,1134.02,1361,306.0,347010.0
2025-10-21,3,カフェラッテクリーミーラ,1134.02,1361,181.0,205258.0
2025-10-21,3,ふわしゅわショコラスフレ,1134.02,1361,258.0,292577.0
2025-10-21,3,◎クロワッサンワッフル,1134.02,1361,167.0,189381.0
2025-10-21,3,ジャックジンジャーＨＢ３,1134.02,1361,210.0,238144.0
2025-10-21,3,たまご＆海老ブロサンド,1134.02,1361,348.0,394639.0
2025-10-21,3,◎チーズインてりやきバー,1134.02,1361,184.0,208660.0
2025-10-21,3,のむココナッツ杏仁,1134.02,1361,276.0,312990.0
2025-10-21,3,たまごっち　まんまる焼き,1134.02,1361,232.0,263093.0
2025-10-21,3,大粒ラムネ濃い果実ぶどう,1134.02,1361,133.0,150825.0
2025-10-21,3,ブロックロスジークアクス,1134.02,1361,1700.0,1927834.0
2025-10-21,3,サンド寿司サーモンチーズ,1134.02,1361,332.0,376495.0
2025-10-21,3,ダースミルク,1134.02,1361,191.0,216598.0
2025-10-21,3,ショコラキャラメルタルト,1134.02,1361,230.0,260825.0
2025-10-21,3,大きなつくねの醤油パスタ,1134.02,1361,510.0,578350.0
2025-10-21,3,コーンのバター醤油パスタ,1134.02,1361,426.0,483093.0
2025-10-21,3,◎グリルＣヨシダテリヤキ,1134.02,1361,232.0,263093.0
2025-10-21,3,スプバレ豊潤ラガー３５０,1134.02,1361,245.0,277835.0
2025-10-21,3,ハリボーハッピーグレープ,1134.02,1361,198.0,224536.0
2025-10-21,3,野菜を食べよう　タンメン,1134.02,1361,554.0,628247.0
2025-10-21,3,たべっ子グミグレープ＆マ,1134.02,1361,200.0,226804.0
2025-10-21,3,バヤリース果実のど飴,1134.02,1361,220.0,249484.0
2025-10-21,3,豚焼肉弁当（マヨネーズ付,1134.02,1361,499.0,565876.0
2025-10-21,3,ｈａｎａキンモクセイ,1134.02,1361,698.0,791546.0
2025-10-21,3,ちいかわひやキャラ,1134.02,1361,280.0,317526.0
2025-10-21,3,４Ｄグミサンリオキャラ,1134.02,1361,180.0,204124.0
2025-10-21,3,オイコス　ピーチ,1134.02,1361,189.0,214330.0
2025-10-21,3,サンリオグミチュアチャー,1134.02,1361,350.0,396907.0
2025-10-21,3,ブラックサンダー至福のバ,1134.02,1361,60.0,68041.0
2025-10-21,3,その他４口座売上,1134.02,1361,164.0,185979.0
2025-10-21,3,１日分Ｖゼリーピーチ,1134.02,1361,218.0,247216.0
2025-10-21,3,うるおいトラベルセット,1134.02,1361,1680.0,1905154.0
2025-10-21,3,ポップアップス！ハチワレ,1134.02,1361,390.0,442268.0
2025-10-21,3,ポップアップス！うさぎ,1134.02,1361,390.0,442268.0
2025-10-21,3,コロロ巨峰,1134.02,1361,148.0,167835.0
2025-10-21,3,◎ロングデニッシュ（バタ,1134.02,1361,121.0,137216.0
2025-10-21,3,麻辣湯（はるさめ麺）,1134.02,1361,554.0,628247.0
2025-10-21,3,◎ふくちゃん豚骨どんぶり,1134.02,1361,297.0,336804.0
2025-10-21,3,ポケカ拡張インフェルノ,1134.02,1361,164.0,185979.0
2025-10-21,3,５種チーズのドリア,1134.02,1361,499.0,565876.0
2025-10-21,3,新金封　結ちどり,1134.02,1361,500.0,567010.0
2025-10-21,3,チップスターＳバター味,1134.02,1361,158.0,179175.0
2025-10-21,3,レンジかき揚げそば,1134.02,1361,462.0,523917.0
2025-10-21,3,モッチュＳマスカット,1134.02,1361,148.0,167835.0
2025-10-21,3,まるごと和なしのど飴小袋,1134.02,1361,128.0,145155.0
2025-10-21,3,ガルボ紫いもＰＫＰ,1134.02,1361,175.0,198454.0
2025-10-21,3,クランキーＰＪストロベリ,1134.02,1361,175.0,198454.0
2025-10-21,3,漬けぶりおむすび,1134.02,1361,249.0,282371.0
2025-10-21,3,ライオンコーヒーブラック,1134.02,1361,168.0,190515.0
2025-10-21,3,ライオンコーヒカフェオレ,1134.02,1361,178.0,201856.0
2025-10-21,3,◎芋きんつば,1134.02,1361,184.0,208660.0
2025-10-21,3,たっぷりコーンマヨネーズ,1134.02,1361,297.0,336804.0
2025-10-21,3,◎肉たっぷり７種具材豚汁,1134.02,1361,369.0,418453.0
2025-10-21,3,Ｐガーナトリュフキャラメ,1134.02,1361,325.0,368556.0
2025-10-21,3,マミー風味シュークリーム,1134.02,1361,167.0,189381.0
2025-10-21,3,背徳　月見台湾風まぜそば,1134.02,1361,647.0,733711.0
2025-10-21,3,メキシカンチキン雑穀,1134.02,1361,462.0,523917.0
2025-10-21,3,森永れん乳風味クレープ,1134.02,1361,239.0,271031.0
2025-10-21,3,◎ふわもち食感のメープル,1134.02,1361,135.0,153093.0
2025-10-21,3,ライトニング電池充電器,1134.02,1361,2164.0,2454019.0
2025-10-21,3,大きな　月見おむすびマヨ,1134.02,1361,304.0,344742.0
2025-10-21,3,あなご寿司,1134.02,1361,255.0,289175.0
2025-10-21,3,とろ生おいもチーズケーキ,1134.02,1361,230.0,260825.0
2025-10-21,3,きつねおむすび,1134.02,1361,147.0,166701.0
2025-10-21,3,チキンチェダーたまご,1134.02,1361,452.0,512577.0
2025-10-21,3,◎ミニベーコンピザパン４,1134.02,1361,212.0,240412.0
2025-10-21,3,◎ミルクツイスト３本入,1134.02,1361,144.0,163299.0
2025-10-21,3,◎ルイボスティー６００,1134.02,1361,110.0,124742.0
2025-10-21,3,野菜生活青森りんご,1134.02,1361,118.0,133814.0
2025-10-21,3,専おかず全部乗せ！お弁当,1134.02,1361,323.0,366288.0
2025-10-21,3,１９６無糖３種の果実３５,1134.02,1361,161.0,182577.0
2025-10-21,3,◎生コッペパン（モンブラ,1134.02,1361,135.0,153093.0
2025-10-21,3,月見うさぎ,1134.02,1361,90.0,102062.0
2025-10-21,3,◎芋あん豆大福,1134.02,1361,165.0,187113.0
2025-10-21,3,エナジーの塊,1134.02,1361,199.0,225670.0
2025-10-21,3,ちいかわチャームグミ,1134.02,1361,380.0,430928.0
2025-10-21,3,◎ロングスティックパン（,1134.02,1361,158.0,179175.0
2025-10-21,3,いちごドーナツ棒１本,1134.02,1361,74.0,83917.0
2025-10-21,3,マカダミアチョコ沖縄黒糖,1134.02,1361,333.0,377629.0
2025-10-21,3,カフェラッテ,1134.02,1361,181.0,205258.0
2025-10-21,3,グミっちょ夕張メロン,1134.02,1361,238.0,269897.0
2025-10-21,3,◎ボロネーゼ風ラザニア,1134.02,1361,369.0,418453.0
2025-10-21,3,ガパオまぜごはん,1134.02,1361,163.0,184845.0
2025-10-21,3,今治ＴＨ斜ＳＴ　Ｔ紺,1134.02,1361,600.0,680412.0
2025-10-21,3,ＳＤドライクリスタル３５,1134.02,1361,216.0,244948.0
2025-10-21,3,◎ふわふわアソートリン４,1134.02,1361,193.0,218866.0
2025-10-21,3,月見チーズバーガー,1134.02,1361,399.0,452474.0
2025-10-21,3,厚切りロースカツサンド,1134.02,1361,426.0,483093.0
2025-10-21,3,きのこの山ポケットパック,1134.02,1361,161.0,182577.0
2025-10-21,3,暴君ハバネロ１５０粒ハバ,1134.02,1361,176.0,199588.0
2025-10-21,3,Ｈ午後の紅茶ミルクティー,1134.02,1361,159.0,180309.0
2025-10-21,3,たけのこの里ＰＫＰ,1134.02,1361,161.0,182577.0
2025-10-21,4,しらすおむすび,1134.02,1361,165.0,187113.0
2025-10-21,4,Ｍアーモンドチョコレート,1134.02,1361,305.0,345876.0
2025-10-21,4,龍角散ののどすっきりタブ,1134.02,1361,200.0,226804.0
2025-10-21,4,忍者めし鋼グレープ味,1134.02,1361,148.0,167835.0
2025-10-21,4,◎もちもちくるみパン,1134.02,1361,128.0,145155.0
2025-10-21,4,ｉｎゼリーエネルギー,1134.02,1361,210.0,238144.0
2025-10-21,4,◎白生クロワッサン（ダブ,1134.02,1361,156.0,176907.0
2025-10-21,4,モンスター　リッパー,1134.02,1361,213.0,241546.0
2025-10-21,4,◎レモン香るティーソーダ,1134.02,1361,130.0,147423.0
2025-10-21,4,カルピス　ひんやりライチ,1134.02,1361,160.0,181443.0
2025-10-21,4,カルピスウォーター５００,1134.02,1361,160.0,181443.0
2025-10-21,4,トロピカーナアップル,1134.02,1361,120.0,136082.0
2025-10-21,4,ミンティアＢカルピス,1134.02,1361,211.0,239278.0
2025-10-21,4,◎ボディＰレモンミント,1134.02,1361,350.0,396907.0
2025-10-21,4,薬用リップスティック,1134.02,1361,299.0,339072.0
2025-10-21,4,さらさらシートクール,1134.02,1361,295.0,334536.0
2025-10-21,4,◎のむＹＧアサイーボウル,1134.02,1361,184.0,208660.0
2025-10-21,4,Ｚｅｒｏシート携帯,1134.02,1361,328.0,371959.0
2025-10-21,4,レッドブルエナジー２５０,1134.02,1361,198.0,224536.0
2025-10-21,4,ペパーミント１００ＭＬ,1134.02,1361,200.0,226804.0
2025-10-21,4,ヘアリングゴム黒,1134.02,1361,200.0,226804.0
2025-10-21,4,１日分鉄分のむヨーグルト,1134.02,1361,145.0,164433.0
2025-10-21,4,ザバスミルクココア風味,1134.02,1361,181.0,205258.0
2025-10-21,4,イーラインマスクベージュ,1134.02,1361,299.0,339072.0
2025-10-21,4,ブルガリアＹＯ　苺,1134.02,1361,158.0,179175.0
2025-10-21,4,◎カフェラテレギュラー,1134.02,1361,181.0,205258.0
2025-10-21,4,金のミルクキャンディ,1134.02,1361,221.0,250618.0
2025-10-21,4,ミンティアＢリフレッシュ,1134.02,1361,211.0,239278.0
2025-10-21,4,邪払のど飴,1134.02,1361,258.0,292577.0
2025-10-21,4,◎生コッペパン（たまご）,1134.02,1361,128.0,145155.0
2025-10-21,4,キレートクエン酸ゼリー,1134.02,1361,210.0,238144.0
2025-10-21,4,◎もっち歩き（チョコ）,1134.02,1361,125.0,141752.0
2025-10-21,4,ミンティアワイルド＆クー,1134.02,1361,105.0,119072.0
2025-10-21,4,アーモンドＣ香ばしＰＪ,1134.02,1361,175.0,198454.0
2025-10-21,4,ミンティアＢクリスタル,1134.02,1361,211.0,239278.0
2025-10-21,4,ブラックＴひとくちサイズ,1134.02,1361,120.0,136082.0
2025-10-21,4,ジャムグミいちご,1134.02,1361,182.0,206392.0
2025-10-21,4,ぷにキャラグミちいかわ,1134.02,1361,218.0,247216.0
2025-10-21,4,ソルベットグミ白桃味,1134.02,1361,140.0,158763.0
2025-10-21,4,つぶグミカタイソーダ,1134.02,1361,168.0,190515.0
2025-10-21,4,たべっ子グミパイナップル,1134.02,1361,200.0,226804.0
2025-10-21,4,おとうふくんグミ,1134.02,1361,161.0,182577.0
2025-10-21,4,あの日夢見た雲グミ,1134.02,1361,171.0,193917.0
2025-10-21,4,ピュレグミなつももソーダ,1134.02,1361,150.0,170103.0
2025-10-21,4,ポケぷに,1134.02,1361,218.0,247216.0
2025-10-21,4,龍角散のど飴ｍａｘＳＴ,1134.02,1361,160.0,181443.0
2025-10-21,4,忍者めし巨峰,1134.02,1361,125.0,141752.0
2025-10-21,4,即攻元気ゼリー,1134.02,1361,204.0,231340.0
2025-10-21,4,龍角散のど飴スティック,1134.02,1361,140.0,158763.0
2025-10-21,4,のど飴,1134.02,1361,124.0,140618.0
2025-10-21,4,忍者めし鋼マスカット味,1134.02,1361,148.0,167835.0
2025-10-21,4,◎ドライマンゴー,1134.02,1361,276.0,312990.0
2025-10-21,4,◎カリカリ梅無着色小袋,1134.02,1361,184.0,208660.0
2025-10-21,4,大粒ラムネ,1134.02,1361,133.0,150825.0
2025-10-21,4,牛乳パン,1134.02,1361,230.0,260825.0
2025-10-21,4,１本満足プロテイン　ＷＴ,1134.02,1361,171.0,193917.0
2025-10-21,4,シルキータッチ大きめ,1134.02,1361,398.0,451340.0
2025-10-21,4,スマートカラーグレー,1134.02,1361,566.0,641855.0
2025-10-21,4,◎しっとりやわらか食パ６,1134.02,1361,158.0,179175.0
2025-10-21,4,◎ファミマ・ザ・クリーム,1134.02,1361,128.0,145155.0
2025-10-21,4,たまごサンド,1134.02,1361,265.0,300515.0
2025-10-21,4,具だくさん！チキン南蛮,1134.02,1361,221.0,250618.0
2025-10-21,4,具だくさん！チャーシュー,1134.02,1361,215.0,243814.0
2025-10-21,4,キャメＭマスカットＰＬ,1134.02,1361,455.0,515979.0
2025-10-21,4,◎ソフトなチーズクリーム,1134.02,1361,135.0,153093.0
2025-10-21,4,キャメＭベリープルーム,1134.02,1361,455.0,515979.0
2025-10-21,4,◎バタークロワッサンメロ,1134.02,1361,147.0,166701.0
2025-10-21,4,キャメＭコールドプルーム,1134.02,1361,455.0,515979.0
2025-10-21,4,◎チョコチップスナック６,1134.02,1361,135.0,153093.0
2025-10-21,4,◎ファミマ・ザ・メロンパ,1134.02,1361,128.0,145155.0
2025-10-21,4,ラーククラシックＭ,1134.02,1361,491.0,556804.0
2025-10-21,4,ラッキーＥＸカット１４,1134.02,1361,428.0,485361.0
2025-10-21,4,ラッキーＢチルベリー８,1134.02,1361,428.0,485361.0
2025-10-21,4,◎生コッペパン（コロッケ,1134.02,1361,167.0,189381.0
2025-10-21,4,ラッキーストライク,1134.02,1361,564.0,639587.0
2025-10-21,4,◎生コッペパン（焼きそば,1134.02,1361,167.0,189381.0
2025-10-21,4,ラッキーシガリロＳライト,1134.02,1361,428.0,485361.0
2025-10-21,4,◎白生コッペパン（トリプ,1134.02,1361,147.0,166701.0
2025-10-21,4,◎ひと口もち食感チーズ（,1134.02,1361,149.0,168969.0
2025-10-21,4,マルボロ・メン８Ｂ,1134.02,1361,546.0,619175.0
2025-10-21,4,◎もっちパン（ミート＆チ,1134.02,1361,121.0,137216.0
2025-10-21,4,◎お肉たっぷりメンチカツ,1134.02,1361,184.0,208660.0
2025-10-21,4,◎天然水新潟県津南６００,1134.02,1361,110.0,124742.0
2025-10-21,4,◎ミニクリームパン５個入,1134.02,1361,149.0,168969.0
2025-10-21,4,◎ジャスミン茶６００,1134.02,1361,110.0,124742.0
2025-10-21,4,クリームたい焼きカスター,1134.02,1361,165.0,187113.0
2025-10-21,4,アスティーグ肌　Ｍ,1134.02,1361,600.0,680412.0
2025-10-21,4,◎のむヨーグルトプレーン,1134.02,1361,149.0,168969.0
2025-10-21,4,ルーロー飯おむすび,1134.02,1361,194.0,220000.0
2025-10-21,4,グリーンダカラ,1134.02,1361,141.0,159897.0
2025-10-21,4,ウィルキンソン　タンサン,1134.02,1361,112.0,127010.0
2025-10-21,4,チョコラＢＢハイパー,1134.02,1361,380.0,430928.0
2025-10-21,4,◎発酵バター香るチョコク,1134.02,1361,147.0,166701.0
2025-10-21,4,◎ダブルチョコデニッシュ,1134.02,1361,128.0,145155.0
2025-10-21,4,ウコンの力ドリンク,1134.02,1361,191.0,216598.0
2025-10-21,4,リポビタンＤ,1134.02,1361,164.0,185979.0
2025-10-21,4,◎ゴロゴロチョコのクッキ,1134.02,1361,138.0,156495.0
2025-10-21,4,ジョージア　カフェモカ,1134.02,1361,168.0,190515.0
2025-10-21,4,ジョージア　カフェラテ,1134.02,1361,159.0,180309.0
2025-10-21,4,◎しっとりケーキ（チョコ,1134.02,1361,135.0,153093.0
2025-10-21,4,ジョージア　ブラック,1134.02,1361,149.0,168969.0
2025-10-21,4,◎白生フランスパン（つぶ,1134.02,1361,156.0,176907.0
2025-10-21,4,◎天然水長野県安曇野２Ｌ,1134.02,1361,112.0,127010.0
2025-10-21,4,午後の紅茶　レモンティー,1134.02,1361,160.0,181443.0
2025-10-21,4,◎緑茶６００,1134.02,1361,110.0,124742.0
2025-10-21,4,◎ぶどうぱん（シュガーマ,1134.02,1361,128.0,145155.0
2025-10-21,4,◎麦茶６００,1134.02,1361,110.0,124742.0
2025-10-21,4,健康ミネラルむぎ茶,1134.02,1361,158.0,179175.0
2025-10-21,4,◎生スコーン６個入,1134.02,1361,172.0,195051.0
2025-10-21,4,◎アップル香るジャスミン,1134.02,1361,110.0,124742.0
2025-10-21,4,塩バター揚げ焼きくりーむ,1134.02,1361,276.0,312990.0
2025-10-21,4,マルボロ・メン１２Ｂ,1134.02,1361,546.0,619175.0
2025-10-21,4,専ＵＦＯ大盛焼そばパンガ,1134.02,1361,276.0,312990.0
2025-10-21,4,じゃがりこチーズ,1134.02,1361,185.0,209794.0
2025-10-21,4,◎冷やし胡瓜一本漬,1134.02,1361,172.0,195051.0
2025-10-21,4,◎タンスティックレモン,1134.02,1361,184.0,208660.0
2025-10-21,4,メビウスＥＸＬ,1134.02,1361,528.0,598763.0
2025-10-21,4,メビウスＬ,1134.02,1361,528.0,598763.0
2025-10-21,4,メビウスＳＬ１００Ｂ,1134.02,1361,528.0,598763.0
2025-10-21,4,焙煎ごまドレッシング,1134.02,1361,33.0,37423.0
2025-10-21,4,◎半熟ゆでたまご１個,1134.02,1361,98.0,111134.0
2025-10-21,4,ポケカ拡張　ホワイト,1134.02,1361,264.0,299381.0
2025-10-21,4,テリアスムースレギュラー,1134.02,1361,528.0,598763.0
2025-10-21,4,高菜の寿司,1134.02,1361,176.0,199588.0
2025-10-21,4,レジ袋弁当大バイオマス,1134.02,1361,5.0,5670.0
2025-10-21,4,ホープ１０,1134.02,1361,273.0,309587.0
2025-10-21,4,手巻　紀州南高梅,1134.02,1361,158.0,179175.0
2025-10-21,4,手巻　真昆布,1134.02,1361,158.0,179175.0
2025-10-21,4,大きな　僕の梅おかか,1134.02,1361,297.0,336804.0
2025-10-21,4,味付海苔　おかか味噌,1134.02,1361,161.0,182577.0
2025-10-21,4,増量　手巻　紅しゃけ,1134.02,1361,195.0,221134.0
2025-10-21,4,増量　手巻　辛子明太子,1134.02,1361,195.0,221134.0
2025-10-21,4,大きな　昆布とツナマヨ,1134.02,1361,269.0,305051.0
2025-10-21,4,手巻　たらこマヨネーズ,1134.02,1361,188.0,213196.0
2025-10-21,4,豚バラしょうゆ,1134.02,1361,276.0,312990.0
2025-10-21,4,サンドおむすび　牛カルビ,1134.02,1361,328.0,371959.0
2025-10-21,4,手巻　紅しゃけ,1134.02,1361,195.0,221134.0
2025-10-21,4,レジ袋１２号バイオマス,1134.02,1361,3.0,3402.0
2025-10-21,4,ピース・ライト・ＢＯＸ,1134.02,1361,546.0,619175.0
2025-10-21,4,ピアニシモ・アリア・メン,1134.02,1361,519.0,588556.0
2025-10-21,4,◎海鮮スティック明太マヨ,1134.02,1361,167.0,189381.0
2025-10-21,4,センティアＩブラック,1134.02,1361,482.0,546598.0
2025-10-21,4,冷し明太とろろうどん,1134.02,1361,508.0,576082.0
2025-10-21,4,冷したぬきうどん,1134.02,1361,399.0,452474.0
2025-10-21,4,ゆず冷し鶏塩おろしうどん,1134.02,1361,526.0,596495.0
2025-10-21,4,テリアイエローメンソール,1134.02,1361,528.0,598763.0
2025-10-21,4,テリアサンパール,1134.02,1361,528.0,598763.0
2025-10-21,4,テリアシャインパール,1134.02,1361,528.0,598763.0
2025-10-21,4,マルボロ・ボックス,1134.02,1361,546.0,619175.0
2025-10-21,4,シーチキン＆コーンサラダ,1134.02,1361,249.0,282371.0
2025-10-21,4,ケントエス１・１００Ｂ,1134.02,1361,455.0,515979.0
2025-10-21,4,ローストチキンパスタサラ,1134.02,1361,369.0,418453.0
2025-10-21,4,エボルタＮＥＯ単４－４Ｐ,1134.02,1361,659.0,747319.0
2025-10-21,4,ライトニング１．２ｍ,1134.02,1361,1800.0,2041236.0
2025-10-21,4,ＣＲバーナーライター,1134.02,1361,190.0,215464.0
2025-10-21,4,耐風ビニール傘７０,1134.02,1361,862.0,977525.0
2025-10-21,4,ダブルシュー,1134.02,1361,172.0,195051.0
2025-10-21,4,デイリースポーツ東日本,1134.02,1361,146.0,165567.0
2025-10-21,4,冷やして食べるバウム,1134.02,1361,167.0,189381.0
2025-10-21,4,マカロンチョコパッション,1134.02,1361,267.0,302783.0
2025-10-21,4,日刊ゲンダイ,1134.02,1361,164.0,185979.0
2025-10-21,4,日本経済新聞,1134.02,1361,182.0,206392.0
2025-10-21,4,ＡｍａｚｏｎＶＡＲ,1134.02,1361,10000.0,11340200.0
2025-10-21,4,２種のキンパ,1134.02,1361,510.0,578350.0
2025-10-21,4,セブンスター,1134.02,1361,546.0,619175.0
2025-10-21,4,セブンスター・ＢＯＸ,1134.02,1361,546.0,619175.0
2025-10-21,4,手巻　辛子明太子,1134.02,1361,195.0,221134.0
2025-10-21,4,カロリーＭハーフ　バニラ,1134.02,1361,110.0,124742.0
2025-10-21,4,手巻シーチキンマヨネーズ,1134.02,1361,165.0,187113.0
2025-10-21,4,直巻　和風ツナマヨネーズ,1134.02,1361,149.0,168969.0
2025-10-21,4,テリアブラックＭ１０Ｐ,1134.02,1361,5273.0,5979687.0
2025-10-21,4,アサヒ生ビール３５０,1134.02,1361,216.0,244948.0
2025-10-21,4,スーパードライ３５０,1134.02,1361,216.0,244948.0
2025-10-21,4,さばと青じそおむすび,1134.02,1361,139.0,157629.0
2025-10-21,4,テリアＯパール,1134.02,1361,528.0,598763.0
2025-10-21,4,ポケカ拡張　ブラック,1134.02,1361,264.0,299381.0
2025-10-21,4,ポケカ拡張　バトルＰ,1134.02,1361,164.0,185979.0
2025-10-21,4,サラサクリップ　黒,1134.02,1361,99.0,112268.0
2025-10-21,4,ＬＩＢＥＲＡミルク,1134.02,1361,277.0,314124.0
2025-10-21,4,◎しみチョココーン,1134.02,1361,147.0,166701.0
2025-10-21,4,◎チョコシュー,1134.02,1361,128.0,145155.0
2025-10-21,4,もち麦　鮭ひじきしそ風味,1134.02,1361,163.0,184845.0
2025-10-21,4,◎こだわりのフロランタン,1134.02,1361,184.0,208660.0
2025-10-21,4,◎もちもちレモンドーナツ,1134.02,1361,149.0,168969.0
2025-10-21,4,◎濃厚ミルクドーナツ,1134.02,1361,100.0,113402.0
2025-10-21,4,◎焼たまごカレートースト,1134.02,1361,167.0,189381.0
2025-10-21,4,スイートサンダーいちご,1134.02,1361,60.0,68041.0
2025-10-21,4,ブラックサンダー,1134.02,1361,41.0,46495.0
2025-10-21,4,◎大きいウインナー,1134.02,1361,153.0,173505.0
2025-10-21,4,◎大きいあらびきチョリソ,1134.02,1361,153.0,173505.0
2025-10-21,4,パウダー２５０％ハッピー,1134.02,1361,120.0,136082.0
2025-10-21,4,◎ベーコンチーズオニオン,1134.02,1361,149.0,168969.0
2025-10-21,4,Ｆグレイシアラムネわらび,1134.02,1361,156.0,176907.0
2025-10-21,4,じゃがりこサラダ,1134.02,1361,185.0,209794.0
2025-10-21,4,ミンティアコールドスマッ,1134.02,1361,105.0,119072.0
2025-10-21,4,直巻　とり五目,1134.02,1361,165.0,187113.0
2025-10-21,4,ラッキーＳメンソール,1134.02,1361,391.0,443402.0
2025-10-21,4,ラッキーＳダークＭ,1134.02,1361,391.0,443402.0
2025-10-21,4,直巻　明太子マヨネーズ,1134.02,1361,165.0,187113.0
2025-10-21,4,直巻　焼しゃけ,1134.02,1361,158.0,179175.0
2025-10-21,4,レジ袋,1134.02,1361,3.0,3402.0
2025-10-21,4,１９６ＳＴゼロＷレモン３,1134.02,1361,161.0,182577.0
2025-10-21,4,角ハイボール３５０,1134.02,1361,219.0,248350.0
2025-10-21,4,氷結レモン３５０,1134.02,1361,168.0,190515.0
2025-10-21,4,生ハム寿司,1134.02,1361,212.0,240412.0
2025-10-21,4,テリアブラックパープルＭ,1134.02,1361,528.0,598763.0
2025-10-21,4,テリアブラックメンソール,1134.02,1361,528.0,598763.0
2025-10-21,4,手巻寿司　納豆,1134.02,1361,184.0,208660.0
2025-10-21,4,テリアミント,1134.02,1361,528.0,598763.0
2025-10-21,4,手巻寿司　シーチキンマヨ,1134.02,1361,167.0,189381.0
2025-10-21,4,テリアメンソール,1134.02,1361,528.0,598763.0
2025-10-21,4,テリアリッチレギュラー,1134.02,1361,528.0,598763.0
2025-10-21,4,テリアリビエラパール,1134.02,1361,528.0,598763.0
2025-10-21,4,テリアレギュラー,1134.02,1361,528.0,598763.0
2025-10-21,4,鮭はらみおむすび,1134.02,1361,258.0,292577.0
2025-10-21,4,助六寿司,1134.02,1361,482.0,546598.0
2025-10-21,4,テリアＢルビーＭ,1134.02,1361,528.0,598763.0
2025-10-21,4,ネオアークティックＭ,1134.02,1361,455.0,515979.0
2025-10-21,4,高菜たくあんおむすび,1134.02,1361,135.0,153093.0
2025-10-21,4,ラッキーＳダークタバコ,1134.02,1361,391.0,443402.0
2025-10-21,4,◎ハムチーズマヨネーズ２,1134.02,1361,135.0,153093.0
2025-10-21,4,ＭＶコールドＭプルーム,1134.02,1361,455.0,515979.0
2025-10-21,4,まるで桃みたいなケーキ,1134.02,1361,276.0,312990.0
2025-10-21,4,クリームワッフルクッキー,1134.02,1361,260.0,294845.0
2025-10-21,4,調製豆乳,1134.02,1361,105.0,119072.0
2025-10-21,4,テリアパープルメンソール,1134.02,1361,528.0,598763.0
2025-10-21,4,テリアバランスドＲ,1134.02,1361,528.0,598763.0
2025-10-21,4,野菜一日これ一本,1134.02,1361,113.0,128144.0
2025-10-21,4,◎デニッシュブレッド３枚,1134.02,1361,156.0,176907.0
2025-10-21,4,センティアＳバイオレット,1134.02,1361,482.0,546598.0
2025-10-21,4,◎バタークロワッサンメ３,1134.02,1361,156.0,176907.0
2025-10-21,4,センティアＩパープル,1134.02,1361,482.0,546598.0
2025-10-21,4,◎ファミマの牛乳５００,1134.02,1361,175.0,198454.0
2025-10-21,4,サブレサンドバニライチゴ,1134.02,1361,332.0,376495.0
2025-10-21,4,冷しニンニクまぜそば,1134.02,1361,647.0,733711.0
2025-10-21,4,ＳＰＡＭ　タコスミート,1134.02,1361,315.0,357216.0
2025-10-21,4,ＳＰＡＭ　ツナマヨネーズ,1134.02,1361,266.0,301649.0
2025-10-21,4,不明,1134.02,1361,164.0,185979.0
2025-10-21,4,レジ袋４５号バイオマス,1134.02,1361,7.0,7938.0
2025-10-21,4,鮭ほぐし飯（和風だしごは,1134.02,1361,338.0,383299.0
2025-10-21,4,天タレおむすび,1134.02,1361,138.0,156495.0
2025-10-21,4,植物生のスパイシーカレー,1134.02,1361,146.0,165567.0
2025-10-21,4,赤飯おむすび,1134.02,1361,165.0,187113.0
2025-10-21,4,レジ袋２０号バイオマス,1134.02,1361,5.0,5670.0
2025-10-21,4,鶏のうまみ！鶏そぼろ弁当,1134.02,1361,320.0,362886.0
2025-10-21,4,冷しビャンビャン麺,1134.02,1361,510.0,578350.0
2025-10-21,4,ラッキーＳＲタバコ１０Ｐ,1134.02,1361,3910.0,4434018.0
2025-10-21,4,野沢菜いなり寿司,1134.02,1361,179.0,202990.0
2025-10-21,4,国産チキン彩り野菜うどん,1134.02,1361,554.0,628247.0
2025-10-21,4,手巻寿司　ねぎとろ（青ま,1134.02,1361,230.0,260825.0
2025-10-21,4,かぶり寿司　唐揚げ巻,1134.02,1361,283.0,320928.0
2025-10-21,4,塩こんぶおむすび,1134.02,1361,139.0,157629.0
2025-10-21,4,サンド寿司　まぐろたくあ,1134.02,1361,334.0,378763.0
2025-10-21,4,冷たい生パスタ海老トマト,1134.02,1361,499.0,565876.0
2025-10-21,4,ジューシーハムサンド,1134.02,1361,297.0,336804.0
2025-10-21,4,ラッキーＳリッチタバコ,1134.02,1361,391.0,443402.0
2025-10-21,4,テリヤキチキンとたまごＳ,1134.02,1361,323.0,366288.0
2025-10-21,4,ラッキーＳベリーＭ,1134.02,1361,391.0,443402.0
2025-10-21,4,ラッキーＳトロピカルＳ,1134.02,1361,391.0,443402.0
2025-10-21,4,３種チーズとハムのサンド,1134.02,1361,323.0,366288.0
2025-10-21,4,ベコンレタストマトサンド,1134.02,1361,369.0,418453.0
2025-10-21,4,ネオＢベリーハイパー用,1134.02,1361,455.0,515979.0
2025-10-21,4,チキン南蛮サンド,1134.02,1361,369.0,418453.0
2025-10-21,4,ミックスサンド,1134.02,1361,276.0,312990.0
2025-10-21,4,鶏焼肉のバインミー,1134.02,1361,369.0,418453.0
2025-10-21,4,シーチキン＆たまごサラダ,1134.02,1361,239.0,271031.0
2025-10-21,4,棒棒鶏風サラダ,1134.02,1361,406.0,460412.0
2025-10-21,4,和風ドレッシング,1134.02,1361,33.0,37423.0
2025-10-21,4,シャキシャキレタスサンド,1134.02,1361,297.0,336804.0
2025-10-21,4,サメジマブルーソーダ味,1134.02,1361,178.0,201856.0
2025-10-21,4,蒸鶏とねぎのトマトパスタ,1134.02,1361,462.0,523917.0
2025-10-21,4,大きなおむすび唐揚げマヨ,1134.02,1361,290.0,328866.0
2025-10-21,4,本まぐろわさび醤油おむす,1134.02,1361,280.0,317526.0
2025-10-21,4,◎ベーコンペッパーマヨ,1134.02,1361,121.0,137216.0
2025-10-21,4,メビウス,1134.02,1361,528.0,598763.0
2025-10-21,4,シャインマスカットのど飴,1134.02,1361,105.0,119072.0
2025-10-21,4,ぷっちょＳＴメガコーラ,1134.02,1361,118.0,133814.0
2025-10-21,4,ハイチュウグレープ,1134.02,1361,127.0,144021.0
2025-10-21,4,ハイライトメンソール,1134.02,1361,473.0,536391.0
2025-10-21,4,ハイチュウＰシャインマス,1134.02,1361,152.0,172371.0
2025-10-21,4,センティアＦグリーン,1134.02,1361,482.0,546598.0
2025-10-21,4,ハイライト,1134.02,1361,473.0,536391.0
2025-10-21,4,ハイチュウＰ巨峰,1134.02,1361,152.0,172371.0
2025-10-21,4,キャメルクラフトＭ５,1134.02,1361,410.0,464948.0
2025-10-21,4,アメスピＯＭ１,1134.02,1361,382.0,433196.0
2025-10-21,4,アメスピＯＭライト,1134.02,1361,382.0,433196.0
2025-10-21,4,コロロシャインマスカット,1134.02,1361,148.0,167835.0
2025-10-21,4,コーラアップ,1134.02,1361,242.0,274433.0
2025-10-21,4,アメスピライト,1134.02,1361,382.0,433196.0
2025-10-21,4,ハイチュウＰヨーグルト,1134.02,1361,152.0,172371.0
2025-10-21,4,ＭＶスムースＲプルーム,1134.02,1361,455.0,515979.0
2025-10-21,4,◎しみ旨フレンチトースト,1134.02,1361,144.0,163299.0
2025-10-21,4,ＭＶシトラスＯＰプルーム,1134.02,1361,455.0,515979.0
2025-10-21,4,◎もちっとつぶあんドーナ,1134.02,1361,125.0,141752.0
2025-10-21,4,◎ミニフレンチトースト４,1134.02,1361,172.0,195051.0
2025-10-21,4,センティアＤブロンズ,1134.02,1361,482.0,546598.0
2025-10-21,4,センティアＣジェイド,1134.02,1361,482.0,546598.0
2025-10-21,4,センティアクリアシルバー,1134.02,1361,482.0,546598.0
2025-10-21,4,専ＵＦＯプチ焼そばパン４,1134.02,1361,212.0,240412.0
2025-10-21,4,ケントＴＲメンソール,1134.02,1361,437.0,495567.0
2025-10-21,4,◎北海道メロンパン,1134.02,1361,125.0,141752.0
2025-10-21,4,ケントＴメンソール,1134.02,1361,437.0,495567.0
2025-10-21,4,◎生コッペパン（あんバタ,1134.02,1361,135.0,153093.0
2025-10-21,4,◎白生コッペパン（カスタ,1134.02,1361,128.0,145155.0
2025-10-21,4,マルボロ・ブラックＭ８,1134.02,1361,546.0,619175.0
2025-10-21,4,ＭＶＰＧレギュラーウィズ,1134.02,1361,546.0,619175.0
2025-10-21,4,ＭＶＰＧメンソールウィズ,1134.02,1361,546.0,619175.0
2025-10-21,4,ＭＶＧレッドＭウィズ,1134.02,1361,546.0,619175.0
2025-10-21,4,◎ふんわりホットケーキ２,1134.02,1361,128.0,145155.0
2025-10-21,4,◎完熟バナナパンケーキ,1134.02,1361,138.0,156495.0
2025-10-21,4,ＭＶベリーＯＰプルーム,1134.02,1361,455.0,515979.0
2025-10-21,4,◎いちごのクロワッサン（,1134.02,1361,147.0,166701.0
2025-10-21,4,ＭＶブラックＣＭプルーム,1134.02,1361,455.0,515979.0
2025-10-21,4,タフグミグレーピーパンチ,1134.02,1361,238.0,269897.0
2025-10-21,4,はちみつカリンのど飴,1134.02,1361,124.0,140618.0
2025-10-21,4,メビウスワン,1134.02,1361,528.0,598763.0
2025-10-21,4,メビウスＥ１　１００Ｓ,1134.02,1361,455.0,515979.0
2025-10-21,4,◎スーパーＣＨ無糖レモ３,1134.02,1361,119.0,134948.0
2025-10-21,4,おむすびおかずＳ（昆・ツ,1134.02,1361,434.0,492165.0
2025-10-21,4,特撰　白角水割　２５０,1134.02,1361,175.0,198454.0
2025-10-21,4,茉莉花ジャスミン茶割ＪＪ,1134.02,1361,181.0,205258.0
2025-10-21,4,檸檬堂夏のラムネとレモン,1134.02,1361,160.0,181443.0
2025-10-21,4,手巻寿司　サーモン（青ま,1134.02,1361,230.0,260825.0
2025-10-21,4,本搾りライム３５０,1134.02,1361,168.0,190515.0
2025-10-21,4,未来のレサワオリジナル３,1134.02,1361,271.0,307319.0
2025-10-21,4,ルイボスティーハイ３４０,1134.02,1361,181.0,205258.0
2025-10-21,4,手巻寿司　青しそ納豆,1134.02,1361,190.0,215464.0
2025-10-21,4,◎スーパーＣＨグレフル３,1134.02,1361,119.0,134948.0
2025-10-21,4,大関　佳撰ワンカップ,1134.02,1361,219.0,248350.0
2025-10-21,4,金麦３５０,1134.02,1361,180.0,204124.0
2025-10-21,4,いなり寿司３ヶ入,1134.02,1361,276.0,312990.0
2025-10-21,4,ザプレミアムモルツ３５０,1134.02,1361,254.0,288041.0
2025-10-21,4,黒ラベル３５０,1134.02,1361,216.0,244948.0
2025-10-21,4,炙り焼辛子明太子おむすび,1134.02,1361,251.0,284639.0
2025-10-21,4,◎パン・オ・ショコラ４個,1134.02,1361,184.0,208660.0
2025-10-21,4,６種具材の冷し中華,1134.02,1361,536.0,607835.0
2025-10-21,4,センティアＦパープル,1134.02,1361,482.0,546598.0
2025-10-21,4,キシリトール粒フレッシュ,1134.02,1361,178.0,201856.0
2025-10-21,4,大粒ラムネＲすっぱレモン,1134.02,1361,133.0,150825.0
2025-10-21,4,マルボロアイスＢ・Ｍ８,1134.02,1361,546.0,619175.0
2025-10-21,4,マルボロアイスＢ・Ｍ５,1134.02,1361,546.0,619175.0
2025-10-21,4,ベロＭＰＭインテンス,1134.02,1361,291.0,330000.0
2025-10-21,4,◎黒胡椒香るチーズフラン,1134.02,1361,184.0,208660.0
2025-10-21,4,ケント・１・１００ＢＯＸ,1134.02,1361,473.0,536391.0
2025-10-21,4,◎ファミマ・ザ・カレーパ,1134.02,1361,139.0,157629.0
2025-10-21,4,ケントエス・スパーク１,1134.02,1361,455.0,515979.0
2025-10-21,4,◎手巻きソーセージドーナ,1134.02,1361,158.0,179175.0
2025-10-21,4,マルボロゴールドＢ,1134.02,1361,546.0,619175.0
2025-10-21,4,キシリトール粒グレープ,1134.02,1361,178.0,201856.0
2025-10-21,4,キシリトール粒ライムミン,1134.02,1361,178.0,201856.0
2025-10-21,4,Ｗ・Ｃ・ホワイト・５,1134.02,1361,491.0,556804.0
2025-10-21,4,メビＰＭＯＰＰ１１００,1134.02,1361,528.0,598763.0
2025-10-21,4,メビウスＳＬ,1134.02,1361,528.0,598763.0
2025-10-21,4,フリスクＦＦマスカット,1134.02,1361,278.0,315258.0
2025-10-21,4,ヨーグレットミニ,1134.02,1361,150.0,170103.0
2025-10-21,4,メビウスＥＭＯＰＰ５Ｓ,1134.02,1361,455.0,515979.0
2025-10-21,4,メロンソーダアップ,1134.02,1361,242.0,274433.0
2025-10-21,4,ラムネアップ,1134.02,1361,242.0,274433.0
2025-10-21,4,サンスポ（サンケ,1134.02,1361,164.0,185979.0
2025-10-21,4,コンパクトＳ２４．５ｃｍ,1134.02,1361,230.0,260825.0
2025-10-21,4,忍者めしラムネ,1134.02,1361,125.0,141752.0
2025-10-21,4,週刊少年ジャンプ,1134.02,1361,282.0,319794.0
2025-10-21,4,男梅グミ,1134.02,1361,143.0,162165.0
2025-10-21,4,週　刊　文　春,1134.02,1361,464.0,526185.0
2025-10-21,4,◎ドライみかん,1134.02,1361,276.0,312990.0
2025-10-21,4,ヤングマガジン,1134.02,1361,464.0,526185.0
2025-10-21,4,◎ドライりんご,1134.02,1361,276.0,312990.0
2025-10-21,4,◎５種のナッツ＆フルーツ,1134.02,1361,198.0,224536.0
2025-10-21,4,◎おしゃぶり昆布,1134.02,1361,172.0,195051.0
2025-10-21,4,ＢＩＣ電子ライター,1134.02,1361,170.0,192783.0
2025-10-21,4,◎やみつき種ぬき干し梅,1134.02,1361,175.0,198454.0
2025-10-21,4,コンパクトＳ２１．５ｃｍ,1134.02,1361,230.0,260825.0
2025-10-21,4,◎除菌ハンディＷティシュ,1134.02,1361,164.0,185979.0
2025-10-21,4,コカ・コーラ　３００,1134.02,1361,110.0,124742.0
2025-10-21,4,◎みるくバターまんじゅう,1134.02,1361,144.0,163299.0
2025-10-21,4,◎パイまんじゅうつぶあん,1134.02,1361,153.0,173505.0
2025-10-21,4,ピュレグミＰ白桃,1134.02,1361,180.0,204124.0
2025-10-21,4,ピュレグミＰマスカット,1134.02,1361,180.0,204124.0
2025-10-21,4,ピュレグミグレープ味,1134.02,1361,150.0,170103.0
2025-10-21,4,◎紅はるかの熟成干し芋,1134.02,1361,260.0,294845.0
2025-10-21,4,龍角散ののどすっきり飴袋,1134.02,1361,280.0,317526.0
2025-10-21,4,まい塩あめ小袋,1134.02,1361,138.0,156495.0
2025-10-21,4,今治ＴＨドット,1134.02,1361,600.0,680412.0
2025-10-21,4,ハンカチＳＴ,1134.02,1361,600.0,680412.0
2025-10-21,4,婦人ショートＳ白,1134.02,1361,390.0,442268.0
2025-10-21,4,ひざ下２足ヌードベージュ,1134.02,1361,500.0,567010.0
2025-10-21,4,邪払のど飴小袋,1134.02,1361,119.0,134948.0
2025-10-21,4,◎ばんそうこうＭサイズ,1134.02,1361,362.0,410515.0
2025-10-21,4,プリッツ旨サラダ,1134.02,1361,131.0,148557.0
2025-10-21,4,◎チョコマシュマロ,1134.02,1361,139.0,157629.0
2025-10-21,4,◎ミニバタークッキー,1134.02,1361,128.0,145155.0
2025-10-21,4,シルキータッチふつう,1134.02,1361,398.0,451340.0
2025-10-21,4,◎練乳はちみつドーナツ,1134.02,1361,147.0,166701.0
2025-10-21,4,◎こだわりのマドレーヌ,1134.02,1361,147.0,166701.0
2025-10-21,4,ソフトタンポンコンパクト,1134.02,1361,282.0,319794.0
2025-10-21,4,◎こだわりのワッフル,1134.02,1361,144.0,163299.0
2025-10-21,4,今治ＴＨＳＴ／青橙,1134.02,1361,600.0,680412.0
2025-10-21,4,ジェットスリーム０．５,1134.02,1361,150.0,170103.0
2025-10-21,4,リングメモＡ７Ｂ罫,1134.02,1361,208.0,235876.0
2025-10-21,4,ハリボーハッピーコーラ,1134.02,1361,198.0,224536.0
2025-10-21,4,東スポ（東京スポーツ）,1134.02,1361,164.0,185979.0
2025-10-21,4,ドデカミンＢＩＧ,1134.02,1361,149.0,168969.0
2025-10-21,4,今治ＴＨネイビーＭＩＸ,1134.02,1361,600.0,680412.0
2025-10-21,4,◎ミニ羊羹　煉,1134.02,1361,91.0,103196.0
2025-10-21,4,ペプシコーラ　６００,1134.02,1361,130.0,147423.0
2025-10-21,4,無香料ケープ　ＳＨ　小,1134.02,1361,300.0,340206.0
2025-10-21,4,◎贅沢バウムクーヘン,1134.02,1361,202.0,229072.0
2025-10-21,4,◎とろけるチョコミントＣ,1134.02,1361,139.0,157629.0
2025-10-21,4,◎４種のフルーツケーキ,1134.02,1361,156.0,176907.0
2025-10-21,4,バナナバウムクーヘン,1134.02,1361,139.0,157629.0
2025-10-21,4,さらさらシートせっけん,1134.02,1361,295.0,334536.0
2025-10-21,4,ベースブレッドシナモン,1134.02,1361,260.0,294845.0
2025-10-21,4,ビオレふくだけＣうるおい,1134.02,1361,341.0,386701.0
2025-10-21,4,ベースブレッドチョコ,1134.02,1361,260.0,294845.0
2025-10-21,4,ベースブレッドメープル,1134.02,1361,260.0,294845.0
2025-10-21,4,天然水きりっとヨグ,1134.02,1361,159.0,180309.0
2025-10-21,4,Ｆリーフィアロールケーキ,1134.02,1361,165.0,187113.0
2025-10-21,4,梅のり巻,1134.02,1361,142.0,161031.0
2025-10-21,4,耐風ビニール傘６５,1134.02,1361,705.0,799484.0
2025-10-21,4,ＣＷワンタッチ開閉折傘,1134.02,1361,2014.0,2283916.0
2025-10-21,4,レインコートＬ,1134.02,1361,687.0,779072.0
2025-10-21,4,アクオグリーンミント,1134.02,1361,170.0,192783.0
2025-10-21,4,アクオクリアブルーミント,1134.02,1361,170.0,192783.0
2025-10-21,4,◎春雨スープ担々麺味,1134.02,1361,167.0,189381.0
2025-10-21,4,◎とん汁,1134.02,1361,167.0,189381.0
2025-10-21,4,Ｆレモンクリームのロール,1134.02,1361,153.0,173505.0
2025-10-21,4,クリアクリーントラベル,1134.02,1361,323.0,366288.0
2025-10-21,4,◎濃厚チョコパウンド,1134.02,1361,213.0,241546.0
2025-10-21,4,モンスターエナジーボトル,1134.02,1361,297.0,336804.0
2025-10-21,4,おっとっとうすしお味,1134.02,1361,131.0,148557.0
2025-10-21,4,チップスターＳうすしお味,1134.02,1361,144.0,163299.0
2025-10-21,4,アクエリアス５００,1134.02,1361,160.0,181443.0
2025-10-21,4,チップスターＳコンソメ味,1134.02,1361,144.0,163299.0
2025-10-21,4,サントリー天然水　２Ｌ,1134.02,1361,131.0,148557.0
2025-10-21,4,天然水１Ｌ,1134.02,1361,168.0,190515.0
2025-10-21,4,◎キャラメルコーン,1134.02,1361,119.0,134948.0
2025-10-21,4,◎ＢＳラーメン丸チキン味,1134.02,1361,119.0,134948.0
2025-10-21,4,◎天然水新潟県津南３７０,1134.02,1361,100.0,113402.0
2025-10-21,4,ＳＯＹＪＯＹ　黒ゴマ,1134.02,1361,125.0,141752.0
2025-10-21,4,◎きんつば,1134.02,1361,158.0,179175.0
2025-10-21,4,ウェルチ　１房分のぶどう,1134.02,1361,160.0,181443.0
2025-10-21,4,天然水きりっと果実,1134.02,1361,159.0,180309.0
2025-10-21,4,玉ねぎせん,1134.02,1361,158.0,179175.0
2025-10-21,4,贅沢保湿ポケットＴ,1134.02,1361,169.0,191649.0
2025-10-21,4,◎チョコミントタルト,1134.02,1361,176.0,199588.0
2025-10-21,4,◎チョコミントロール,1134.02,1361,167.0,189381.0
2025-10-21,4,◎水に流せるポケットＴ,1134.02,1361,133.0,150825.0
2025-10-21,4,◎紀州南高梅茎わかめ,1134.02,1361,158.0,179175.0
2025-10-21,4,◎種ぬきはちみつ干し梅,1134.02,1361,158.0,179175.0
2025-10-21,4,今治ＴＨ２５夏の色白,1134.02,1361,600.0,680412.0
2025-10-21,4,１本満足シリアルチョコ,1134.02,1361,152.0,172371.0
2025-10-21,4,１本満足シリアルブラック,1134.02,1361,152.0,172371.0
2025-10-21,4,爽健美茶３００,1134.02,1361,110.0,124742.0
2025-10-21,4,おーいお茶緑茶　３５０,1134.02,1361,110.0,124742.0
2025-10-21,4,１本満足シリアルホワイト,1134.02,1361,152.0,172371.0
2025-10-21,4,伊右衛門特茶,1134.02,1361,170.0,192783.0
2025-10-21,4,ヘルシア緑茶　３５０ｍｌ,1134.02,1361,180.0,204124.0
2025-10-21,4,Ｃ玄米ブラン　ブルーベリ,1134.02,1361,155.0,175773.0
2025-10-21,4,クラフトボスイタリアーノ,1134.02,1361,159.0,180309.0
2025-10-21,4,Ｃ玄米ブランメープル,1134.02,1361,155.0,175773.0
2025-10-21,4,モーニングマアムバニラ,1134.02,1361,130.0,147423.0
2025-10-21,4,◎玄米茶　６００,1134.02,1361,110.0,124742.0
2025-10-21,4,◎台湾烏龍茶　６００,1134.02,1361,110.0,124742.0
2025-10-21,4,ｉｎゼリーマルチビタミン,1134.02,1361,210.0,238144.0
2025-10-21,4,Ｃ１０００ビタミンレモン,1134.02,1361,130.0,147423.0
2025-10-21,4,◎ピーチマンゴールイボス,1134.02,1361,110.0,124742.0
2025-10-21,4,オロナミンＣ,1134.02,1361,135.0,153093.0
2025-10-21,4,ヘパリーゼＷ,1134.02,1361,276.0,312990.0
2025-10-21,4,い・ろ・は・す５４０,1134.02,1361,118.0,133814.0
2025-10-21,4,カロリＭハーフチーズ味,1134.02,1361,110.0,124742.0
2025-10-21,4,クラフトボス　ミルクラテ,1134.02,1361,166.0,188247.0
2025-10-21,4,伊右衛門　６００,1134.02,1361,158.0,179175.0
2025-10-21,4,午後の紅茶　ミルクティー,1134.02,1361,160.0,181443.0
2025-10-21,4,◎オレンジ香アールグレイ,1134.02,1361,110.0,124742.0
2025-10-21,4,きのこベーコン醤油パスタ,1134.02,1361,434.0,492165.0
2025-10-21,4,小岩井　Ｔｈｅカフェオレ,1134.02,1361,159.0,180309.0
2025-10-21,4,おーいお茶濃く香るほうじ,1134.02,1361,158.0,179175.0
2025-10-21,4,クラフトボスブラック,1134.02,1361,149.0,168969.0
2025-10-21,4,ウィルキンソン　レモン,1134.02,1361,112.0,127010.0
2025-10-21,4,クラフトボス　ラテ,1134.02,1361,159.0,180309.0
2025-10-21,4,除菌アルコールタオル,1134.02,1361,238.0,269897.0
2025-10-21,4,１００％　オレンジ,1134.02,1361,168.0,190515.0
2025-10-21,4,カルピス　ザ　リッチ,1134.02,1361,160.0,181443.0
2025-10-21,4,フェイシャルペーパー,1134.02,1361,250.0,283505.0
2025-10-21,4,ｉｎバーザクザクビター,1134.02,1361,170.0,192783.0
2025-10-21,4,ｉｎバー　ベイクドチョコ,1134.02,1361,170.0,192783.0
2025-10-21,4,カシミヤＥＸポケット,1134.02,1361,162.0,183711.0
2025-10-21,4,カロリＭハーフチョコ,1134.02,1361,110.0,124742.0
2025-10-21,4,アイルＣＲ電子ライター,1134.02,1361,159.0,180309.0
2025-10-21,4,カロリーＭハーフフルーツ,1134.02,1361,110.0,124742.0
2025-10-21,4,◎有機栽培の恵み天津甘栗,1134.02,1361,165.0,187113.0
2025-10-21,4,アクエリアス　９５０,1134.02,1361,166.0,188247.0
2025-10-21,4,はだおもい２３ｃｍ,1134.02,1361,253.0,286907.0
2025-10-21,4,コンパクトＳ３０．５ｃｍ,1134.02,1361,230.0,260825.0
2025-10-21,4,イーラインマスクピンク,1134.02,1361,299.0,339072.0
2025-10-21,4,プリングルズサワクリＳ,1134.02,1361,158.0,179175.0
2025-10-21,4,スタイルフィットグレー,1134.02,1361,410.0,464948.0
2025-10-21,4,スタイルフィットＯＬ,1134.02,1361,410.0,464948.0
2025-10-21,4,じゃがビーバターしょうゆ,1134.02,1361,164.0,185979.0
2025-10-21,4,ストロングサワーＣオニオ,1134.02,1361,155.0,175773.0
2025-10-21,4,超快適マスクふつう,1134.02,1361,350.0,396907.0
2025-10-21,4,超快適マスクやや大きめ,1134.02,1361,350.0,396907.0
2025-10-21,4,超快適マスク小さめ,1134.02,1361,350.0,396907.0
2025-10-21,4,７ＤＡＹＳマスク大きめ,1134.02,1361,298.0,337938.0
2025-10-21,4,◎香ばしいバタピー,1134.02,1361,167.0,189381.0
2025-10-21,4,フリクションノックＢＫ,1134.02,1361,230.0,260825.0
2025-10-21,4,◎薫製したうずらたまご,1134.02,1361,249.0,282371.0
2025-10-21,4,富士通ＰＲＥ　単４－４Ｐ,1134.02,1361,528.0,598763.0
2025-10-21,4,◎素焼きミックスナッツ,1134.02,1361,360.0,408247.0
2025-10-21,4,◎ＰＣ濃いめのり塩,1134.02,1361,139.0,157629.0
2025-10-21,4,◎ハンディウェットティシ,1134.02,1361,117.0,132680.0
2025-10-21,4,グリーンダカラ麦茶６８０,1134.02,1361,148.0,167835.0
2025-10-21,4,◎ジュワっとした塩バター,1134.02,1361,130.0,147423.0
2025-10-21,4,ベースブレッドミルク,1134.02,1361,260.0,294845.0
2025-10-21,4,メビウス・ワン・ＢＯＸ,1134.02,1361,528.0,598763.0
2025-10-21,4,カントリーＭミニバニラ,1134.02,1361,121.0,137216.0
2025-10-21,4,ミニたべっ子塩バター味,1134.02,1361,160.0,181443.0
2025-10-21,4,ｅ－ｍａのどグレープ小袋,1134.02,1361,118.0,133814.0
2025-10-21,4,金のミルク小袋,1134.02,1361,138.0,156495.0
2025-10-21,4,塩分チャージタブ小袋塩レ,1134.02,1361,140.0,158763.0
2025-10-21,4,ネオＣＬタバコハイパー用,1134.02,1361,455.0,515979.0
2025-10-21,4,キャメルクラフト６,1134.02,1361,410.0,464948.0
2025-10-21,4,ＭＶＧパープルＭウィズ,1134.02,1361,546.0,619175.0
2025-10-21,4,ＭＶアップルＯＰプルーム,1134.02,1361,455.0,515979.0
2025-10-21,4,ＭＶシャープＣＭプルーム,1134.02,1361,455.0,515979.0
2025-10-21,4,◎チョコチップクッキー,1134.02,1361,128.0,145155.0
2025-10-21,4,ＭＶディープＲプルーム,1134.02,1361,455.0,515979.0
2025-10-21,4,◎ちいさなオールレーズン,1134.02,1361,128.0,145155.0
2025-10-21,4,◎ガトーショコラ風チョコ,1134.02,1361,165.0,187113.0
2025-10-21,4,ＭＶペア―ＯＰプルーム,1134.02,1361,455.0,515979.0
2025-10-21,4,ベースブレッドこしあん,1134.02,1361,276.0,312990.0
2025-10-21,4,ベースブレッドオレンジ,1134.02,1361,276.0,312990.0
2025-10-21,4,◎スティックサラミ,1134.02,1361,110.0,124742.0
2025-10-21,4,◎おつまみイカフライ,1134.02,1361,110.0,124742.0
2025-10-21,4,週刊　モーニング,1134.02,1361,428.0,485361.0
2025-10-21,4,ジャパンニューズ,1134.02,1361,137.0,155361.0
2025-10-21,4,スポーツ報知東日本,1134.02,1361,164.0,185979.0
2025-10-21,4,東京新聞,1134.02,1361,128.0,145155.0
2025-10-21,4,毎日新聞,1134.02,1361,146.0,165567.0
2025-10-21,4,茨城新聞,1134.02,1361,137.0,155361.0
2025-10-21,4,堅ぶつ揚げとうもろこし味,1134.02,1361,128.0,145155.0
2025-10-21,4,ガルボつぶ練り苺ＰＫＰ,1134.02,1361,175.0,198454.0
2025-10-21,4,テリアフュージョンＭ,1134.02,1361,528.0,598763.0
2025-10-21,4,テリアブラックイエローＭ,1134.02,1361,528.0,598763.0
2025-10-21,4,チョコあーんぱん袋,1134.02,1361,121.0,137216.0
2025-10-21,4,産経新聞,1134.02,1361,128.0,145155.0
2025-10-21,4,タフグミ梅マニア,1134.02,1361,238.0,269897.0
2025-10-21,4,テリアトロピカルＭ,1134.02,1361,528.0,598763.0
2025-10-21,4,ＡｐｐｌｅＧＣ＿ＶＡＲ,1134.02,1361,3250.0,3685565.0
2025-10-21,4,ラッキーＥＸカット６,1134.02,1361,428.0,485361.0
2025-10-21,4,キャメルリッチプルーム,1134.02,1361,455.0,515979.0
2025-10-21,4,ソイチキン根菜ラップ,1134.02,1361,369.0,418453.0
2025-10-21,4,ガルボポケットパック,1134.02,1361,175.0,198454.0
2025-10-21,4,クランキーＰＪクランチＣ,1134.02,1361,175.0,198454.0
2025-10-21,4,センティアＴイエロー,1134.02,1361,482.0,546598.0
2025-10-21,4,◎カリカリ梅赤小袋,1134.02,1361,184.0,208660.0
2025-10-21,4,一番搾りホワイト３５０,1134.02,1361,216.0,244948.0
2025-10-21,4,未来のレサワプレーン３４,1134.02,1361,271.0,307319.0
2025-10-21,4,ガーナザクほろ塩ミルＰＪ,1134.02,1361,177.0,200722.0
2025-10-21,4,ひとくちルマンド,1134.02,1361,162.0,183711.0
2025-10-21,4,センティアＳゴールド,1134.02,1361,482.0,546598.0
2025-10-21,4,スニッカーズピーナッツ,1134.02,1361,150.0,170103.0
2025-10-21,4,◎こだわりのフィナンシェ,1134.02,1361,135.0,153093.0
2025-10-21,4,ツナたまごサンド,1134.02,1361,246.0,278969.0
2025-10-21,4,ちびサワーズドリンクアソ,1134.02,1361,211.0,239278.0
2025-10-21,4,メントスグレープ,1134.02,1361,120.0,136082.0
2025-10-21,4,スッパイスッパイマン大作,1134.02,1361,139.0,157629.0
2025-10-21,4,ミンティアＢ濃苺,1134.02,1361,211.0,239278.0
2025-10-21,4,シゲキックス梅ソルト味,1134.02,1361,120.0,136082.0
2025-10-21,4,植物生まれマスカットグミ,1134.02,1361,148.0,167835.0
2025-10-21,4,ザ・クレープ　生チョコ,1134.02,1361,230.0,260825.0
2025-10-21,4,さけるチーズプレーン,1134.02,1361,141.0,159897.0
2025-10-21,4,ナカミグミもも味,1134.02,1361,168.0,190515.0
2025-10-21,4,◎生コッペパン（ツナ＆ポ,1134.02,1361,149.0,168969.0
2025-10-21,4,◎いちごモッチ,1134.02,1361,139.0,157629.0
2025-10-21,4,◎アップルクリームデニッ,1134.02,1361,135.0,153093.0
2025-10-21,4,◎たっぷりクリームデニッ,1134.02,1361,116.0,131546.0
2025-10-21,4,クロレッツＸＰ　オリジナ,1134.02,1361,180.0,204124.0
2025-10-21,4,ミンティアドライハード,1134.02,1361,105.0,119072.0
2025-10-21,4,ミンティアＢシャイニーピ,1134.02,1361,211.0,239278.0
2025-10-21,4,果汁グミぶどう,1134.02,1361,152.0,172371.0
2025-10-21,4,ピュレグミレモン味,1134.02,1361,150.0,170103.0
2025-10-21,4,◎サラダチキンＳハーブ,1134.02,1361,172.0,195051.0
2025-10-21,4,◎グリルチキンＢＰ,1134.02,1361,221.0,250618.0
2025-10-21,4,野菜生活シークヮーサー,1134.02,1361,118.0,133814.0
2025-10-21,4,トマトジュース食塩無添加,1134.02,1361,113.0,128144.0
2025-10-21,4,エッセンシャルズ鉄分,1134.02,1361,152.0,172371.0
2025-10-21,4,エッセンシャルズビタミン,1134.02,1361,152.0,172371.0
2025-10-21,4,ネクターピーチティー,1134.02,1361,193.0,218866.0
2025-10-21,4,◎カフェラテ　砂糖不使用,1134.02,1361,181.0,205258.0
2025-10-21,4,のむフルーチェイチゴ,1134.02,1361,249.0,282371.0
2025-10-21,4,◎のむヨーグルトいちご,1134.02,1361,162.0,183711.0
2025-10-21,4,ＯＡＴＳＩＤＥプレーン,1134.02,1361,128.0,145155.0
2025-10-21,4,激シゲキックスソーダ,1134.02,1361,120.0,136082.0
2025-10-21,4,◎サラダチキンＳスモーク,1134.02,1361,172.0,195051.0
2025-10-21,4,ブレンドＳ,1134.02,1361,135.0,153093.0
2025-10-21,4,◎グリルチキンやきとり,1134.02,1361,221.0,250618.0
2025-10-21,4,アイスコーヒーＳ,1134.02,1361,135.0,153093.0
2025-10-21,4,◎おつまみかまぼこチーズ,1134.02,1361,173.0,196185.0
2025-10-21,4,◎豆腐と枝豆のひじき和え,1134.02,1361,239.0,271031.0
2025-10-21,4,◎特製ダレの味付けたまご,1134.02,1361,304.0,344742.0
2025-10-21,4,豚しゃぶのパスタサラダ,1134.02,1361,369.0,418453.0
2025-10-21,4,豚しゃぶおろしパスタサラ,1134.02,1361,369.0,418453.0
2025-10-21,4,彩りサラダチキンサンド,1134.02,1361,399.0,452474.0
2025-10-21,4,ゆでたまご＆ハムミックス,1134.02,1361,323.0,366288.0
2025-10-21,4,焦がし醤油風グリルチキン,1134.02,1361,369.0,418453.0
2025-10-21,4,ラッキーＥＸカット１０,1134.02,1361,428.0,485361.0
2025-10-21,4,◎チョコツイスト３本入,1134.02,1361,144.0,163299.0
2025-10-21,4,生ハムとルッコラ,1134.02,1361,462.0,523917.0
2025-10-21,4,◎生コッペパン（ダブルピ,1134.02,1361,135.0,153093.0
2025-10-21,4,おいしい牛乳２００ＭＬ,1134.02,1361,133.0,150825.0
2025-10-21,4,◎白生クリームパン（ダブ,1134.02,1361,147.0,166701.0
2025-10-21,4,◎炙りいかそうめん,1134.02,1361,193.0,218866.0
2025-10-21,4,Ｗ・Ｃホワイト１・１００,1134.02,1361,491.0,556804.0
2025-10-21,4,チップスターＳ梅しそ味,1134.02,1361,158.0,179175.0
2025-10-21,4,◎フランクロール,1134.02,1361,184.0,208660.0
2025-10-21,4,メビＰメンＯＰＰ８,1134.02,1361,528.0,598763.0
2025-10-21,4,今治ＴＨ千鳥,1134.02,1361,600.0,680412.0
2025-10-21,4,つかめる実験！ふしぎ玉,1134.02,1361,180.0,204124.0
2025-10-21,4,三次元マスクふつう,1134.02,1361,350.0,396907.0
2025-10-21,4,メビウスＥＸＬＢ,1134.02,1361,528.0,598763.0
2025-10-21,4,グミチョコ苺,1134.02,1361,233.0,264227.0
2025-10-21,4,マカダミアＰＪカラメリゼ,1134.02,1361,175.0,198454.0
2025-10-21,4,たべっ子ラムネレモン味,1134.02,1361,150.0,170103.0
2025-10-21,4,ポテトＣおたくのマヨ味,1134.02,1361,190.0,215464.0
2025-10-21,4,ケントＮＳインテンスリＦ,1134.02,1361,500.0,567010.0
2025-10-21,4,メビウスＥＭＯＰＰ１Ｓ,1134.02,1361,455.0,515979.0
2025-10-21,4,３色そぼろ＆チキン南蛮弁,1134.02,1361,580.0,657732.0
2025-10-21,4,海苔巻おかき,1134.02,1361,228.0,258557.0
2025-10-21,4,レジ袋４５号,1134.02,1361,7.0,7938.0
2025-10-21,4,◎マシマシ紅しょうがせん,1134.02,1361,119.0,134948.0
2025-10-21,4,◎おこめチップスのりしお,1134.02,1361,249.0,282371.0
2025-10-21,4,メビウス１・１００ＢＯＸ,1134.02,1361,528.0,598763.0
2025-10-21,4,◎ミニクッキー,1134.02,1361,128.0,145155.0
2025-10-21,4,グリーンガム,1134.02,1361,138.0,156495.0
2025-10-21,4,◎黒ごまミニアスパラガス,1134.02,1361,119.0,134948.0
2025-10-21,4,健康のど飴梅小袋,1134.02,1361,128.0,145155.0
2025-10-21,4,メビＰメンＯＰＰ５,1134.02,1361,528.0,598763.0
2025-10-21,4,富士通ＰＲＥ　単３－４Ｐ,1134.02,1361,528.0,598763.0
2025-10-21,4,オリオンドラフト３５０,1134.02,1361,216.0,244948.0
2025-10-21,4,週刊少年マガジン,1134.02,1361,364.0,412783.0
2025-10-21,4,ｉｎバープロテインバニラ,1134.02,1361,170.0,192783.0
2025-10-21,4,◎ひとくちこしあん大福５,1134.02,1361,156.0,176907.0
2025-10-21,4,ミルク餅,1134.02,1361,130.0,147423.0
2025-10-21,4,◎有明産の海苔,1134.02,1361,121.0,137216.0
2025-10-21,4,まるごとりんごのど飴小袋,1134.02,1361,128.0,145155.0
2025-10-21,4,キットカットバー,1134.02,1361,140.0,158763.0
2025-10-21,4,グミだよ。レモネード味,1134.02,1361,166.0,188247.0
2025-10-21,4,カンデミーナＷ電撃ライチ,1134.02,1361,200.0,226804.0
2025-10-21,4,◎スパイシービーフジャー,1134.02,1361,156.0,176907.0
2025-10-21,4,ＢＳラーメンおつまみ,1134.02,1361,131.0,148557.0
2025-10-21,4,ケントトゥルータバコ,1134.02,1361,437.0,495567.0
2025-10-21,4,フェットチーネＰピーチパ,1134.02,1361,148.0,167835.0
2025-10-21,4,◎超暴君ハバネロ,1134.02,1361,128.0,145155.0
2025-10-21,4,◎ノアールミニ,1134.02,1361,119.0,134948.0
2025-10-21,4,スティックのりＰＩＴ,1134.02,1361,232.0,263093.0
2025-10-21,4,ケントＴリッチタバコ,1134.02,1361,437.0,495567.0
2025-10-21,4,クロレッツＸＰシャープミ,1134.02,1361,180.0,204124.0
2025-10-21,4,クールループド,1134.02,1361,455.0,515979.0
2025-10-21,4,ラーク・マイルド・ＢＯＸ,1134.02,1361,491.0,556804.0
2025-10-21,4,週　刊　プ　ロ　レ　ス,1134.02,1361,573.0,649793.0
2025-10-21,4,◎しっとりバウムクーヘン,1134.02,1361,167.0,189381.0
2025-10-21,4,◎つぶあんどら焼き,1134.02,1361,144.0,163299.0
2025-10-21,4,今治ＴＨドット／黒青,1134.02,1361,600.0,680412.0
2025-10-21,4,アメスピＯＬゴールド,1134.02,1361,382.0,433196.0
2025-10-21,4,ビッグ　コミック,1134.02,1361,437.0,495567.0
2025-10-21,4,グランドジャンプ,1134.02,1361,437.0,495567.0
2025-10-21,4,◎ばかうけたっぷり青のり,1134.02,1361,110.0,124742.0
2025-10-21,4,ニベアディープモイスチャ,1134.02,1361,533.0,604433.0
2025-10-21,4,ホロチャージホロライブＧ,1134.02,1361,260.0,294845.0
2025-10-21,4,トロピカーナオレンジ,1134.02,1361,150.0,170103.0
2025-10-21,4,１本満足プロテインチョコ,1134.02,1361,171.0,193917.0
2025-10-21,4,プロテインバー　チョコ,1134.02,1361,180.0,204124.0
2025-10-21,4,堅あげポテトうすしお味,1134.02,1361,179.0,202990.0
2025-10-21,4,氷結グレープフルーツ３５,1134.02,1361,168.0,190515.0
2025-10-21,4,読売新聞,1134.02,1361,164.0,185979.0
2025-10-21,4,週刊ベースボール,1134.02,1361,564.0,639587.0
2025-10-21,4,明治Ｒ－１ドリンク,1134.02,1361,149.0,168969.0
2025-10-21,4,◎瀬戸内レモンピール,1134.02,1361,167.0,189381.0
2025-10-21,4,雑貨（雑誌便）,1134.02,1361,2490.0,2823710.0
2025-10-21,4,マルボロ・メン４Ｂ,1134.02,1361,546.0,619175.0
2025-10-21,4,Ｗ・Ｃレッド８・ＢＯＸ,1134.02,1361,491.0,556804.0
2025-10-21,4,ネオＢワイルドベリー,1134.02,1361,455.0,515979.0
2025-10-21,4,ポリッピーしお味,1134.02,1361,120.0,136082.0
2025-10-21,4,特撰月餅,1134.02,1361,140.0,158763.0
2025-10-21,4,ＭＶＰＧフローズンウィズ,1134.02,1361,546.0,619175.0
2025-10-21,4,ふわもち生大福　コーヒー,1134.02,1361,138.0,156495.0
2025-10-21,4,ラー油四川風麻婆焼そば,1134.02,1361,499.0,565876.0
2025-10-21,4,サラサクリップ　赤,1134.02,1361,99.0,112268.0
2025-10-21,4,エボコールドＭ　ＰＬＭ,1134.02,1361,500.0,567010.0
2025-10-21,4,べスティＥＸ首振り,1134.02,1361,100.0,113402.0
2025-10-21,4,野菜スティック味噌マヨ,1134.02,1361,276.0,312990.0
2025-10-21,4,冷たい明太カルボナーラ,1134.02,1361,499.0,565876.0
2025-10-21,4,フレッシュ野菜サラダ,1134.02,1361,199.0,225670.0
2025-10-21,4,ミニチーズおかきお好み焼,1134.02,1361,147.0,166701.0
2025-10-21,4,メビウスＥＯＰＰ８,1134.02,1361,455.0,515979.0
2025-10-21,4,週刊少年サンデー,1134.02,1361,346.0,392371.0
2025-10-21,4,セロテープ小巻直線カッタ,1134.02,1361,220.0,249484.0
2025-10-21,4,メビウスＢ,1134.02,1361,528.0,598763.0
2025-10-21,4,洗顔シート　石けんの香り,1134.02,1361,246.0,278969.0
2025-10-21,4,ラーク・ＢＯＸ,1134.02,1361,491.0,556804.0
2025-10-21,4,日刊ゲンダイ　通常版,1134.02,1361,164.0,185979.0
2025-10-21,4,ＡｐｐｌｅＧＣ　ＶＡＲ,1134.02,1361,5000.0,5670100.0
2025-10-21,4,ＭＶマスカットＯＰＰＬＭ,1134.02,1361,455.0,515979.0
2025-10-21,4,タフグミｍｉｎｉデュオ,1134.02,1361,238.0,269897.0
2025-10-21,4,フェイシャルＰアイス,1134.02,1361,250.0,283505.0
2025-10-21,4,パリジャンサンドハムチズ,1134.02,1361,323.0,366288.0
2025-10-21,4,レインボーキューブグミ,1134.02,1361,198.0,224536.0
2025-10-21,4,冷しとろろそば,1134.02,1361,508.0,576082.0
2025-10-21,4,メビウス１００Ｂ,1134.02,1361,528.0,598763.0
2025-10-21,4,◎グリルチキン梅しそ,1134.02,1361,221.0,250618.0
2025-10-21,4,午後の紅茶　ストレート,1134.02,1361,160.0,181443.0
2025-10-21,4,ネオアイスドＭハイパー,1134.02,1361,455.0,515979.0
2025-10-21,4,じゃがりこＬ明太もんじゃ,1134.02,1361,218.0,247216.0
2025-10-21,4,◎ふんわりカステラ,1134.02,1361,119.0,134948.0
2025-10-21,4,プロテインピーナッツバタ,1134.02,1361,249.0,282371.0
2025-10-21,4,ＭＶアロマＲプルーム,1134.02,1361,473.0,536391.0
2025-10-21,4,さけるチーズとうがらし味,1134.02,1361,141.0,159897.0
2025-10-21,4,◎麻辣花生,1134.02,1361,128.0,145155.0
2025-10-21,4,無限そら豆濃塩ポーク,1134.02,1361,158.0,179175.0
2025-10-21,4,ＡｐｐｌｅＧＣ１．５千,1134.02,1361,1500.0,1701030.0
2025-10-21,4,冷シート　フローラル,1134.02,1361,462.0,523917.0
2025-10-21,4,ポカリスエット５００,1134.02,1361,150.0,170103.0
2025-10-21,4,ポッキーチョコレート,1134.02,1361,207.0,234742.0
2025-10-21,4,メビウスＥ６　１００Ｓ,1134.02,1361,455.0,515979.0
2025-10-21,4,オイコス　ストロベリー,1134.02,1361,189.0,214330.0
2025-10-21,4,センティアＣグリーン,1134.02,1361,482.0,546598.0
2025-10-21,4,デイリースポーツ,1134.02,1361,146.0,165567.0
2025-10-21,4,ハムレタスたまごサンド,1134.02,1361,265.0,300515.0
2025-10-21,4,◎高地栽培バナナ１本,1134.02,1361,130.0,147423.0
2025-10-21,4,ＣＷ晴雨兼用ミニ折傘,1134.02,1361,2014.0,2283916.0
2025-10-21,4,濃い大満足みかん,1134.02,1361,239.0,271031.0
2025-10-21,4,塩分チャージタブレッツ,1134.02,1361,238.0,269897.0
2025-10-21,4,ケントＴベリーブースト,1134.02,1361,437.0,495567.0
2025-10-21,4,朝日新聞,1134.02,1361,164.0,185979.0
2025-10-21,4,１９６無糖Ｗパイン３５,1134.02,1361,161.0,182577.0
2025-10-21,4,ケントＮＳブライトタバコ,1134.02,1361,500.0,567010.0
2025-10-21,4,◎グリルチキンゆず七味,1134.02,1361,221.0,250618.0
2025-10-21,4,エボベリーＣＲ　ＰＬＭ,1134.02,1361,500.0,567010.0
2025-10-21,4,メビウスＳＬＢ,1134.02,1361,528.0,598763.0
2025-10-21,4,エボディープＲ　ＰＬＭ,1134.02,1361,500.0,567010.0
2025-10-21,4,ＳｐｏｒｔｓＧｒａｐｈｉ,1134.02,1361,746.0,845979.0
2025-10-21,4,少年チャンピオン,1134.02,1361,364.0,412783.0
2025-10-21,4,紳士リブＳ黒,1134.02,1361,390.0,442268.0
2025-10-21,4,文庫,1134.02,1361,600.0,680412.0
2025-10-21,4,ヤング　ジャンプ,1134.02,1361,428.0,485361.0
2025-10-21,4,フリスクペパーミント,1134.02,1361,235.0,266495.0
2025-10-21,4,テリアルビーレギュラー,1134.02,1361,528.0,598763.0
2025-10-21,4,週　刊　新　潮,1134.02,1361,464.0,526185.0
2025-10-21,4,◎２種の醤油仕上げ柿ピー,1134.02,1361,167.0,189381.0
2025-10-21,4,三次元マスク大きめ,1134.02,1361,350.0,396907.0
2025-10-21,4,顔体用シート　ゴミポケ,1134.02,1361,280.0,317526.0
2025-10-21,4,炙り焼　鳥めし弁当,1134.02,1361,526.0,596495.0
2025-10-21,4,今治ＴＨ　ハート,1134.02,1361,637.0,722371.0
2025-10-21,4,スポニチ東日本,1134.02,1361,164.0,185979.0
2025-10-21,4,ざるそば,1134.02,1361,417.0,472886.0
2025-10-21,4,◎塩揚げ餅,1134.02,1361,128.0,145155.0
2025-10-21,4,ラッキーＳベリーＢ,1134.02,1361,391.0,443402.0
2025-10-21,4,◎チョコチップスコーン,1134.02,1361,149.0,168969.0
2025-10-21,4,週　刊　実　話,1134.02,1361,519.0,588556.0
2025-10-21,4,チ－ズインカレ－ハンバ－,1134.02,1361,184.0,208660.0
2025-10-21,4,マルボロミディアムＢＯＸ,1134.02,1361,546.0,619175.0
2025-10-21,4,ＧＰｌａｙバリアブル,1134.02,1361,3000.0,3402060.0
2025-10-21,4,ソフトワン使い切り１回分,1134.02,1361,121.0,137216.0
2025-10-21,4,ソルティライチ,1134.02,1361,163.0,184845.0
2025-10-21,4,果汁グミ弾力プラスいちご,1134.02,1361,225.0,255154.0
2025-10-21,4,綴じノートＢ５Ａ罫,1134.02,1361,208.0,235876.0
2025-10-21,4,ニッカン東日本（日刊スポ,1134.02,1361,164.0,185979.0
2025-10-21,4,クリニカハミガキ　ミニ,1134.02,1361,91.0,103196.0
2025-10-21,4,アメリカヘアピン,1134.02,1361,280.0,317526.0
2025-10-21,4,午後の紅茶おいしい無糖,1134.02,1361,158.0,179175.0
2025-10-21,4,折りたたみセットコーム,1134.02,1361,491.0,556804.0
2025-10-21,4,極冷感　フリージア,1134.02,1361,462.0,523917.0
2025-10-21,4,回転焼（抹茶あん）２個入,1134.02,1361,147.0,166701.0
2025-10-21,4,冷しぶっかけ豚肉うどん,1134.02,1361,554.0,628247.0
2025-10-21,4,クリニカトラベルセット,1134.02,1361,330.0,374227.0
2025-10-21,4,かっぱえびせん鳴門の塩,1134.02,1361,158.0,179175.0
2025-10-21,4,プレミアムルック清水白桃,1134.02,1361,270.0,306185.0
2025-10-21,4,ポテトチップス大人の夏味,1134.02,1361,158.0,179175.0
2025-10-21,4,フリスクＣＢフレッシュＭ,1134.02,1361,278.0,315258.0
2025-10-21,4,◎あたりめ　小,1134.02,1361,147.0,166701.0
2025-10-21,4,ハッピーターンスパイス,1134.02,1361,120.0,136082.0
2025-10-21,4,◎チョコマカダミアクッキ,1134.02,1361,184.0,208660.0
2025-10-21,4,アイスコーヒーＭ,1134.02,1361,223.0,252886.0
2025-10-21,4,Ｆ謹製塩豆大福,1134.02,1361,167.0,189381.0
2025-10-21,4,◎トルティーヤＣタコス味,1134.02,1361,128.0,145155.0
2025-10-21,4,ミニ冷し中華,1134.02,1361,369.0,418453.0
2025-10-21,4,競馬ブック,1134.02,1361,500.0,567010.0
2025-10-21,4,週刊　漫画タイムス,1134.02,1361,364.0,412783.0
2025-10-21,4,ＢＳおつまみ激辛チキン,1134.02,1361,136.0,154227.0
2025-10-21,4,東スポ競馬特別版,1134.02,1361,228.0,258557.0
2025-10-21,4,キャメルクラフト１２,1134.02,1361,410.0,464948.0
2025-10-21,4,メビウスＳＴ１　１００,1134.02,1361,528.0,598763.0
2025-10-21,4,アロンアルフア速効多用途,1134.02,1361,501.0,568144.0
2025-10-21,4,◎風味が豊かなチーズ鱈小,1134.02,1361,172.0,195051.0
2025-10-21,4,ライトニング用イヤホン,1134.02,1361,3255.0,3691235.0
2025-10-21,4,ＭＶＭミントＭプルーム,1134.02,1361,455.0,515979.0
2025-10-21,4,◎春雨スープかきたま,1134.02,1361,167.0,189381.0
2025-10-21,4,ピアニシモ・プレシアメン,1134.02,1361,519.0,588556.0
2025-10-21,4,ハイマッキー　太字　黒,1134.02,1361,136.0,154227.0
2025-10-21,4,ミックスアイス,1134.02,1361,464.0,526185.0
2025-10-21,4,コミック,1134.02,1361,520.0,589690.0
2025-10-21,4,海味鮮,1134.02,1361,120.0,136082.0
2025-10-21,4,漫　画　ゴラク,1134.02,1361,500.0,567010.0
2025-10-21,4,ビッグコミックオリジナル,1134.02,1361,437.0,495567.0
2025-10-21,4,もっちりクリームロール,1134.02,1361,313.0,354948.0
2025-10-21,4,塩チョコタルト,1134.02,1361,258.0,292577.0
2025-10-21,4,雑誌（地元発行紙）,1134.02,1361,228.0,258557.0
2025-10-21,4,アクアリッチ　エッセンス,1134.02,1361,880.0,997938.0
2025-10-21,4,ベロブリージーマンゴーＭ,1134.02,1361,291.0,330000.0
2025-10-21,4,噛むブレスケアレモン,1134.02,1361,385.0,436598.0
2025-10-21,4,月刊　少年マガジン,1134.02,1361,637.0,722371.0
2025-10-21,4,マッキー　極細　黒,1134.02,1361,111.0,125876.0
2025-10-21,4,ネオＢレッドフルーツ,1134.02,1361,455.0,515979.0
2025-10-21,4,技のこだ割り濃厚醤油,1134.02,1361,138.0,156495.0
2025-10-21,4,さけるチーズスモーク味,1134.02,1361,141.0,159897.0
2025-10-21,4,冷シート　無香,1134.02,1361,462.0,523917.0
2025-10-21,4,大盛　明太子スパゲティ,1134.02,1361,554.0,628247.0
2025-10-21,4,ブレンドＭ,1134.02,1361,204.0,231340.0
2025-10-21,4,スポーツ報知,1134.02,1361,164.0,185979.0
2025-10-21,4,日刊スポーツ,1134.02,1361,164.0,185979.0
2025-10-21,4,競馬エイト,1134.02,1361,591.0,670206.0
2025-10-21,4,ゼロチョコレートクリスプ,1134.02,1361,220.0,249484.0
2025-10-21,4,◎ドライもも,1134.02,1361,276.0,312990.0
2025-10-21,4,メビウスＥＸＬ１００Ｂ,1134.02,1361,528.0,598763.0
2025-10-21,4,キャメルクラフト１,1134.02,1361,410.0,464948.0
2025-10-21,4,今治ＴＨＣグラデーション,1134.02,1361,600.0,680412.0
2025-10-21,4,今治ＴＨ　ストライプＢＧ,1134.02,1361,637.0,722371.0
2025-10-21,4,テリアメンソール１０Ｐ,1134.02,1361,5273.0,5979687.0
2025-10-21,4,オイコスドリンク　カフェ,1134.02,1361,248.0,281237.0
2025-10-21,4,明治ヨーグルトＲ－１,1134.02,1361,144.0,163299.0
2025-10-21,4,ネオＢマスカッット,1134.02,1361,455.0,515979.0
2025-10-21,4,夏ポテト紀州の南高梅味,1134.02,1361,179.0,202990.0
2025-10-21,4,ＧＰｌａｙ５０００,1134.02,1361,5000.0,5670100.0
2025-10-21,4,スパッシュラムネレモン,1134.02,1361,147.0,166701.0
2025-10-21,4,ラッキーＳトロピカルＢ,1134.02,1361,391.0,443402.0
2025-10-21,4,スフレ・プリン,1134.02,1361,306.0,347010.0
2025-10-21,4,スポーツニッポン,1134.02,1361,164.0,185979.0
2025-10-21,4,エボルタＮＥＯ単３－４Ｐ,1134.02,1361,659.0,747319.0
2025-10-21,4,アスティーグ肌　Ｌ,1134.02,1361,600.0,680412.0
2025-10-21,4,消しゴム　ＭＯＮＯ,1134.02,1361,110.0,124742.0
2025-10-21,4,キャップ付鉛筆３Ｐ,1134.02,1361,180.0,204124.0
2025-10-21,4,ケント・１・ＫＳ・ＢＯＸ,1134.02,1361,473.0,536391.0
2025-10-21,4,スーパーグリップシャープ,1134.02,1361,100.0,113402.0
2025-10-21,4,ショートＳ灰緑／白小,1134.02,1361,390.0,442268.0
2025-10-21,4,ソルティグレフルグミ,1134.02,1361,184.0,208660.0
2025-10-21,4,うまイチュウ青りんご味,1134.02,1361,127.0,144021.0
2025-10-21,4,ペタグーシャインマスカッ,1134.02,1361,150.0,170103.0
2025-10-21,4,クールマイルド・ＢＯＸ,1134.02,1361,528.0,598763.0
2025-10-21,4,マロッシュラムネ味,1134.02,1361,159.0,180309.0
2025-10-21,4,アポロマイスタイル,1134.02,1361,247.0,280103.0
2025-10-21,4,◎夏のベイクドチーズＣ,1134.02,1361,138.0,156495.0
2025-10-21,4,パイの実レアチーズケーキ,1134.02,1361,238.0,269897.0
2025-10-21,4,ビッグコミックスピリッツ,1134.02,1361,464.0,526185.0
2025-10-21,4,塩キャラメルプリン,1134.02,1361,230.0,260825.0
2025-10-21,4,クロレッツＸＰ　クリアミ,1134.02,1361,180.0,204124.0
2025-10-21,4,ライトニング電池式６本,1134.02,1361,2346.0,2660411.0
2025-10-21,4,多当仏　御霊前,1134.02,1361,87.0,98660.0
2025-10-21,4,テリヤキチキンたまごコぺ,1134.02,1361,323.0,366288.0
2025-10-21,4,ワンピデッキシャンクス,1134.02,1361,500.0,567010.0
2025-10-21,4,◎ばんそうこう３サイズ,1134.02,1361,362.0,410515.0
2025-10-21,4,◎塩キャラメルケーキタ３,1134.02,1361,167.0,189381.0
2025-10-21,4,Ｃボス　地中海スカッシュ,1134.02,1361,166.0,188247.0
2025-10-21,4,マッチ　５００,1134.02,1361,150.0,170103.0
2025-10-21,4,テリアスムースＲ１０Ｐ,1134.02,1361,5273.0,5979687.0
2025-10-21,4,こだわり酒場のレモン３５,1134.02,1361,161.0,182577.0
2025-10-21,4,狩人めしエナジードリンク,1134.02,1361,125.0,141752.0
2025-10-21,4,サントリー生ビール３５０,1134.02,1361,212.0,240412.0
2025-10-21,4,北海道生ビール３５０,1134.02,1361,216.0,244948.0
2025-10-21,4,◎やわらか燻製さきいか,1134.02,1361,184.0,208660.0
2025-10-21,4,◎とうふとわかめ,1134.02,1361,121.0,137216.0
2025-10-21,4,青磯海苔　まぐろたくあん,1134.02,1361,187.0,212062.0
2025-10-21,4,ザバスチョコレート２００,1134.02,1361,205.0,232474.0
2025-10-21,4,大粒ラムネアイスボックス,1134.02,1361,161.0,182577.0
2025-10-21,4,男梅サワー梅涼し３５０,1134.02,1361,187.0,212062.0
2025-10-21,4,もち麦　新生姜とわかめ,1134.02,1361,163.0,184845.0
2025-10-21,4,紳士くるぶし丈Ｓ黒,1134.02,1361,390.0,442268.0
2025-10-21,4,ショートＳ灰緑／白大,1134.02,1361,390.0,442268.0
2025-10-21,4,漬け真鯛おむすび,1134.02,1361,260.0,294845.0
2025-10-21,4,こってり炒飯おむすび,1134.02,1361,166.0,188247.0
2025-10-21,4,手巻寿司　ばくだん納豆,1134.02,1361,207.0,234742.0
2025-10-21,4,茶流彩彩　コーン茶,1134.02,1361,110.0,124742.0
2025-10-21,4,◎どかっとベーコンチーズ,1134.02,1361,139.0,157629.0
2025-10-21,4,ＢＩＧあらびきソーセージ,1134.02,1361,150.0,170103.0
2025-10-21,4,◎クランベリー＆チーズク,1134.02,1361,147.0,166701.0
2025-10-21,4,◎塩バターパン（チョコク,1134.02,1361,156.0,176907.0
2025-10-21,4,３種のミックスサンド,1134.02,1361,298.0,337938.0
2025-10-21,4,ネオＢトロピカルハイパー,1134.02,1361,455.0,515979.0
2025-10-21,4,ブラックＴココナッツ小袋,1134.02,1361,128.0,145155.0
2025-10-21,4,ぷっちょＳＴ瀬戸内レモン,1134.02,1361,118.0,133814.0
2025-10-21,4,みんなのレモネード,1134.02,1361,212.0,240412.0
2025-10-21,4,オレンジもちとろクリーム,1134.02,1361,184.0,208660.0
2025-10-21,4,まるごとバナナ,1134.02,1361,260.0,294845.0
2025-10-21,4,８×４ロールオンせっけん,1134.02,1361,641.0,726907.0
2025-10-21,4,ノンシュガー塩果実キャン,1134.02,1361,211.0,239278.0
2025-10-21,4,◎ふんわりとしたパンケ８,1134.02,1361,172.0,195051.0
2025-10-21,4,つくね＆鶏そぼろごはん,1134.02,1361,313.0,354948.0
2025-10-21,4,ＩＱＯＳｉＯＭブラック,1134.02,1361,3619.0,4104018.0
2025-10-21,4,◎焼きカレーパン３個入,1134.02,1361,184.0,208660.0
2025-10-21,4,プライドポテト神戸ビーフ,1134.02,1361,168.0,190515.0
2025-10-21,4,堅あげ焼きとうもろこし,1134.02,1361,179.0,202990.0
2025-10-21,4,◎Ｆボスブラック　４５０,1134.02,1361,130.0,147423.0
2025-10-21,4,コアラのマーチ練乳ミルク,1134.02,1361,177.0,200722.0
2025-10-21,4,ＰＧスパイシーチキンＳ缶,1134.02,1361,168.0,190515.0
2025-10-21,4,ハニーミルクティー,1134.02,1361,230.0,260825.0
2025-10-21,4,果汁グミすいか,1134.02,1361,152.0,172371.0
2025-10-21,4,カスタムプラスＥＸ首振り,1134.02,1361,398.0,451340.0
2025-10-21,4,ツナとたまごサンド,1134.02,1361,265.0,300515.0
2025-10-21,4,◎塩チョコフィナンシェ,1134.02,1361,167.0,189381.0
2025-10-21,4,大盛豚肉とねぎの塩焼そば,1134.02,1361,554.0,628247.0
2025-10-21,4,純連冷し味噌ラーメン,1134.02,1361,599.0,679278.0
2025-10-21,4,フルーツの沼メロン＆白桃,1134.02,1361,230.0,260825.0
2025-10-21,4,トルティーヤ豚生姜ハムチ,1134.02,1361,369.0,418453.0
2025-10-21,4,ぷっちょイカゲーム第二弾,1134.02,1361,193.0,218866.0
2025-10-21,4,Ｗ・Ｃホワイト３ＢＯＸ,1134.02,1361,491.0,556804.0
2025-10-21,4,毎日新聞（１都６県静０１,1134.02,1361,,
2025-10-21,4,東京スポーツ（１都６県静,1134.02,1361,,
2025-10-21,4,東京新聞（１都６県静０１,1134.02,1361,,
2025-10-21,4,スポーツ報知（関東東北北,1134.02,1361,,
2025-10-21,4,日刊ゲンダイ（１都６県静,1134.02,1361,,
2025-10-21,4,納豆細巻寿司（２巻増量）,1134.02,1361,389.0,441134.0
2025-10-21,4,ＪＴニューヨーク（旧：ヘ,1134.02,1361,,
2025-10-21,4,読売新聞（１都６県静０１,1134.02,1361,,
2025-10-21,4,日本経済新聞（静０５）,1134.02,1361,,
2025-10-21,4,朝日新聞（宮山梨静０５以,1134.02,1361,,
2025-10-21,4,ＴｈｅＪａｐａｎＮｅｗｓ,1134.02,1361,,
2025-10-21,4,産経新聞（宮山梨静０５以,1134.02,1361,,
2025-10-21,4,プロテインキャラメル,1134.02,1361,249.0,282371.0
2025-10-21,4,キャメルクラフトＭＢ５,1134.02,1361,410.0,464948.0
2025-10-21,4,◎どかっとテリマヨチキン,1134.02,1361,135.0,153093.0
2025-10-21,4,スポニチ（山梨静０５以外,1134.02,1361,,
2025-10-21,4,デイリースポーツ（１都６,1134.02,1361,,
2025-10-21,4,サンスポ（山梨静０５以外,1134.02,1361,,
2025-10-21,4,日刊スポ（山梨静０５以外,1134.02,1361,,
2025-10-21,4,婦人リブＳ白,1134.02,1361,390.0,442268.0
2025-10-21,4,◎こだわりのバタークッキ,1134.02,1361,239.0,271031.0
2025-10-21,4,Ｆはちみつ＆マーガリンの,1134.02,1361,147.0,166701.0
2025-10-21,4,男梅シート,1134.02,1361,200.0,226804.0
2025-10-21,4,ＧＰｌａｙ３０００,1134.02,1361,3000.0,3402060.0
2025-10-21,4,Ｓスター１０Ｂ,1134.02,1361,546.0,619175.0
2025-10-21,4,オイコス　パッションフル,1134.02,1361,189.0,214330.0
2025-10-21,4,コーヒー用氷Ｓ,1134.02,1361,,
2025-10-21,4,◎冷スープかぼちゃと人参,1134.02,1361,332.0,376495.0
2025-10-21,4,ＣＷ晴雨兼用スリム折傘,1134.02,1361,2014.0,2283916.0
2025-10-21,4,セブンスター１０Ｐ,1134.02,1361,5455.0,6186079.0
2025-10-21,4,フライドチキン＆ハンバー,1134.02,1361,555.0,629381.0
2025-10-21,4,ケントエス・スパーク５,1134.02,1361,455.0,515979.0
2025-10-21,4,Ｃ玄米ブラン贅沢ミルク,1134.02,1361,180.0,204124.0
2025-10-21,4,Ｃ玄米ブラン　カカオ,1134.02,1361,155.0,175773.0
2025-10-21,4,ブルガリアＹＯマスカット,1134.02,1361,185.0,209794.0
2025-10-21,4,激辛韓国風焼そば,1134.02,1361,510.0,578350.0
2025-10-21,4,◎フルーツＣ塩レモン,1134.02,1361,276.0,312990.0
2025-10-21,4,沖縄黒糖のブラウにゃー,1134.02,1361,220.0,249484.0
2025-10-21,4,カントリーＭ塩バニラアイ,1134.02,1361,145.0,164433.0
2025-10-21,4,シングルモルト白州１８０,1134.02,1361,1950.0,2211339.0
2025-10-21,4,週刊ＴＶガイド（関東版）,1134.02,1361,,
2025-10-21,4,その他３口座売上,1134.02,1361,649.0,735979.0
2025-10-21,4,竹箸　５００膳,1134.02,1361,,
2025-10-21,4,ＴＶＬＩＦＥ　首都圏版,1134.02,1361,,
2025-10-21,4,コーヒー用氷Ｍ,1134.02,1361,,
2025-10-21,4,ａｎａｎ（アンアン）,1134.02,1361,,
2025-10-21,4,コーヒーリッドＭ,1134.02,1361,,
2025-10-21,4,今治ＴＨフジＲ２５,1134.02,1361,637.0,722371.0
2025-10-21,4,ストローレスリッド,1134.02,1361,,
2025-10-21,4,しあわせ素肌ミニ夜用,1134.02,1361,162.0,183711.0
2025-10-21,4,ニンフィアゼリードリンク,1134.02,1361,249.0,282371.0
2025-10-21,4,新・値下シール３０円,1134.02,1361,,
2025-10-21,4,ＣＷ折りたたみ耐風傘,1134.02,1361,2014.0,2283916.0
2025-10-21,4,サンデー毎日,1134.02,1361,600.0,680412.0
2025-10-21,4,カフェカップＳ,1134.02,1361,,
2025-10-21,4,塩分チャージタブ小袋,1134.02,1361,140.0,158763.0
2025-10-21,4,週刊　女性セブン,1134.02,1361,482.0,546598.0
2025-10-21,4,第１０７回全国高校野球選,1134.02,1361,,
2025-10-21,4,お泊まりスキンケアセット,1134.02,1361,380.0,430928.0
2025-10-21,4,楽天ギフトバリアブル,1134.02,1361,10500.0,11907210.0
2025-10-21,4,ＡＥＲＡ（アエラ）,1134.02,1361,591.0,670206.0
2025-10-21,4,なめらか食感水ようかん,1134.02,1361,158.0,179175.0
2025-10-21,4,トマトベーコンパスタサラ,1134.02,1361,389.0,441134.0
2025-10-21,4,ベ　ス　ト　カ　ー,1134.02,1361,537.0,608969.0
2025-10-21,4,ポケカ拡張ステラ,1134.02,1361,164.0,185979.0
2025-10-21,4,ベロＢマンゴーＭ５Ｐ,1134.02,1361,1455.0,1649999.0
2025-10-21,4,明太マヨいか天,1134.02,1361,130.0,147423.0
2025-10-21,4,マウスＷクリア８０ＭＬ,1134.02,1361,200.0,226804.0
2025-10-21,4,こんがりパンポタージュ,1134.02,1361,170.0,192783.0
2025-10-21,4,クラフトテープ　１巻,1134.02,1361,,
2025-10-21,4,タリーズブラック３９０,1134.02,1361,158.0,179175.0
2025-10-21,4,アルバトロス・ビュー,1134.02,1361,,
2025-10-21,4,テリアレギュラー１０Ｐ,1134.02,1361,5273.0,5979687.0
2025-10-21,4,発注レジ袋１２号バイオマ,1134.02,1361,,
2025-10-21,4,ショコラ＆ホイップパイ,1134.02,1361,239.0,271031.0
2025-10-21,4,ビッグコミックスペリオー,1134.02,1361,464.0,526185.0
2025-10-21,4,ネイビーやまがた県民手帳,1134.02,1361,500.0,567010.0
2025-10-21,4,塩レモンクッキーシュー,1134.02,1361,204.0,231340.0
2025-10-21,4,アスティーグ黒　Ｍ,1134.02,1361,600.0,680412.0
2025-10-21,4,しょうが香る冷し薬味そば,1134.02,1361,,
2025-10-21,4,明太海苔弁当,1134.02,1361,555.0,629381.0
2025-10-21,4,東京スポーツ競馬特別版,1134.02,1361,,
2025-10-21,4,夏ポテト対馬の浜御塩味,1134.02,1361,179.0,202990.0
2025-10-21,4,優馬（関東山形福島）,1134.02,1361,,
2025-10-21,4,日刊競馬（関東山形福島）,1134.02,1361,,
2025-10-21,4,勝馬（関東山形福島）,1134.02,1361,,
2025-10-21,4,競友（関東福島）,1134.02,1361,,
2025-10-21,4,競馬エイト（関東福島）,1134.02,1361,,
2025-10-21,4,競馬ブック（関東山形福島,1134.02,1361,,
2025-10-21,4,馬サブロー（１都６県宮城,1134.02,1361,,
2025-10-21,4,研究（関東山形福島）,1134.02,1361,,
2025-10-21,4,リルＨリキッドＣ,1134.02,1361,73.0,82783.0
2025-10-21,4,ネックバンドイヤホン　黒,1134.02,1361,3164.0,3588039.0
2025-10-21,4,天使のチーズケーキ,1134.02,1361,230.0,260825.0
2025-10-21,4,プレジデント,1134.02,1361,,
2025-10-21,4,ＰＯＳレジロール５０巻,1134.02,1361,,
2025-10-21,4,ペーパータオルＢＳ,1134.02,1361,,
2025-10-21,4,ＪＴオンサンデー（旧：ジ,1134.02,1361,,
2025-10-21,4,コーヒーフレッシュ,1134.02,1361,,
2025-10-21,4,ダーク豆（ＵＣＣ）,1134.02,1361,,
2025-10-21,4,ピース（２０本）,1134.02,1361,546.0,619175.0
2025-10-21,4,２５０円スポーツ,1134.02,1361,228.0,258557.0
2025-10-21,4,ワンピデッキ緑黄ヤマト,1134.02,1361,500.0,567010.0
2025-10-21,4,ワンピデッキ紫黒ルフィ,1134.02,1361,500.0,567010.0
2025-10-21,4,婦人クルーＳ黒,1134.02,1361,390.0,442268.0
2025-10-21,4,ワンピデッキ　バギー,1134.02,1361,500.0,567010.0
2025-10-21,4,ハミガキハブラシセット,1134.02,1361,448.0,508041.0
2025-10-21,4,ＬストライクＢ,1134.02,1361,564.0,639587.0
2025-10-21,4,備蓄米１Ｋｇ,1134.02,1361,,
2025-10-21,4,ｉｎバー　ベイクドビター,1134.02,1361,170.0,192783.0
2025-10-21,4,２ＷＡＹマーカーピンク,1134.02,1361,180.0,204124.0
2025-10-21,4,ガムシロップ,1134.02,1361,,
2025-10-21,4,備蓄米　１ｋｇ,1134.02,1361,360.0,408247.0
2025-10-21,4,堅ぶつ旨塩,1134.02,1361,128.0,145155.0
2025-10-21,4,◎人気のミックスナッツ,1134.02,1361,360.0,408247.0
2025-10-21,4,うるおいさらっとジェル,1134.02,1361,248.0,281237.0
2025-10-21,4,ワンピデッキジュエリー,1134.02,1361,500.0,567010.0
2025-10-21,4,Ｃボス　フルーツエード,1134.02,1361,143.0,162165.0
2025-10-21,4,紅茶花伝　ミルクティー,1134.02,1361,155.0,175773.0
2025-10-21,4,週刊　プレイボーイ,1134.02,1361,591.0,670206.0
2025-10-21,4,今治ＴＨ２５春の色白,1134.02,1361,600.0,680412.0
2025-10-21,4,週　刊　大　衆,1134.02,1361,437.0,495567.0
2025-10-21,4,サクレグミレモン＆梨,1134.02,1361,208.0,235876.0
2025-10-21,4,つぶ塩梅,1134.02,1361,158.0,179175.0
2025-10-21,4,パーラメント１００ＢＯＸ,1134.02,1361,564.0,639587.0
2025-10-21,4,あの夏のラムネグミ,1134.02,1361,167.0,189381.0
2025-10-21,4,濃厚カスタードシュー,1134.02,1361,156.0,176907.0
2025-10-21,4,オレンジパンチ３５０,1134.02,1361,161.0,182577.0
2025-10-21,4,全粒粉サラダチキンたまご,1134.02,1361,369.0,418453.0
2025-10-21,4,パリジャン３種ミート,1134.02,1361,348.0,394639.0
2025-10-21,4,センテＩブラック１０Ｐ,1134.02,1361,4819.0,5464842.0
2025-10-21,4,炭火焼うなぎおむすび,1134.02,1361,369.0,418453.0
2025-10-21,4,海鮮サラダおむすび,1134.02,1361,147.0,166701.0
2025-10-21,4,おろしタツタ弁当（わかめ,1134.02,1361,598.0,678144.0
2025-10-21,4,ビーフハンバーグのロコモ,1134.02,1361,647.0,733711.0
2025-10-21,4,ＳＰＡＭ　玉子焼き,1134.02,1361,313.0,354948.0
2025-10-21,4,週刊　東洋経済,1134.02,1361,864.0,979793.0
2025-10-21,4,エ　コ　ノ　ミ　ス　ト,1134.02,1361,,
2025-10-21,4,テリアリッチＲ１０Ｐ,1134.02,1361,5273.0,5979687.0
2025-10-21,4,ＹＯＵＮＧ　ＫＩＮＧ（ヤ,1134.02,1361,464.0,526185.0
2025-10-21,4,野菜生活巨峰,1134.02,1361,118.0,133814.0
2025-10-21,4,ブーストバイツ,1134.02,1361,240.0,272165.0
2025-10-21,4,専炭治郎の抹茶クリームロ,1134.02,1361,158.0,179175.0
2025-10-21,4,銀鮭と煮物の幕の内弁当,1134.02,1361,555.0,629381.0
2025-10-21,4,鬼滅の刃フルーツオレ,1134.02,1361,249.0,282371.0
2025-10-21,4,アサイーボウルドリンク,1134.02,1361,249.0,282371.0
2025-10-21,4,◎生スコーン６個入（チー,1134.02,1361,172.0,195051.0
2025-10-21,4,サンド寿司　サーモン,1134.02,1361,334.0,378763.0
2025-10-21,4,Ｆ伊之助のほわほわ大福,1134.02,1361,125.0,141752.0
2025-10-21,4,Ｆ水柱の水まんじゅう（ラ,1134.02,1361,149.0,168969.0
2025-10-21,4,◎マラサダ（マカダミアチ,1134.02,1361,147.0,166701.0
2025-10-21,4,専胡蝶しのぶの藤色メロン,1134.02,1361,165.0,187113.0
2025-10-21,4,◎Ｆボス　ラテ　４５０,1134.02,1361,139.0,157629.0
2025-10-21,4,新Ｅプリンター用インク青,1134.02,1361,,
2025-10-21,4,◎レモネードソーダ,1134.02,1361,186.0,210928.0
2025-10-21,4,翠ジンソーダ３５０,1134.02,1361,194.0,220000.0
2025-10-21,4,ＳＰＡ！（スパ！）,1134.02,1361,573.0,649793.0
2025-10-21,4,半熟たまご大盛冷しうどん,1134.02,1361,554.0,628247.0
2025-10-21,4,ライオンカフェオレ,1134.02,1361,208.0,235876.0
2025-10-21,4,台湾風まぜそば,1134.02,1361,599.0,679278.0
2025-10-21,4,週刊女性自身,1134.02,1361,500.0,567010.0
2025-10-21,4,週刊ゴルフダイジェスト,1134.02,1361,573.0,649793.0
2025-10-21,4,クア・アイナテリチキン,1134.02,1361,369.0,418453.0
2025-10-21,4,フライドサイミン,1134.02,1361,,
2025-10-21,4,週刊アサヒ芸能,1134.02,1361,564.0,639587.0
2025-10-21,4,マカダミアパンケーキ,1134.02,1361,323.0,366288.0
2025-10-21,4,ＦＬＡＳＨ　（フラッシュ,1134.02,1361,664.0,752989.0
2025-10-21,4,ミンティアグレープ,1134.02,1361,105.0,119072.0
2025-10-21,4,健康のど飴冷やし飴小袋,1134.02,1361,138.0,156495.0
2025-10-21,4,コアラのマーチいちご,1134.02,1361,164.0,185979.0
2025-10-21,4,◎ハムエッグデニッシュ２,1134.02,1361,135.0,153093.0
2025-10-21,4,週　刊　女　性,1134.02,1361,,
2025-10-21,4,透明プリン？マンゴー？,1134.02,1361,194.0,220000.0
2025-10-21,4,青ねぎと蒸し鶏のパスタ,1134.02,1361,462.0,523917.0
2025-10-21,4,２０品目のサラダ,1134.02,1361,276.0,312990.0
2025-10-21,4,ベロＭＰミントＸインテン,1134.02,1361,310.0,351546.0
2025-10-21,4,◎りんごカスタードデニ４,1134.02,1361,167.0,189381.0
2025-10-21,4,◎ハムチーズクロワッサン,1134.02,1361,135.0,153093.0
2025-10-21,4,紳士ショートＳ黒,1134.02,1361,390.0,442268.0
2025-10-21,4,ラインＳ２５夏の色白大,1134.02,1361,390.0,442268.0
2025-10-21,4,カルピスＰマンゴーピーチ,1134.02,1361,170.0,192783.0
2025-10-21,4,ブリーフ団イカ墨まぜそば,1134.02,1361,369.0,418453.0
2025-10-21,4,江頭　激辛豚骨ラーメン,1134.02,1361,369.0,418453.0
2025-10-21,4,ラークウルトラ１・１００,1134.02,1361,491.0,556804.0
2025-10-21,4,◎ひとくち濃厚梅だれせん,1134.02,1361,139.0,157629.0
2025-10-21,4,ミニチーズおかきガーリッ,1134.02,1361,150.0,170103.0
2025-10-21,4,◎瀬戸内レモンのドーナツ,1134.02,1361,139.0,157629.0
2025-10-21,4,キリン晴れ風３５０,1134.02,1361,216.0,244948.0
2025-10-21,4,Ｇファイトシャープ芯ＨＢ,1134.02,1361,200.0,226804.0
2025-10-21,4,最強王図鑑激闘バトルグミ,1134.02,1361,193.0,218866.0
2025-10-21,4,すっぱいぶどうグミ,1134.02,1361,100.0,113402.0
2025-10-21,4,レインコートＭ,1134.02,1361,687.0,779072.0
2025-10-21,4,オイコス　レモン＆ハニー,1134.02,1361,179.0,202990.0
2025-10-21,4,４５Ｌ半透明ゴミ袋,1134.02,1361,,
2025-10-21,4,レジ従業員金庫引継ノート,1134.02,1361,,
2025-10-21,4,◎生コッペパン（ハムカツ,1134.02,1361,167.0,189381.0
2025-10-21,4,振って塩こんぶキャベツ,1134.02,1361,221.0,250618.0
2025-10-21,4,センティアＦエメラルド,1134.02,1361,482.0,546598.0
2025-10-21,4,サンカット　ＵＶスプレー,1134.02,1361,798.0,904948.0
2025-10-21,4,抹茶シベリア３個入,1134.02,1361,230.0,260825.0
2025-10-21,4,ライト豆（ＵＣＣ）,1134.02,1361,,
2025-10-21,4,ターザン,1134.02,1361,728.0,825567.0
2025-10-21,4,ジャージー牛乳プリン,1134.02,1361,178.0,201856.0
2025-10-21,4,ＡｐｐｌｅＧＣ＿５千,1134.02,1361,5000.0,5670100.0
2025-10-21,4,ベロスピッフィーＳミント,1134.02,1361,291.0,330000.0
2025-10-21,4,センテＣシルバー１０Ｐ,1134.02,1361,4819.0,5464842.0
2025-10-21,4,電卓　１２桁,1134.02,1361,1280.0,1451546.0
2025-10-21,4,ライトニングイヤホン変換,1134.02,1361,1982.0,2247628.0
2025-10-21,4,ＦＲＩＤＡＹ（フライデー,1134.02,1361,710.0,805154.0
2025-10-21,4,オレンジページ,1134.02,1361,544.0,616907.0
2025-10-21,4,ミルクソースのシフォン,1134.02,1361,369.0,418453.0
2025-10-21,4,ネオチルドＭハイパー用,1134.02,1361,455.0,515979.0
2025-10-21,4,カーセンサー東日本版,1134.02,1361,,
2025-10-21,4,Ｗｅｄｇｅ（ウェッジ）,1134.02,1361,,
2025-10-21,4,週　刊　ポ　ス　ト,1134.02,1361,519.0,588556.0
2025-10-21,4,ＵＳＢーＣ用イヤホン黒,1134.02,1361,2164.0,2454019.0
2025-10-21,4,Ｎｅｗｔｏｎ（ニュートン,1134.02,1361,1082.0,1227010.0
2025-10-21,4,パリパリ麺サラダ,1134.02,1361,369.0,418453.0
2025-10-21,4,カーセンサー首都圏版,1134.02,1361,,
2025-10-21,4,新Ｅプリンター用インク赤,1134.02,1361,,
2025-10-21,4,新Ｅプリンター用インク黒,1134.02,1361,,
2025-10-21,4,ネオＢマスカット,1134.02,1361,455.0,515979.0
2025-10-21,4,ＩＱＯＳｉＯＢブルー,1134.02,1361,3619.0,4104018.0
2025-10-21,4,クール・ＢＯＸ,1134.02,1361,528.0,598763.0
2025-10-21,4,アルカリ水クリーナ－詰替,1134.02,1361,,
2025-10-21,4,やまがた県民手帳ブラック,1134.02,1361,500.0,567010.0
2025-10-21,4,ごまだれ冷し中華,1134.02,1361,554.0,628247.0
2025-10-21,4,Ｓスター７Ｂ,1134.02,1361,546.0,619175.0
2025-10-21,4,綾鷹　濃い緑茶　６５０,1134.02,1361,158.0,179175.0
2025-10-21,4,ＵＳＢ－Ｃ電池充電器,1134.02,1361,1710.0,1939174.0
2025-10-21,4,氷結無糖スモモ３５０,1134.02,1361,168.0,190515.0
2025-10-21,4,ゼロシュガーフリーチョコ,1134.02,1361,220.0,249484.0
2025-10-21,4,トッポ,1134.02,1361,209.0,237010.0
2025-10-21,4,コーヒーリッド黒Ｓ,1134.02,1361,,
2025-10-21,4,カフェカップＭ,1134.02,1361,,
2025-10-21,4,◎フルーツミックス５００,1134.02,1361,112.0,127010.0
2025-10-21,4,◎南高梅うす塩個食,1134.02,1361,131.0,148557.0
2025-10-21,4,◎南高梅はちみつ入個食,1134.02,1361,131.0,148557.0
2025-10-21,4,◎生コッペパン（厚ぎりと,1134.02,1361,230.0,260825.0
2025-10-21,4,綾鷹　６５０,1134.02,1361,158.0,179175.0
2025-10-21,4,サントリー天然水　５５０,1134.02,1361,118.0,133814.0
2025-10-21,4,烏龍茶　６００,1134.02,1361,158.0,179175.0
2025-10-21,4,鮭わかめおむすび,1134.02,1361,139.0,157629.0
2025-10-21,4,つぶグミＰ濃厚マンゴー,1134.02,1361,198.0,224536.0
2025-10-21,4,ケント・６・１００ＢＯＸ,1134.02,1361,473.0,536391.0
2025-10-21,4,４Ｄグミ旅路のマジックア,1134.02,1361,221.0,250618.0
2025-10-21,4,モチド富良野メロン味,1134.02,1361,171.0,193917.0
2025-10-21,4,三ツ矢　ひんやり和梨,1134.02,1361,160.0,181443.0
2025-10-21,4,備蓄米　２Ｋｇ,1134.02,1361,,
2025-10-21,4,◎生コッペパン（チョコバ,1134.02,1361,135.0,153093.0
2025-10-21,4,ビスコ発酵バター,1134.02,1361,156.0,176907.0
2025-10-21,4,銀座ライオンビヤ３５０,1134.02,1361,216.0,244948.0
2025-10-21,4,◎プリンみたいなパン,1134.02,1361,119.0,134948.0
2025-10-21,4,善逸たまごＢＯＸＤ２,1134.02,1361,425.0,481958.0
2025-10-21,4,炭治郎＆義勇おむ２,1134.02,1361,369.0,418453.0
2025-10-21,4,はみでたチキンカツバーガ,1134.02,1361,369.0,418453.0
2025-10-21,4,国チキンとゴーダとたまご,1134.02,1361,443.0,502371.0
2025-10-21,4,海苔監修　手巻たまごかけ,1134.02,1361,185.0,209794.0
2025-10-21,4,手巻ベーコン＆コーンマヨ,1134.02,1361,184.0,208660.0
2025-10-21,4,◎桃大福,1134.02,1361,147.0,166701.0
2025-10-21,4,まるで鶏皮のようなＰＣ,1134.02,1361,176.0,199588.0
2025-10-21,4,Ｌｉｐｔｏｎチャームグミ,1134.02,1361,350.0,396907.0
2025-10-21,4,◎サーターアンダギー６個,1134.02,1361,165.0,187113.0
2025-10-21,4,週　刊　現　代,1134.02,1361,546.0,619175.0
2025-10-21,4,７０Ｌ半透明ゴミ袋,1134.02,1361,,
2025-10-21,4,スウェディッシュキャンデ,1134.02,1361,498.0,564742.0
2025-10-21,4,一粒梅おむすび,1134.02,1361,241.0,273299.0
2025-10-21,4,大粒ラムネ強炭酸シュワコ,1134.02,1361,133.0,150825.0
2025-10-21,4,きりっと果実　ピンクＧＦ,1134.02,1361,159.0,180309.0
2025-10-21,4,サラダラップチキンサルサ,1134.02,1361,348.0,394639.0
2025-10-21,4,新旧両用）ペーパフィルタ,1134.02,1361,,
2025-10-21,4,くりーむパン　カスタード,1134.02,1361,260.0,294845.0
2025-10-21,4,◎桃パウンドケーキ,1134.02,1361,165.0,187113.0
2025-10-21,4,めっちゃふくらむフーセン,1134.02,1361,158.0,179175.0
2025-10-21,4,しゃりｉｎグミソーダ味,1134.02,1361,168.0,190515.0
2025-10-21,4,すだち明太クリームうどん,1134.02,1361,462.0,523917.0
2025-10-21,4,岩下の新生姜いなり寿司,1134.02,1361,185.0,209794.0
2025-10-21,4,◎のむヨーグルトメロン,1134.02,1361,195.0,221134.0
2025-10-21,4,レモンチーズケーキ,1134.02,1361,156.0,176907.0
2025-10-21,4,バター醤油パスタ,1134.02,1361,426.0,483093.0
2025-10-21,4,りんごの目覚め,1134.02,1361,276.0,312990.0
2025-10-21,4,ミンティア宮崎日向夏,1134.02,1361,105.0,119072.0
2025-10-21,4,生ラムネ玉,1134.02,1361,152.0,172371.0
2025-10-21,4,タリーズ　無糖ラテ,1134.02,1361,170.0,192783.0
2025-10-21,4,名札バッジ　２個入,1134.02,1361,,
2025-10-21,4,フエラムネサイダー第２弾,1134.02,1361,138.0,156495.0
2025-10-21,4,たべっ子水族館ソルティ,1134.02,1361,170.0,192783.0
2025-10-21,4,マーブルパウチ,1134.02,1361,215.0,243814.0
2025-10-21,4,ドリトス激辛ナチョチーズ,1134.02,1361,180.0,204124.0
2025-10-21,4,ピンクグレープフルーツア,1134.02,1361,186.0,210928.0
2025-10-21,4,野菜生活ベリーサラダ,1134.02,1361,113.0,128144.0
2025-10-21,4,フルーツこれ１本ビタミン,1134.02,1361,150.0,170103.0
2025-10-21,4,Ｙｏｕｎｇ　ｃｈａｍｐｉ,1134.02,1361,410.0,464948.0
2025-10-21,4,ゆず塩ラーメンサラダ,1134.02,1361,389.0,441134.0
2025-10-21,4,◎お好み焼＆塩焼そば,1134.02,1361,,
2025-10-21,4,牛スープの旨み盛岡風冷麺,1134.02,1361,536.0,607835.0
2025-10-21,4,冷し鶏天タルタルうどん,1134.02,1361,599.0,679278.0
2025-10-21,4,オレンジ,1134.02,1361,315.0,357216.0
2025-10-21,4,グレープフルーツ,1134.02,1361,276.0,312990.0
2025-10-21,4,ラインＳＣ白１９－２２,1134.02,1361,390.0,442268.0
2025-10-21,4,備蓄米　２ｋｇ,1134.02,1361,700.0,793814.0
2025-10-21,4,◎オクラわかめとろり豆腐,1134.02,1361,258.0,292577.0
2025-10-21,4,コロネクッキー,1134.02,1361,71.0,80515.0
2025-10-21,4,フルーツサラダヨーグルト,1134.02,1361,230.0,260825.0
2025-10-21,4,野菜生活１００オリジナル,1134.02,1361,113.0,128144.0
2025-10-21,4,クラッシュ蒟蒻畑りんご味,1134.02,1361,183.0,207526.0
2025-10-21,4,ビスコ,1134.02,1361,156.0,176907.0
2025-10-21,4,サラダチキンロール,1134.02,1361,399.0,452474.0
2025-10-21,4,グローＨプロサクラＥＤ,1134.02,1361,3619.0,4104018.0
2025-10-21,4,ザ・クレープチョコバナナ,1134.02,1361,249.0,282371.0
2025-10-21,4,こだわりカレー,1134.02,1361,367.0,416185.0
2025-10-21,4,コーヒーゼリーパフェ,1134.02,1361,313.0,354948.0
2025-10-21,4,チョコラＳＰ　グレフル＆,1134.02,1361,149.0,168969.0
2025-10-21,4,キレート　ＭＵＫＵＭＩ,1134.02,1361,158.0,179175.0
2025-10-21,4,ワンピカードＢＥＳＴ２,1134.02,1361,500.0,567010.0
2025-10-21,4,アスティーグ黒　Ｌ,1134.02,1361,600.0,680412.0
2025-10-21,4,慶弔サインペン（筆文字）,1134.02,1361,250.0,283505.0
2025-10-21,4,モンスターエナジー,1134.02,1361,213.0,241546.0
2025-10-21,4,ヒヤロン,1134.02,1361,180.0,204124.0
2025-10-21,4,ラインＳ２５夏の色白小,1134.02,1361,390.0,442268.0
2025-10-21,4,冷し鶏ねぎそば,1134.02,1361,599.0,679278.0
2025-10-21,4,０．０１ゼロワン,1134.02,1361,900.0,1020618.0
2025-10-21,4,イープラス　発券,1134.02,1361,165.0,187113.0
2025-10-21,4,ダブルフロマージュ　２個,1134.02,1361,426.0,483093.0
2025-10-21,4,ＵＳＢ－Ｃ１．２ｍ,1134.02,1361,1255.0,1423195.0
2025-10-21,4,サンドおむすび　豚焼肉,1134.02,1361,323.0,366288.0
2025-10-21,4,ハイチュウＰメロン,1134.02,1361,152.0,172371.0
2025-10-21,4,マッチビタミンみかん,1134.02,1361,150.0,170103.0
2025-10-21,4,◎ハムチーズエッグマフィ,1134.02,1361,156.0,176907.0
2025-10-21,4,直巻　炙り焼　牛タン,1134.02,1361,199.0,225670.0
2025-10-21,4,具だくさん炙り焼鶏つくね,1134.02,1361,213.0,241546.0
2025-10-21,4,コミック乱,1134.02,1361,546.0,619175.0
2025-10-21,4,カニカママカロニサラダ,1134.02,1361,239.0,271031.0
2025-10-21,4,じゅるるマンゴー,1134.02,1361,221.0,250618.0
2025-10-21,4,コク旨たまごサンド,1134.02,1361,276.0,312990.0
2025-10-21,4,むっち実グミオレンジ味,1134.02,1361,198.0,224536.0
2025-10-21,4,たまご海老ブロコリサンド,1134.02,1361,348.0,394639.0
2025-10-21,4,カンデミーナ電撃マスカッ,1134.02,1361,200.0,226804.0
2025-10-21,4,◎ホットサンド（ハム＆チ,1134.02,1361,158.0,179175.0
2025-10-21,4,ウィルキンソンＥＸグレプ,1134.02,1361,117.0,132680.0
2025-10-21,4,生茶ほうじ煎茶,1134.02,1361,158.0,179175.0
2025-10-21,4,サーモン寿司,1134.02,1361,237.0,268763.0
2025-10-21,4,フレンチクルーラーミルク,1134.02,1361,193.0,218866.0
2025-10-21,4,ちいかわステッカーグミ,1134.02,1361,180.0,204124.0
2025-10-21,4,激モロコシフライドアラレ,1134.02,1361,158.0,179175.0
2025-10-21,4,んぽちゃむグミ,1134.02,1361,180.0,204124.0
2025-10-21,4,じゃがりこ肉じゃがｂｉｔ,1134.02,1361,129.0,146289.0
2025-10-21,4,１９６レモン３５０,1134.02,1361,161.0,182577.0
2025-10-21,4,ねるねるねるねドリンク,1134.02,1361,276.0,312990.0
2025-10-21,4,ポケカ拡張ナイトワンダ,1134.02,1361,164.0,185979.0
2025-10-21,4,ホームパイチビムーホ,1134.02,1361,140.0,158763.0
2025-10-21,4,野菜生活Ｓベリー＆ざくろ,1134.02,1361,178.0,201856.0
2025-10-21,4,テリヤキチキンとたまご,1134.02,1361,332.0,376495.0
2025-10-21,4,スーパー大麦安曇野わさび,1134.02,1361,181.0,205258.0
2025-10-21,4,◎つぶつぶいちご蒸しＣ,1134.02,1361,135.0,153093.0
2025-10-21,4,鶏そぼろ野沢菜醤油パスタ,1134.02,1361,369.0,418453.0
2025-10-21,4,ヨーグレットグミブルーベ,1134.02,1361,140.0,158763.0
2025-10-21,4,冷し明太クリームうどん,1134.02,1361,445.0,504639.0
2025-10-21,4,◎ツイストサンド（カスタ,1134.02,1361,128.0,145155.0
2025-10-21,4,野菜食べよう冷しタンメン,1134.02,1361,554.0,628247.0
2025-10-21,4,ポケぷにソーダ,1134.02,1361,218.0,247216.0
2025-10-21,4,チョコチャンクスコーン,1134.02,1361,119.0,134948.0
2025-10-21,4,窯出しとろけるプリン,1134.02,1361,195.0,221134.0
2025-10-21,4,香ばし炒めの玉子炒飯,1134.02,1361,341.0,386701.0
2025-10-21,4,ＢＳおつまみ焼そば味スパ,1134.02,1361,136.0,154227.0
2025-10-21,4,ナイキ　ラバーグローブＬ,1134.02,1361,498.0,564742.0
2025-10-21,4,冷し担担麺,1134.02,1361,462.0,523917.0
2025-10-21,4,はちみつとりんごのケーキ,1134.02,1361,276.0,312990.0
2025-10-21,4,センテＦグリーン１０Ｐ,1134.02,1361,4819.0,5464842.0
2025-10-21,4,３種チーズのミートソース,1134.02,1361,599.0,679278.0
2025-10-21,4,ピュレフルーツりんご,1134.02,1361,268.0,303917.0
2025-10-21,4,巨峰大福（白こしあん）,1134.02,1361,188.0,213196.0
2025-10-21,4,すッパイチュウレモン味,1134.02,1361,127.0,144021.0
2025-10-21,4,てんこ盛弁当,1134.02,1361,598.0,678144.0
2025-10-21,4,ナイキ　ラバーグローブＭ,1134.02,1361,498.0,564742.0
2025-10-21,4,厚切りポテトペッパー,1134.02,1361,142.0,161031.0
2025-10-21,4,ハイチュウ人気ミックス,1134.02,1361,127.0,144021.0
2025-10-21,4,コロコロハイチュウ,1134.02,1361,127.0,144021.0
2025-10-21,4,黒わらび餅,1134.02,1361,178.0,201856.0
2025-10-21,4,メガシャキ,1134.02,1361,239.0,271031.0
2025-10-21,4,ポケカ拡張メガシンフォ,1134.02,1361,164.0,185979.0
2025-10-21,4,ポケカ拡張メガブレイブ,1134.02,1361,164.0,185979.0
2025-10-21,4,イープラス　入金,1134.02,1361,16455.0,18660299.0
2025-10-21,4,夏のミルクシュー,1134.02,1361,138.0,156495.0
2025-10-21,4,ふわしゅわスフレレモン,1134.02,1361,249.0,282371.0
2025-10-21,4,ラッキーＳベリーＳ,1134.02,1361,391.0,443402.0
2025-10-21,4,グローＨプロオニキスＰ,1134.02,1361,3619.0,4104018.0
2025-10-21,4,エボＴバナナＣＰＬＭ,1134.02,1361,500.0,567010.0
2025-10-21,4,エボＴベリーＣＰＬＭ,1134.02,1361,500.0,567010.0
2025-10-21,4,マウススプレークールＭ,1134.02,1361,251.0,284639.0
2025-10-21,4,おーいお茶緑茶　６００,1134.02,1361,158.0,179175.0
2025-10-21,4,◎のむヨーグルトパイン,1134.02,1361,158.0,179175.0
2025-10-21,4,ルーローハン風パスタサラ,1134.02,1361,417.0,472886.0
2025-10-21,4,１９６白桃３５０,1134.02,1361,161.0,182577.0
2025-10-21,4,履歴書用紙,1134.02,1361,309.0,350412.0
2025-10-21,4,メガライフガード　７００,1134.02,1361,150.0,170103.0
2025-10-21,4,１９６マスカット３５０,1134.02,1361,161.0,182577.0
2025-10-21,4,ケントＮＳダークＦ,1134.02,1361,500.0,567010.0
2025-10-21,4,ワンピデッキ　ティーチ,1134.02,1361,500.0,567010.0
2025-10-21,4,ソフト携帯吸殻入れ,1134.02,1361,273.0,309587.0
2025-10-21,4,リチウム５０００ｍＡｈ,1134.02,1361,2982.0,3381648.0
2025-10-21,4,ユニアリ　ワンパンマン,1134.02,1361,350.0,396907.0
2025-10-21,4,多当祝　御祝,1134.02,1361,87.0,98660.0
2025-10-21,4,碧Ａｏ海薫るＨＢ３５０,1134.02,1361,350.0,396907.0
2025-10-21,4,ポケピファンピカチュウ,1134.02,1361,3164.0,3588039.0
2025-10-21,4,タフグミビッグバンピーチ,1134.02,1361,238.0,269897.0
2025-10-21,4,もちっとガブリマスカット,1134.02,1361,143.0,162165.0
2025-10-21,4,ＭＶＰＧレギュウィズ６Ｐ,1134.02,1361,3273.0,3711647.0
2025-10-21,4,テリアＯパール１０Ｐ,1134.02,1361,5273.0,5979687.0
2025-10-21,4,ふんわりたまごのオムライ,1134.02,1361,276.0,312990.0
2025-10-21,4,韓国風海苔佃煮おむすび,1134.02,1361,147.0,166701.0
2025-10-21,4,ラークスーパー５,1134.02,1361,491.0,556804.0
2025-10-21,4,青しそ高菜おむすび,1134.02,1361,139.0,157629.0
2025-10-21,4,ツメキリ　Ｓ,1134.02,1361,480.0,544330.0
2025-10-21,4,ビタミン野菜,1134.02,1361,113.0,128144.0
2025-10-21,4,ポケぷにフルーツ,1134.02,1361,218.0,247216.0
2025-10-21,4,◎ジューシーソーセージパ,1134.02,1361,135.0,153093.0
2025-10-21,4,炙り豚焼肉マヨネーズ,1134.02,1361,276.0,312990.0
2025-10-21,4,おーいお茶濃い茶６００,1134.02,1361,158.0,179175.0
2025-10-21,4,細ーいじゃがビーサワクリ,1134.02,1361,164.0,185979.0
2025-10-21,4,テリアＢルビーＭ１０Ｐ,1134.02,1361,5273.0,5979687.0
2025-10-21,4,Ｃ１０００コラーゲン＆,1134.02,1361,147.0,166701.0
2025-10-21,4,カニカマの寿司,1134.02,1361,174.0,197319.0
2025-10-21,4,いかめしおむすび,1134.02,1361,258.0,292577.0
2025-10-21,4,モッチュ白桃味,1134.02,1361,148.0,167835.0
2025-10-21,4,テリアミント１０Ｐ,1134.02,1361,5273.0,5979687.0
2025-10-21,4,◎増量うす焼せんべい,1134.02,1361,147.0,166701.0
2025-10-21,4,ポテロング,1134.02,1361,162.0,183711.0
2025-10-21,4,カルピス　リンゴ＆洋梨,1134.02,1361,160.0,181443.0
2025-10-21,4,ごろごろゆでたまごサンド,1134.02,1361,369.0,418453.0
2025-10-21,4,◎ふんわりもっちパン（チ,1134.02,1361,128.0,145155.0
2025-10-21,4,ミンティアＢブラック,1134.02,1361,211.0,239278.0
2025-10-21,4,増量チキンパスタサラダ,1134.02,1361,369.0,418453.0
2025-10-21,4,島星シトラスエール３５０,1134.02,1361,306.0,347010.0
2025-10-21,4,アーモンド効果プロテイン,1134.02,1361,198.0,224536.0
2025-10-21,4,小枝チョコクッキーサンド,1134.02,1361,239.0,271031.0
2025-10-21,4,冷たい生パスタツナトマト,1134.02,1361,499.0,565876.0
2025-10-21,4,◎レアチーズデニッシュ,1134.02,1361,147.0,166701.0
2025-10-21,4,にゃんともチーズ塩バニラ,1134.02,1361,230.0,260825.0
2025-10-21,4,ザクザクやみつきクランキ,1134.02,1361,198.0,224536.0
2025-10-21,4,増量ロースかつカレー,1134.02,1361,555.0,629381.0
2025-10-21,4,＊Ｆハイキューまんじゅう,1134.02,1361,172.0,195051.0
2025-10-21,4,ペタグーソーダ,1134.02,1361,150.0,170103.0
2025-10-21,4,超急速２ｉｎ１Ｃ＆Ｌ１ｍ,1134.02,1361,2346.0,2660411.0
2025-10-21,4,トマトジュースプレミアム,1134.02,1361,148.0,167835.0
2025-10-21,4,玉子焼＆ハムサンド,1134.02,1361,323.0,366288.0
2025-10-21,4,２種チーズとハムサンド,1134.02,1361,323.0,366288.0
2025-10-21,4,かぶり寿司　甘辛そぼろマ,1134.02,1361,283.0,320928.0
2025-10-21,4,◎増量チョコビスケット,1134.02,1361,139.0,157629.0
2025-10-21,4,マーブル,1134.02,1361,184.0,208660.0
2025-10-21,4,ラーク・１００・ＢＯＸ,1134.02,1361,491.0,556804.0
2025-10-21,4,１９６無糖冷凍みかん３５,1134.02,1361,161.0,182577.0
2025-10-21,4,メビウスワン１００Ｂ１０,1134.02,1361,5273.0,5979687.0
2025-10-21,4,◎ミニメンチカツバーガ３,1134.02,1361,195.0,221134.0
2025-10-21,4,野菜マシマシ冷し中華,1134.02,1361,647.0,733711.0
2025-10-21,4,ミンティアＢＣマイルド,1134.02,1361,210.0,238144.0
2025-10-21,4,塩おむすび,1134.02,1361,129.0,146289.0
2025-10-21,4,ミンティアＢＦピーチ,1134.02,1361,211.0,239278.0
2025-10-21,4,ミンティアＢＦレモン,1134.02,1361,211.0,239278.0
2025-10-21,4,カロリーメイトチョコ,1134.02,1361,220.0,249484.0
2025-10-21,4,カロリーメイト　バニラ,1134.02,1361,220.0,249484.0
2025-10-21,4,ゼロプロテインチョコ,1134.02,1361,198.0,224536.0
2025-10-21,4,カントリーＭマロンケーキ,1134.02,1361,180.0,204124.0
2025-10-21,4,カンロザストロングソーダ,1134.02,1361,200.0,226804.0
2025-10-21,4,◎増量大盛たこ焼き,1134.02,1361,554.0,628247.0
2025-10-21,4,フリクション３スリムＢＫ,1134.02,1361,541.0,613505.0
2025-10-21,4,パイの実,1134.02,1361,237.0,268763.0
2025-10-21,4,ゼログラノーラチョコ,1134.02,1361,198.0,224536.0
2025-10-21,4,ペタグーグレープ,1134.02,1361,150.0,170103.0
2025-10-21,4,ＩＱＯＳｉＯＤバイオレ,1134.02,1361,3619.0,4104018.0
2025-10-21,4,テリアＢトロピカルＭ,1134.02,1361,528.0,598763.0
2025-10-21,4,カレーせんオリジナルスパ,1134.02,1361,138.0,156495.0
2025-10-21,4,花椒香る　麻婆焼そばＤ２,1134.02,1361,554.0,628247.0
2025-10-21,4,ジャパンタイムズ,1134.02,1361,273.0,309587.0
2025-10-21,4,たまごっち　めじるし２,1134.02,1361,300.0,340206.0
2025-10-21,4,ワンピカード　師弟の絆,1134.02,1361,200.0,226804.0
2025-10-21,4,アポロチョコレート,1134.02,1361,184.0,208660.0
2025-10-21,4,テリアＢフューシャＭ,1134.02,1361,528.0,598763.0
2025-10-21,4,勝馬,1134.02,1361,500.0,567010.0
2025-10-21,4,おむすび２個（鮭・昆布）,1134.02,1361,313.0,354948.0
2025-10-21,4,クッキークリームクレープ,1134.02,1361,332.0,376495.0
2025-10-21,4,きのこの山のジクカール,1134.02,1361,263.0,298247.0
2025-10-21,4,アーモンド・ブリーズ微糖,1134.02,1361,128.0,145155.0
2025-10-21,4,チーズあじカカールアーモ,1134.02,1361,230.0,260825.0
2025-10-21,4,◎増量かーるいチーズスナ,1134.02,1361,128.0,145155.0
2025-10-21,4,三ツ矢サイダー５００,1134.02,1361,160.0,181443.0
2025-10-21,4,栄養強化型　１日分の野菜,1134.02,1361,131.0,148557.0
2025-10-21,4,ぶどうきゃん,1134.02,1361,128.0,145155.0
2025-10-21,4,大きなロール焼そばたまご,1134.02,1361,369.0,418453.0
2025-10-21,4,シーザーパスタサラダ,1134.02,1361,389.0,441134.0
2025-10-21,4,納豆細巻寿司（５巻増量）,1134.02,1361,389.0,441134.0
2025-10-21,4,わさび海苔　野沢菜わさび,1134.02,1361,175.0,198454.0
2025-10-21,4,さばほぐしごはん,1134.02,1361,332.0,376495.0
2025-10-21,4,ねるねるねるねゼリー,1134.02,1361,276.0,312990.0
2025-10-21,4,たまごボーロっち２,1134.02,1361,350.0,396907.0
2025-10-21,4,グミだよ。ピーチフラッペ,1134.02,1361,166.0,188247.0
2025-10-21,4,◎３種フルーツとナッツ,1134.02,1361,165.0,187113.0
2025-10-21,4,◎でっかいカレーたまごパ,1134.02,1361,139.0,157629.0
2025-10-21,4,◎チョコバナナロール,1134.02,1361,156.0,176907.0
2025-10-21,4,シゲキックスグレープ,1134.02,1361,120.0,136082.0
2025-10-21,4,天使のグミ甘熟マンゴー味,1134.02,1361,170.0,192783.0
2025-10-21,4,かむかむレモン,1134.02,1361,150.0,170103.0
2025-10-21,4,梨スムージー,1134.02,1361,193.0,218866.0
2025-10-21,4,のむアサイーボウル,1134.02,1361,188.0,213196.0
2025-10-21,4,ミルキーバニラアイス味,1134.02,1361,170.0,192783.0
2025-10-21,4,ウェルチ　マスカットＳＰ,1134.02,1361,160.0,181443.0
2025-10-21,4,ゆず鶏だしミニ塩ラーメン,1134.02,1361,399.0,452474.0
2025-10-21,4,コク旨醤油だれの油そば,1134.02,1361,499.0,565876.0
2025-10-21,4,くりーむメロンパン,1134.02,1361,276.0,312990.0
2025-10-21,4,ネバネバと大根のサラダ,1134.02,1361,297.0,336804.0
2025-10-21,4,麻辣湯,1134.02,1361,248.0,281237.0
2025-10-21,4,ポケピファンワッカネズミ,1134.02,1361,3164.0,3588039.0
2025-10-21,4,シフォンマンゴー＆ピーチ,1134.02,1361,250.0,283505.0
2025-10-21,4,ふわもち生大福　きなこ,1134.02,1361,138.0,156495.0
2025-10-21,4,生クリームパイコロネ,1134.02,1361,204.0,231340.0
2025-10-21,4,コカ・コーラゼロ５００,1134.02,1361,170.0,192783.0
2025-10-21,4,ケント１・１００Ｂ１０Ｐ,1134.02,1361,4728.0,5361647.0
2025-10-21,4,生茶６００,1134.02,1361,158.0,179175.0
2025-10-21,4,アリィージェルＵＶミニ,1134.02,1361,1346.0,1526391.0
2025-10-21,4,ｉｎゼリーＥＮ　ブドウ糖,1134.02,1361,210.0,238144.0
2025-10-21,4,その他１０口座売上,1134.02,1361,228.0,258557.0
2025-10-21,4,優馬,1134.02,1361,591.0,670206.0
2025-10-21,4,◎増量しみチョココーン,1134.02,1361,147.0,166701.0
2025-10-21,4,◎クルーラーリングドー８,1134.02,1361,184.0,208660.0
2025-10-21,4,◎クラウンメロンパン,1134.02,1361,139.0,157629.0
2025-10-21,4,◎つぶあんぱん北海道小豆,1134.02,1361,121.0,137216.0
2025-10-21,4,大きなチーズカレーパン（,1134.02,1361,184.0,208660.0
2025-10-21,4,梅づくしおむすび,1134.02,1361,172.0,195051.0
2025-10-21,4,もち麦　枝豆ゆかり,1134.02,1361,163.0,184845.0
2025-10-21,4,青磯海苔　漬けサーモン,1134.02,1361,199.0,225670.0
2025-10-21,4,三ツ矢　特濃アップル,1134.02,1361,160.0,181443.0
2025-10-21,4,ＧＰｌａｙ１０００,1134.02,1361,1000.0,1134020.0
2025-10-21,4,堅あげ極味玉ねぎ黒胡椒,1134.02,1361,196.0,222268.0
2025-10-21,4,秋味３５０,1134.02,1361,216.0,244948.0
2025-10-21,4,黒チャーハンおむすび,1134.02,1361,175.0,198454.0
2025-10-21,4,トルティーヤケバブチキン,1134.02,1361,369.0,418453.0
2025-10-21,4,ピュアポテト濃いのり塩,1134.02,1361,155.0,175773.0
2025-10-21,4,マシマシ焼もろこしせん,1134.02,1361,148.0,167835.0
2025-10-21,4,増量　天使のチーズケーキ,1134.02,1361,230.0,260825.0
2025-10-21,4,ＩＱＯＳｉＯＳモデル,1134.02,1361,3619.0,4104018.0
2025-10-21,4,ｉｎゼリートリプルＥ,1134.02,1361,210.0,238144.0
2025-10-21,4,ＳＰＡＭむすび　玉子焼き,1134.02,1361,320.0,362886.0
2025-10-21,4,蒸し鶏ラー油ネギ冷うどん,1134.02,1361,499.0,565876.0
2025-10-21,4,大きな具材ミックスサント,1134.02,1361,399.0,452474.0
2025-10-21,4,手巻寿司　梅ゆかり納豆,1134.02,1361,189.0,214330.0
2025-10-21,4,大きいバウムクーヘン,1134.02,1361,221.0,250618.0
2025-10-21,4,パリジャン　ハム＆チーズ,1134.02,1361,350.0,396907.0
2025-10-21,4,大きいフィナンシェ,1134.02,1361,221.0,250618.0
2025-10-21,4,◎メロンクリームパン４,1134.02,1361,156.0,176907.0
2025-10-21,4,サンド寿司　まぐろたたき,1134.02,1361,332.0,376495.0
2025-10-21,4,白いたべっ子おさつバター,1134.02,1361,180.0,204124.0
2025-10-21,4,大きなたまごづくしサンド,1134.02,1361,369.0,418453.0
2025-10-21,4,ウィルキンソンマスカット,1134.02,1361,138.0,156495.0
2025-10-21,4,◎北海道メロンのコロネ,1134.02,1361,135.0,153093.0
2025-10-21,4,ミニプラグ用イヤホン,1134.02,1361,1528.0,1732783.0
2025-10-21,4,マスカットのど飴小袋,1134.02,1361,138.0,156495.0
2025-10-21,4,じゃがりこＬヤンニョム,1134.02,1361,218.0,247216.0
2025-10-21,4,カレーコロッケバ－ガ－（,1134.02,1361,167.0,189381.0
2025-10-21,4,檸檬堂白ぶどうレモン３５,1134.02,1361,160.0,181443.0
2025-10-21,4,増量麻婆豆腐ごはん,1134.02,1361,462.0,523917.0
2025-10-21,4,ファミマ・ザ・ナポリタン,1134.02,1361,406.0,460412.0
2025-10-21,4,フルーチェグミイチゴ,1134.02,1361,184.0,208660.0
2025-10-21,4,ガルボチョコパウチ,1134.02,1361,270.0,306185.0
2025-10-21,4,冷たいパスタチキンバジル,1134.02,1361,499.0,565876.0
2025-10-21,4,ポケピファンポッチャマ,1134.02,1361,3164.0,3588039.0
2025-10-21,4,チキングリル弁当,1134.02,1361,555.0,629381.0
2025-10-21,4,辛口回鍋肉焼そば,1134.02,1361,536.0,607835.0
2025-10-21,4,パステルのプリンマドレー,1134.02,1361,220.0,249484.0
2025-10-21,4,ピュアポテト塩と岩塩,1134.02,1361,155.0,175773.0
2025-10-21,4,いちごミルク,1134.02,1361,269.0,305051.0
2025-10-21,4,甘辛醤油たれ唐揚弁当,1134.02,1361,555.0,629381.0
2025-10-21,4,ワンピカード意志,1134.02,1361,200.0,226804.0
2025-10-21,4,ビオレトラベルセット,1134.02,1361,620.0,703092.0
2025-10-21,4,ノンオイル青じそドレッシ,1134.02,1361,28.0,31753.0
2025-10-21,4,◎プリンみたいなパンケー,1134.02,1361,138.0,156495.0
2025-10-21,4,１９６王林３５０,1134.02,1361,161.0,182577.0
2025-10-21,4,オイコス　プレーン加糖,1134.02,1361,179.0,202990.0
2025-10-21,4,ＩＱＯＳｉＤバイオレット,1134.02,1361,6346.0,7196491.0
2025-10-21,4,柿安監修　牛すきおむすび,1134.02,1361,258.0,292577.0
2025-10-21,4,ＧＩＮＯＮレモン３５０,1134.02,1361,167.0,189381.0
2025-10-21,4,◎ラベルレス天然水安曇箱,1134.02,1361,489.0,554536.0
2025-10-21,4,一番搾り糖質ゼロ３５０,1134.02,1361,216.0,244948.0
2025-10-21,4,オニポテスナック,1134.02,1361,248.0,281237.0
2025-10-21,4,しゃりｉｎグミみかん,1134.02,1361,168.0,190515.0
2025-10-21,4,ググッタＳマスカット味,1134.02,1361,199.0,225670.0
2025-10-21,4,とろみーグミぶどう味,1134.02,1361,184.0,208660.0
2025-10-21,4,果汁グミシチリアレモン,1134.02,1361,152.0,172371.0
2025-10-21,4,◎ベーコン＆チーズデニッ,1134.02,1361,158.0,179175.0
2025-10-21,4,桃マカロン,1134.02,1361,249.0,282371.0
2025-10-21,4,梅蒸し鶏あったかそうめん,1134.02,1361,399.0,452474.0
2025-10-21,4,千里眼　ニンニクまぜそば,1134.02,1361,647.0,733711.0
2025-10-21,4,ナッツフルーツカッサータ,1134.02,1361,258.0,292577.0
2025-10-21,4,ＳＤブラックピンク３５０,1134.02,1361,216.0,244948.0
2025-10-21,4,大きな　鮭マヨと生たらこ,1134.02,1361,276.0,312990.0
2025-10-21,4,クリーミーほうじ茶ラテ,1134.02,1361,181.0,205258.0
2025-10-21,4,ハムカツサンド,1134.02,1361,297.0,336804.0
2025-10-21,4,◎たまご蒸しパン４個入,1134.02,1361,172.0,195051.0
2025-10-21,4,しゃりぷにょ梅グミ,1134.02,1361,170.0,192783.0
2025-10-21,4,もちゅグミ温州みかん味,1134.02,1361,184.0,208660.0
2025-10-21,4,むちもっちバナナグミ,1134.02,1361,180.0,204124.0
2025-10-21,4,プリン！？シュー,1134.02,1361,138.0,156495.0
2025-10-21,4,◎ジュワっとしたチーズ塩,1134.02,1361,139.0,157629.0
2025-10-21,4,たっぷりハムサンド,1134.02,1361,323.0,366288.0
2025-10-21,4,野菜生活マスカット,1134.02,1361,118.0,133814.0
2025-10-21,4,◎たっぷりマロンクリーム,1134.02,1361,147.0,166701.0
2025-10-21,4,◎生スコーン６個入（スイ,1134.02,1361,172.0,195051.0
2025-10-21,4,モンブランのサンダー,1134.02,1361,50.0,56701.0
2025-10-21,4,にじピグチップスうすしお,1134.02,1361,230.0,260825.0
2025-10-21,4,◎バウムクーヘン（４）,1134.02,1361,239.0,271031.0
2025-10-21,4,ブルーベリーサンド,1134.02,1361,195.0,221134.0
2025-10-21,4,ハガキフリー,1134.02,1361,200.0,226804.0
2025-10-21,4,ＢＩＯ　ブルーベリーミッ,1134.02,1361,168.0,190515.0
2025-10-21,4,半熟玉子冷ぶっかけうどん,1134.02,1361,399.0,452474.0
2025-10-21,4,ヴイックスのど飴シトラス,1134.02,1361,238.0,269897.0
2025-10-21,4,多当　　御見舞,1134.02,1361,87.0,98660.0
2025-10-21,4,しゃり蔵ザクザクッラー油,1134.02,1361,120.0,136082.0
2025-10-21,4,赤肉メロンミルク,1134.02,1361,267.0,302783.0
2025-10-21,4,完熟トマトベーコンパスタ,1134.02,1361,536.0,607835.0
2025-10-21,4,ＰＧスイートチリＳ缶,1134.02,1361,168.0,190515.0
2025-10-21,4,唐揚巻（マヨネーズ付）,1134.02,1361,462.0,523917.0
2025-10-21,4,クリーム＆コーヒーゼリー,1134.02,1361,135.0,153093.0
2025-10-21,4,ＵＳＢ－Ｃ電池式６本,1134.02,1361,1800.0,2041236.0
2025-10-21,4,甜面醤の旨ジャージャー麺,1134.02,1361,499.0,565876.0
2025-10-21,4,パリジャンサンドチキンべ,1134.02,1361,350.0,396907.0
2025-10-21,4,ケントＮＳスムースＦ,1134.02,1361,500.0,567010.0
2025-10-21,4,スパイシーチキン野菜サラ,1134.02,1361,554.0,628247.0
2025-10-21,4,充電器５０００ｍＡｈ,1134.02,1361,2982.0,3381648.0
2025-10-21,4,キャラパキ発掘恐竜,1134.02,1361,110.0,124742.0
2025-10-21,4,食べマスおぱんちゅうさぎ,1134.02,1361,350.0,396907.0
2025-10-21,4,海老マヨネーズおむすび,1134.02,1361,239.0,271031.0
2025-10-21,4,さけるグミハロウィン,1134.02,1361,120.0,136082.0
2025-10-21,4,◎シャルドネ香るティー,1134.02,1361,110.0,124742.0
2025-10-21,4,スニッカーズハーフＳアー,1134.02,1361,158.0,179175.0
2025-10-21,4,大きな　肉そぼろ卵黄ソー,1134.02,1361,297.0,336804.0
2025-10-21,4,ヱビス和奏３５０,1134.02,1361,272.0,308453.0
2025-10-21,4,タフグミＰＲＯローヤル,1134.02,1361,359.0,407113.0
2025-10-21,4,ヴァルトメンソールＣＬ,1134.02,1361,528.0,598763.0
2025-10-21,4,グロー・ヒーロ・ルビー,1134.02,1361,3619.0,4104018.0
2025-10-21,4,◎サクサク食感のミニチ５,1134.02,1361,184.0,208660.0
2025-10-21,4,ＧＯＤＩＶＡドリンク,1134.02,1361,397.0,450206.0
2025-10-21,4,伝説のケバブ風味ポテトＣ,1134.02,1361,193.0,218866.0
2025-10-21,4,北海道なまらでっかいシュ,1134.02,1361,315.0,357216.0
2025-10-21,4,クラッシュ蒟蒻畑みかん味,1134.02,1361,183.0,207526.0
2025-10-21,4,ＦＭオリジナル安食ロール,1134.02,1361,369.0,418453.0
2025-10-21,4,レッツハロウィンつぶグミ,1134.02,1361,158.0,179175.0
2025-10-21,4,◎ピリ辛明太フランス（か,1134.02,1361,135.0,153093.0
2025-10-21,4,◎和風ツナパン,1134.02,1361,135.0,153093.0
2025-10-21,4,ハラペーニョチキンチェダ,1134.02,1361,443.0,502371.0
2025-10-21,4,全粒粉サラダチキンとハム,1134.02,1361,369.0,418453.0
2025-10-21,4,◎ピスタチオいちごケーキ,1134.02,1361,230.0,260825.0
2025-10-21,4,焼ベーコン寿司,1134.02,1361,230.0,260825.0
2025-10-21,4,ちいかわ黒猫ミニバッグ,1134.02,1361,1000.0,1134020.0
2025-10-21,4,ごろっと白桃ケーキ,1134.02,1361,297.0,336804.0
2025-10-21,4,さくふわきなこもちぼーる,1134.02,1361,150.0,170103.0
2025-10-21,4,◎白生コッペパン（レアチ,1134.02,1361,153.0,173505.0
2025-10-21,4,秋のフルーツこれ一本,1134.02,1361,118.0,133814.0
2025-10-21,4,◎キャラメルバニラメロン,1134.02,1361,172.0,195051.0
2025-10-21,4,３１マスコットつきグミ２,1134.02,1361,350.0,396907.0
2025-10-21,4,◎ショコラクッキー,1134.02,1361,212.0,240412.0
2025-10-21,4,ピュレグミＰふじりんご,1134.02,1361,180.0,204124.0
2025-10-21,4,たぬきおむすび,1134.02,1361,138.0,156495.0
2025-10-21,4,わた雪みたいなレアチーズ,1134.02,1361,315.0,357216.0
2025-10-21,4,スイートポテトスティック,1134.02,1361,212.0,240412.0
2025-10-21,4,ハリボープリマヴェーラ,1134.02,1361,198.0,224536.0
2025-10-21,4,ザバスミルクキャラメル,1134.02,1361,222.0,251752.0
2025-10-21,4,パーラメントＥＸＬ１００,1134.02,1361,564.0,639587.0
2025-10-21,4,チャーシュー冷しまぜそば,1134.02,1361,599.0,679278.0
2025-10-21,4,氷結無糖ゆずＳＰ３５０,1134.02,1361,168.0,190515.0
2025-10-21,4,スティックモンブラン,1134.02,1361,249.0,282371.0
2025-10-21,4,１９６無糖ピンクＧＦ３５,1134.02,1361,161.0,182577.0
2025-10-21,4,◎アールグレイクロワッサ,1134.02,1361,172.0,195051.0
2025-10-21,4,ラーメン荘　豚ラーメン,1134.02,1361,647.0,733711.0
2025-10-21,4,◎ハムチーズデニッシュ４,1134.02,1361,184.0,208660.0
2025-10-21,4,ヴァルトダークタバコ,1134.02,1361,528.0,598763.0
2025-10-21,4,ヴァルトメロンクリック,1134.02,1361,528.0,598763.0
2025-10-21,4,ドラキュラへんしんグミ,1134.02,1361,350.0,396907.0
2025-10-21,4,わさびいなり寿司,1134.02,1361,178.0,201856.0
2025-10-21,4,ちいかわ花占いグミ,1134.02,1361,230.0,260825.0
2025-10-21,4,ねぎ塩チキン醤油まぶし飯,1134.02,1361,555.0,629381.0
2025-10-21,4,紫いもミルクティー,1134.02,1361,190.0,215464.0
2025-10-21,4,ＢＳラーメン柿の種ミック,1134.02,1361,110.0,124742.0
2025-10-21,4,焼まろん,1134.02,1361,215.0,243814.0
2025-10-21,4,ウィルキンソンＥＸ　ＧＦ,1134.02,1361,117.0,132680.0
2025-10-21,4,ミンティア瀬戸田レモン,1134.02,1361,105.0,119072.0
2025-10-21,4,北海道リッチミルクプリン,1134.02,1361,399.0,452474.0
2025-10-21,4,焼ほし芋,1134.02,1361,195.0,221134.0
2025-10-21,4,冷しすだちおろしうどん,1134.02,1361,510.0,578350.0
2025-10-21,4,テリヤキチキンのサラダ,1134.02,1361,397.0,450206.0
2025-10-21,4,和牛カラムーチョわさび,1134.02,1361,155.0,175773.0
2025-10-21,4,きのことベーコンのドリア,1134.02,1361,526.0,596495.0
2025-10-21,4,ｂｉｔｌｏｔガンダム,1134.02,1361,680.0,771134.0
2025-10-21,4,ポケカメガゲンガーｅｘ,1134.02,1361,1637.0,1856391.0
2025-10-21,4,ポケカメガディアンシー,1134.02,1361,1637.0,1856391.0
2025-10-21,4,◎トマトコンソメスープ,1134.02,1361,350.0,396907.0
2025-10-21,4,◎４種きのこクリームスー,1134.02,1361,426.0,483093.0
2025-10-21,4,Ａｐｐｌｅチャージ,1134.02,1361,10500.0,11907210.0
2025-10-21,4,ＨＷ変顔キャンディ,1134.02,1361,400.0,453608.0
2025-10-21,4,週末版ジャパンタイムズ,1134.02,1361,364.0,412783.0
2025-10-21,4,魚ギョッと釣りグミ,1134.02,1361,70.0,79381.0
2025-10-21,4,じゃりむちグミピーチＳ,1134.02,1361,175.0,198454.0
2025-10-21,4,スターバックス　ブラック,1134.02,1361,168.0,190515.0
2025-10-21,4,フリスクＦＦみかん,1134.02,1361,278.0,315258.0
2025-10-21,4,アップルパンチ３５０,1134.02,1361,161.0,182577.0
2025-10-21,4,山ちゃん監修　海老天むす,1134.02,1361,276.0,312990.0
2025-10-21,4,スヌーピークッキーサンド,1134.02,1361,369.0,418453.0
2025-10-21,4,◎塩バターケーキタルト,1134.02,1361,147.0,166701.0
2025-10-21,4,ＳＰＡＭ　玉子焼き明太子,1134.02,1361,369.0,418453.0
2025-10-21,4,ヴァルトＩメンソールＣＬ,1134.02,1361,528.0,598763.0
2025-10-21,4,スターバックスカフェラテ,1134.02,1361,178.0,201856.0
2025-10-21,4,グローＨＧブラック,1134.02,1361,1346.0,1526391.0
2025-10-21,4,ガイコツグミグレープ味,1134.02,1361,230.0,260825.0
2025-10-21,4,モンストロマーブルガム,1134.02,1361,100.0,113402.0
2025-10-21,4,ぷっちょ袋ＨＷアソート,1134.02,1361,210.0,238144.0
2025-10-21,4,宇都宮線・高崎線チップス,1134.02,1361,156.0,176907.0
2025-10-21,4,つくねおむすび,1134.02,1361,276.0,312990.0
2025-10-21,4,ヴァルトＩベリークリック,1134.02,1361,528.0,598763.0
2025-10-21,4,おーいお茶濃茶ストロング,1134.02,1361,158.0,179175.0
2025-10-21,4,ちぎれるブリオッシュパン,1134.02,1361,147.0,166701.0
2025-10-21,4,鮭金ごまおむすび,1134.02,1361,139.0,157629.0
2025-10-21,4,ピュレグミラ・フランス,1134.02,1361,150.0,170103.0
2025-10-21,4,チュッパサワーバイトグミ,1134.02,1361,158.0,179175.0
2025-10-21,4,味付海苔　ベーコンマヨ,1134.02,1361,184.0,208660.0
2025-10-21,4,バナナカスタードブリュレ,1134.02,1361,350.0,396907.0
2025-10-21,4,◎生コッペパン（オムナポ,1134.02,1361,184.0,208660.0
2025-10-21,4,◎伊右衛門　濃い緑茶,1134.02,1361,121.0,137216.0
2025-10-21,4,チョコクリームたい焼き,1134.02,1361,176.0,199588.0
2025-10-21,4,専スヌーピーチョコドーナ,1134.02,1361,156.0,176907.0
2025-10-21,4,ヴァルトベリークリック,1134.02,1361,528.0,598763.0
2025-10-21,4,鶏天うどん,1134.02,1361,599.0,679278.0
2025-10-21,4,チキンカツサンド,1134.02,1361,399.0,452474.0
2025-10-21,4,ルーシーのレモネード,1134.02,1361,184.0,208660.0
2025-10-21,4,ブルガリアＹＯさくらんぼ,1134.02,1361,195.0,221134.0
2025-10-21,4,たべっ子ラムネみかん,1134.02,1361,150.0,170103.0
2025-10-21,4,さつまりこ焼きいも,1134.02,1361,185.0,209794.0
2025-10-21,4,◎焦がしバターのクロワッ,1134.02,1361,121.0,137216.0
2025-10-21,4,モッチ生ドーナツ生チョコ,1134.02,1361,184.0,208660.0
2025-10-21,4,カンデミーナＳＰベスト,1134.02,1361,200.0,226804.0
2025-10-21,4,ＦチャーリーＢロール,1134.02,1361,165.0,187113.0
2025-10-21,4,ルックア・ラ・モード,1134.02,1361,200.0,226804.0
2025-10-21,4,ルックホワイトラバーズ,1134.02,1361,200.0,226804.0
2025-10-21,4,くりーむパン　和栗,1134.02,1361,269.0,305051.0
2025-10-21,4,Ｐルックシャインマスカッ,1134.02,1361,270.0,306185.0
2025-10-21,4,海老とブロッコリーロール,1134.02,1361,369.0,418453.0
2025-10-21,4,かぶり寿司　旨辛唐揚げ巻,1134.02,1361,283.0,320928.0
2025-10-21,4,Ｐルック生キャラメル,1134.02,1361,270.0,306185.0
2025-10-21,4,来来亭監修　冷し中華,1134.02,1361,554.0,628247.0
2025-10-21,4,野菜生活Ｓアサイーバナナ,1134.02,1361,178.0,201856.0
2025-10-21,4,ポテトＣ感謝のほたてしお,1134.02,1361,157.0,178041.0
2025-10-21,4,ぷっちょＳＴ有田みかん,1134.02,1361,118.0,133814.0
2025-10-21,4,ａｍｉ活ゼリーピングレ味,1134.02,1361,210.0,238144.0
2025-10-21,4,ベーコンとレタスのサラダ,1134.02,1361,332.0,376495.0
2025-10-21,4,カカオ味わうショコララテ,1134.02,1361,230.0,260825.0
2025-10-21,4,スッパイマンちいかわ一番,1134.02,1361,200.0,226804.0
2025-10-21,4,天津あんかけ焼そば,1134.02,1361,554.0,628247.0
2025-10-21,4,ヴァルトミントクリック,1134.02,1361,528.0,598763.0
2025-10-21,4,生パスタ　カルボナーラ,1134.02,1361,499.0,565876.0
2025-10-21,4,プルームオーラＪブラック,1134.02,1361,2710.0,3073194.0
2025-10-21,4,帆立と鰹の昆布水つけ麺,1134.02,1361,600.0,680412.0
2025-10-21,4,秋のフルーツスムージー,1134.02,1361,193.0,218866.0
2025-10-21,4,Ｗ・Ｃホワイト５・１０Ｐ,1134.02,1361,4910.0,5568038.0
2025-10-21,4,ＧＰｌａｙ１００００,1134.02,1361,10000.0,11340200.0
2025-10-21,4,白身フライごはん,1134.02,1361,276.0,312990.0
2025-10-21,4,カルピス　Ｐグレープ,1134.02,1361,170.0,192783.0
2025-10-21,4,◎なすトマトソースグラタ,1134.02,1361,508.0,576082.0
2025-10-21,4,０１：ＢＥ：ＦＩＲＳＴ,1134.02,1361,0.0,0.0
2025-10-21,4,コミック乱ツインズ,1134.02,1361,528.0,598763.0
2025-10-21,4,いなり寿司５ヶ入,1134.02,1361,443.0,502371.0
2025-10-21,4,◎根菜入つくね和風スープ,1134.02,1361,406.0,460412.0
2025-10-21,4,もち明太チーズドリア,1134.02,1361,491.0,556804.0
2025-10-21,4,シングルモルト山崎１８０,1134.02,1361,1950.0,2211339.0
2025-10-21,4,グミチョコボールぶどう味,1134.02,1361,199.0,225670.0
2025-10-21,4,Ｈ綾鷹,1134.02,1361,128.0,145155.0
2025-10-21,4,Ｈ伊右衛門５００,1134.02,1361,138.0,156495.0
2025-10-21,4,堅あげポテト鬼旨ブラック,1134.02,1361,190.0,215464.0
2025-10-21,4,三陸産わかめおむすび,1134.02,1361,139.0,157629.0
2025-10-21,4,大きな　チキンとタルタル,1134.02,1361,304.0,344742.0
2025-10-21,4,サンドおむすび炙り焼チキ,1134.02,1361,352.0,399175.0
2025-10-21,4,ベースブレッドさつまいも,1134.02,1361,260.0,294845.0
2025-10-21,4,伊右衛門　京都サイダー,1134.02,1361,158.0,179175.0
2025-10-21,4,紅はるかのスイートポテト,1134.02,1361,264.0,299381.0
2025-10-21,4,スイートポテトロール,1134.02,1361,276.0,312990.0
2025-10-21,4,◎どかっと満足パン（ベー,1134.02,1361,230.0,260825.0
2025-10-21,4,掘って発見スイートポテト,1134.02,1361,341.0,386701.0
2025-10-21,4,メントスＤＵＯブラッドオ,1134.02,1361,163.0,184845.0
2025-10-21,4,カジッテミカン＆レモン,1134.02,1361,228.0,258557.0
2025-10-21,4,大盛！野菜スティック,1134.02,1361,369.0,418453.0
2025-10-21,4,スーパー大麦　梅ひじき,1134.02,1361,175.0,198454.0
2025-10-21,4,野菜生活北海道メロン,1134.02,1361,138.0,156495.0
2025-10-21,4,おーいお茶濃い茶１Ｌ,1134.02,1361,176.0,199588.0
2025-10-21,4,カジッテグレープ＆マスカ,1134.02,1361,228.0,258557.0
2025-10-21,4,生パスタ海老トマトクリム,1134.02,1361,508.0,576082.0
2025-10-21,4,◎スイートポテトタルトデ,1134.02,1361,158.0,179175.0
2025-10-21,4,青磯海苔　まぐろたたき,1134.02,1361,199.0,225670.0
2025-10-21,4,◎スイートポテト蒸しケ４,1134.02,1361,176.0,199588.0
2025-10-21,4,まいたけおこわ,1134.02,1361,185.0,209794.0
2025-10-21,4,◎どかっとパン（テリマヨ,1134.02,1361,135.0,153093.0
2025-10-21,4,鎌倉コロッケサンド,1134.02,1361,297.0,336804.0
2025-10-21,4,◎生フランスパン（おいも,1134.02,1361,156.0,176907.0
2025-10-21,4,◎おいものパウンドケーキ,1134.02,1361,167.0,189381.0
2025-10-21,4,ワイルドターキーＨＢ３５,1134.02,1361,238.0,269897.0
2025-10-21,4,サラダチキンのサラダ,1134.02,1361,239.0,271031.0
2025-10-21,4,ハムチーズとツナサンド,1134.02,1361,323.0,366288.0
2025-10-21,4,◎はちみつすいーとぽてと,1134.02,1361,176.0,199588.0
2025-10-21,4,ロリポップＣちいかわ黒猫,1134.02,1361,300.0,340206.0
2025-10-21,4,◎おいものマドレーヌ,1134.02,1361,167.0,189381.0
2025-10-21,4,シャンゴ監修　ベスビオ,1134.02,1361,582.0,660000.0
2025-10-21,4,ポケカ拡張　ロケット団,1134.02,1361,164.0,185979.0
2025-10-21,4,手巻寿司　３種のねばねば,1134.02,1361,190.0,215464.0
2025-10-21,4,グミチョコボール苺,1134.02,1361,199.0,225670.0
2025-10-21,4,増量３色そぼろ＆チキン南,1134.02,1361,580.0,657732.0
2025-10-21,4,◎紅はるかのおいもチップ,1134.02,1361,198.0,224536.0
2025-10-21,4,お手軽！冷しぶっかけそば,1134.02,1361,276.0,312990.0
2025-10-21,4,極上はちみつ紅茶Ｃ小袋,1134.02,1361,125.0,141752.0
2025-10-21,4,福かまど　べこ餅,1134.02,1361,165.0,187113.0
2025-10-21,4,ねぎたっぷり！豚肉そば,1134.02,1361,554.0,628247.0
2025-10-21,4,ヱビスビール３５０,1134.02,1361,254.0,288041.0
2025-10-21,4,Ｃ玄米プラス　アーモンド,1134.02,1361,180.0,204124.0
2025-10-21,4,お月見タルト　カスタード,1134.02,1361,276.0,312990.0
2025-10-21,4,爽健美茶　６００,1134.02,1361,158.0,179175.0
2025-10-21,4,鳴門金時ラテ,1134.02,1361,267.0,302783.0
2025-10-21,4,ｉｎゼリーＶカロリーゼロ,1134.02,1361,210.0,238144.0
2025-10-21,4,ヘパリーゼＷハイパー,1134.02,1361,380.0,430928.0
2025-10-21,4,増量特製ダレの炙り焼牛カ,1134.02,1361,625.0,708762.0
2025-10-21,4,増量明太海苔弁当,1134.02,1361,555.0,629381.0
2025-10-21,4,ヤクルトＹ１０００,1134.02,1361,150.0,170103.0
2025-10-21,4,クラッシュ蒟蒻畑ぶどう味,1134.02,1361,183.0,207526.0
2025-10-21,4,ブルガリアＹＯブルーベ,1134.02,1361,168.0,190515.0
2025-10-21,4,ビューティチャージハニー,1134.02,1361,548.0,621443.0
2025-10-21,4,ミックスアイスプラス,1134.02,1361,464.0,526185.0
2025-10-21,4,ＡｐｐｌｅＧＣ＿１万,1134.02,1361,10000.0,11340200.0
2025-10-21,4,馬サブロー,1134.02,1361,500.0,567010.0
2025-10-21,4,コロロ二十世紀梨,1134.02,1361,148.0,167835.0
2025-10-21,4,海老とあさりのスパゲティ,1134.02,1361,499.0,565876.0
2025-10-21,4,ライフガード５００,1134.02,1361,150.0,170103.0
2025-10-21,4,ブロックロス　ユニコーン,1134.02,1361,1700.0,1927834.0
2025-10-21,4,Ｈジョージア　カフェラテ,1134.02,1361,148.0,167835.0
2025-10-21,4,サッポロラガービール３５,1134.02,1361,216.0,244948.0
2025-10-21,4,手巻　チャーシューマヨ,1134.02,1361,185.0,209794.0
2025-10-21,4,大きなおむすび　鮭昆布,1134.02,1361,239.0,271031.0
2025-10-21,4,だし醤油まぶし飯海苔佃煮,1134.02,1361,156.0,176907.0
2025-10-21,4,忍者めし鉄の鎧グレープ味,1134.02,1361,160.0,181443.0
2025-10-21,4,ＢＳラーメン丸銀だこ,1134.02,1361,160.0,181443.0
2025-10-21,4,フェットチーネマスカット,1134.02,1361,112.0,127010.0
2025-10-21,4,ラインＳ２５秋の色黒小,1134.02,1361,390.0,442268.0
2025-10-21,4,ミルクブッセ,1134.02,1361,93.0,105464.0
2025-10-21,4,コーヒーブッセ,1134.02,1361,93.0,105464.0
2025-10-21,4,Ｈ伊右衛門焙じ茶,1134.02,1361,138.0,156495.0
2025-10-21,4,Ｈジョージア　ブラック,1134.02,1361,138.0,156495.0
2025-10-21,4,カフェオレクリームサンド,1134.02,1361,121.0,137216.0
2025-10-21,4,キレートレモンクエン酸,1134.02,1361,175.0,198454.0
2025-10-21,4,チョコパイとろ甘キャラメ,1134.02,1361,138.0,156495.0
2025-10-21,4,午後フルーツティ白ぶどう,1134.02,1361,158.0,179175.0
2025-10-21,4,午後フルーツティオレンジ,1134.02,1361,158.0,179175.0
2025-10-21,4,チョコパイほろ苦ダークカ,1134.02,1361,138.0,156495.0
2025-10-21,4,ガルボほろにがブラックＰ,1134.02,1361,175.0,198454.0
2025-10-21,4,スイートポテト＆ホイップ,1134.02,1361,348.0,394639.0
2025-10-21,4,白玉入りお芋のどら焼き,1134.02,1361,195.0,221134.0
2025-10-21,4,ピザサンド　さつまいも,1134.02,1361,306.0,347010.0
2025-10-21,4,カフェラッテクリーミーラ,1134.02,1361,181.0,205258.0
2025-10-21,4,ふわしゅわショコラスフレ,1134.02,1361,258.0,292577.0
2025-10-21,4,◎クロワッサンワッフル,1134.02,1361,167.0,189381.0
2025-10-21,4,ジャックジンジャーＨＢ３,1134.02,1361,210.0,238144.0
2025-10-21,4,たまご＆海老ブロサンド,1134.02,1361,348.0,394639.0
2025-10-21,4,◎チーズインてりやきバー,1134.02,1361,184.0,208660.0
2025-10-21,4,のむココナッツ杏仁,1134.02,1361,276.0,312990.0
2025-10-21,4,たまごっち　まんまる焼き,1134.02,1361,232.0,263093.0
2025-10-21,4,大粒ラムネ濃い果実ぶどう,1134.02,1361,133.0,150825.0
2025-10-21,4,ブロックロスジークアクス,1134.02,1361,1700.0,1927834.0
2025-10-21,4,サンド寿司サーモンチーズ,1134.02,1361,332.0,376495.0
2025-10-21,4,ダースミルク,1134.02,1361,191.0,216598.0
2025-10-21,4,ショコラキャラメルタルト,1134.02,1361,230.0,260825.0
2025-10-21,4,大きなつくねの醤油パスタ,1134.02,1361,510.0,578350.0
2025-10-21,4,コーンのバター醤油パスタ,1134.02,1361,426.0,483093.0
2025-10-21,4,◎グリルＣヨシダテリヤキ,1134.02,1361,232.0,263093.0
2025-10-21,4,スプバレ豊潤ラガー３５０,1134.02,1361,245.0,277835.0
2025-10-21,4,ハリボーハッピーグレープ,1134.02,1361,198.0,224536.0
2025-10-21,4,野菜を食べよう　タンメン,1134.02,1361,554.0,628247.0
2025-10-21,4,たべっ子グミグレープ＆マ,1134.02,1361,200.0,226804.0
2025-10-21,4,バヤリース果実のど飴,1134.02,1361,220.0,249484.0
2025-10-21,4,豚焼肉弁当（マヨネーズ付,1134.02,1361,499.0,565876.0
2025-10-21,4,ｈａｎａキンモクセイ,1134.02,1361,698.0,791546.0
2025-10-21,4,ちいかわひやキャラ,1134.02,1361,280.0,317526.0
2025-10-21,4,４Ｄグミサンリオキャラ,1134.02,1361,180.0,204124.0
2025-10-21,4,オイコス　ピーチ,1134.02,1361,189.0,214330.0
2025-10-21,4,サンリオグミチュアチャー,1134.02,1361,350.0,396907.0
2025-10-21,4,ブラックサンダー至福のバ,1134.02,1361,60.0,68041.0
2025-10-21,4,その他４口座売上,1134.02,1361,164.0,185979.0
2025-10-21,4,１日分Ｖゼリーピーチ,1134.02,1361,218.0,247216.0
2025-10-21,4,うるおいトラベルセット,1134.02,1361,1680.0,1905154.0
2025-10-21,4,ポップアップス！ハチワレ,1134.02,1361,390.0,442268.0
2025-10-21,4,ポップアップス！うさぎ,1134.02,1361,390.0,442268.0
2025-10-21,4,コロロ巨峰,1134.02,1361,148.0,167835.0
2025-10-21,4,◎ロングデニッシュ（バタ,1134.02,1361,121.0,137216.0
2025-10-21,4,麻辣湯（はるさめ麺）,1134.02,1361,554.0,628247.0
2025-10-21,4,◎ふくちゃん豚骨どんぶり,1134.02,1361,297.0,336804.0
2025-10-21,4,ポケカ拡張インフェルノ,1134.02,1361,164.0,185979.0
2025-10-21,4,５種チーズのドリア,1134.02,1361,499.0,565876.0
2025-10-21,4,新金封　結ちどり,1134.02,1361,500.0,567010.0
2025-10-21,4,チップスターＳバター味,1134.02,1361,158.0,179175.0
2025-10-21,4,レンジかき揚げそば,1134.02,1361,462.0,523917.0
2025-10-21,4,モッチュＳマスカット,1134.02,1361,148.0,167835.0
2025-10-21,4,まるごと和なしのど飴小袋,1134.02,1361,128.0,145155.0
2025-10-21,4,ガルボ紫いもＰＫＰ,1134.02,1361,175.0,198454.0
2025-10-21,4,クランキーＰＪストロベリ,1134.02,1361,175.0,198454.0
2025-10-21,4,漬けぶりおむすび,1134.02,1361,249.0,282371.0
2025-10-21,4,ライオンコーヒーブラック,1134.02,1361,168.0,190515.0
2025-10-21,4,ライオンコーヒカフェオレ,1134.02,1361,178.0,201856.0
2025-10-21,4,◎芋きんつば,1134.02,1361,184.0,208660.0
2025-10-21,4,たっぷりコーンマヨネーズ,1134.02,1361,297.0,336804.0
2025-10-21,4,◎肉たっぷり７種具材豚汁,1134.02,1361,369.0,418453.0
2025-10-21,4,Ｐガーナトリュフキャラメ,1134.02,1361,325.0,368556.0
2025-10-21,4,マミー風味シュークリーム,1134.02,1361,167.0,189381.0
2025-10-21,4,背徳　月見台湾風まぜそば,1134.02,1361,647.0,733711.0
2025-10-21,4,メキシカンチキン雑穀,1134.02,1361,462.0,523917.0
2025-10-21,4,森永れん乳風味クレープ,1134.02,1361,239.0,271031.0
2025-10-21,4,◎ふわもち食感のメープル,1134.02,1361,135.0,153093.0
2025-10-21,4,ライトニング電池充電器,1134.02,1361,2164.0,2454019.0
2025-10-21,4,大きな　月見おむすびマヨ,1134.02,1361,304.0,344742.0
2025-10-21,4,あなご寿司,1134.02,1361,255.0,289175.0
2025-10-21,4,とろ生おいもチーズケーキ,1134.02,1361,230.0,260825.0
2025-10-21,4,きつねおむすび,1134.02,1361,147.0,166701.0
2025-10-21,4,チキンチェダーたまご,1134.02,1361,452.0,512577.0
2025-10-21,4,◎ミニベーコンピザパン４,1134.02,1361,212.0,240412.0
2025-10-21,4,◎ミルクツイスト３本入,1134.02,1361,144.0,163299.0
2025-10-21,4,◎ルイボスティー６００,1134.02,1361,110.0,124742.0
2025-10-21,4,野菜生活青森りんご,1134.02,1361,118.0,133814.0
2025-10-21,4,専おかず全部乗せ！お弁当,1134.02,1361,323.0,366288.0
2025-10-21,4,１９６無糖３種の果実３５,1134.02,1361,161.0,182577.0
2025-10-21,4,◎生コッペパン（モンブラ,1134.02,1361,135.0,153093.0
2025-10-21,4,月見うさぎ,1134.02,1361,90.0,102062.0
2025-10-21,4,◎芋あん豆大福,1134.02,1361,165.0,187113.0
2025-10-21,4,エナジーの塊,1134.02,1361,199.0,225670.0
2025-10-21,4,ちいかわチャームグミ,1134.02,1361,380.0,430928.0
2025-10-21,4,◎ロングスティックパン（,1134.02,1361,158.0,179175.0
2025-10-21,4,いちごドーナツ棒１本,1134.02,1361,74.0,83917.0
2025-10-21,4,マカダミアチョコ沖縄黒糖,1134.02,1361,333.0,377629.0
2025-10-21,4,カフェラッテ,1134.02,1361,181.0,205258.0
2025-10-21,4,グミっちょ夕張メロン,1134.02,1361,238.0,269897.0
2025-10-21,4,◎ボロネーゼ風ラザニア,1134.02,1361,369.0,418453.0
2025-10-21,4,ガパオまぜごはん,1134.02,1361,163.0,184845.0
2025-10-21,4,今治ＴＨ斜ＳＴ　Ｔ紺,1134.02,1361,600.0,680412.0
2025-10-21,4,ＳＤドライクリスタル３５,1134.02,1361,216.0,244948.0
2025-10-21,4,◎ふわふわアソートリン４,1134.02,1361,193.0,218866.0
2025-10-21,4,月見チーズバーガー,1134.02,1361,399.0,452474.0
2025-10-21,4,厚切りロースカツサンド,1134.02,1361,426.0,483093.0
2025-10-21,4,きのこの山ポケットパック,1134.02,1361,161.0,182577.0
2025-10-21,4,暴君ハバネロ１５０粒ハバ,1134.02,1361,176.0,199588.0
2025-10-21,4,Ｈ午後の紅茶ミルクティー,1134.02,1361,159.0,180309.0
2025-10-21,4,たけのこの里ＰＫＰ,1134.02,1361,161.0,182577.0
2025-10-21,5,しらすおむすび,1134.02,1361,165.0,187113.0
2025-10-21,5,Ｍアーモンドチョコレート,1134.02,1361,305.0,345876.0
2025-10-21,5,龍角散ののどすっきりタブ,1134.02,1361,200.0,226804.0
2025-10-21,5,忍者めし鋼グレープ味,1134.02,1361,148.0,167835.0
2025-10-21,5,◎もちもちくるみパン,1134.02,1361,128.0,145155.0
2025-10-21,5,ｉｎゼリーエネルギー,1134.02,1361,210.0,238144.0
2025-10-21,5,◎白生クロワッサン（ダブ,1134.02,1361,156.0,176907.0
2025-10-21,5,モンスター　リッパー,1134.02,1361,213.0,241546.0
2025-10-21,5,◎レモン香るティーソーダ,1134.02,1361,130.0,147423.0
2025-10-21,5,カルピス　ひんやりライチ,1134.02,1361,160.0,181443.0
2025-10-21,5,カルピスウォーター５００,1134.02,1361,160.0,181443.0
2025-10-21,5,トロピカーナアップル,1134.02,1361,120.0,136082.0
2025-10-21,5,ミンティアＢカルピス,1134.02,1361,211.0,239278.0
2025-10-21,5,◎ボディＰレモンミント,1134.02,1361,350.0,396907.0
2025-10-21,5,薬用リップスティック,1134.02,1361,299.0,339072.0
2025-10-21,5,さらさらシートクール,1134.02,1361,295.0,334536.0
2025-10-21,5,◎のむＹＧアサイーボウル,1134.02,1361,184.0,208660.0
2025-10-21,5,Ｚｅｒｏシート携帯,1134.02,1361,328.0,371959.0
2025-10-21,5,レッドブルエナジー２５０,1134.02,1361,198.0,224536.0
2025-10-21,5,ペパーミント１００ＭＬ,1134.02,1361,200.0,226804.0
2025-10-21,5,ヘアリングゴム黒,1134.02,1361,200.0,226804.0
2025-10-21,5,１日分鉄分のむヨーグルト,1134.02,1361,145.0,164433.0
2025-10-21,5,ザバスミルクココア風味,1134.02,1361,181.0,205258.0
2025-10-21,5,イーラインマスクベージュ,1134.02,1361,299.0,339072.0
2025-10-21,5,ブルガリアＹＯ　苺,1134.02,1361,158.0,179175.0
2025-10-21,5,◎カフェラテレギュラー,1134.02,1361,181.0,205258.0
2025-10-21,5,金のミルクキャンディ,1134.02,1361,221.0,250618.0
2025-10-21,5,ミンティアＢリフレッシュ,1134.02,1361,211.0,239278.0
2025-10-21,5,邪払のど飴,1134.02,1361,258.0,292577.0
2025-10-21,5,◎生コッペパン（たまご）,1134.02,1361,128.0,145155.0
2025-10-21,5,キレートクエン酸ゼリー,1134.02,1361,210.0,238144.0
2025-10-21,5,◎もっち歩き（チョコ）,1134.02,1361,125.0,141752.0
2025-10-21,5,ミンティアワイルド＆クー,1134.02,1361,105.0,119072.0
2025-10-21,5,アーモンドＣ香ばしＰＪ,1134.02,1361,175.0,198454.0
2025-10-21,5,ミンティアＢクリスタル,1134.02,1361,211.0,239278.0
2025-10-21,5,ブラックＴひとくちサイズ,1134.02,1361,120.0,136082.0
2025-10-21,5,ジャムグミいちご,1134.02,1361,182.0,206392.0
2025-10-21,5,ぷにキャラグミちいかわ,1134.02,1361,218.0,247216.0
2025-10-21,5,ソルベットグミ白桃味,1134.02,1361,140.0,158763.0
2025-10-21,5,つぶグミカタイソーダ,1134.02,1361,168.0,190515.0
2025-10-21,5,たべっ子グミパイナップル,1134.02,1361,200.0,226804.0
2025-10-21,5,おとうふくんグミ,1134.02,1361,161.0,182577.0
2025-10-21,5,あの日夢見た雲グミ,1134.02,1361,171.0,193917.0
2025-10-21,5,ピュレグミなつももソーダ,1134.02,1361,150.0,170103.0
2025-10-21,5,ポケぷに,1134.02,1361,218.0,247216.0
2025-10-21,5,龍角散のど飴ｍａｘＳＴ,1134.02,1361,160.0,181443.0
2025-10-21,5,忍者めし巨峰,1134.02,1361,125.0,141752.0
2025-10-21,5,即攻元気ゼリー,1134.02,1361,204.0,231340.0
2025-10-21,5,龍角散のど飴スティック,1134.02,1361,140.0,158763.0
2025-10-21,5,のど飴,1134.02,1361,124.0,140618.0
2025-10-21,5,忍者めし鋼マスカット味,1134.02,1361,148.0,167835.0
2025-10-21,5,◎ドライマンゴー,1134.02,1361,276.0,312990.0
2025-10-21,5,◎カリカリ梅無着色小袋,1134.02,1361,184.0,208660.0
2025-10-21,5,大粒ラムネ,1134.02,1361,133.0,150825.0
2025-10-21,5,牛乳パン,1134.02,1361,230.0,260825.0
2025-10-21,5,１本満足プロテイン　ＷＴ,1134.02,1361,171.0,193917.0
2025-10-21,5,シルキータッチ大きめ,1134.02,1361,398.0,451340.0
2025-10-21,5,スマートカラーグレー,1134.02,1361,566.0,641855.0
2025-10-21,5,◎しっとりやわらか食パ６,1134.02,1361,158.0,179175.0
2025-10-21,5,◎ファミマ・ザ・クリーム,1134.02,1361,128.0,145155.0
2025-10-21,5,たまごサンド,1134.02,1361,265.0,300515.0
2025-10-21,5,具だくさん！チキン南蛮,1134.02,1361,221.0,250618.0
2025-10-21,5,具だくさん！チャーシュー,1134.02,1361,215.0,243814.0
2025-10-21,5,キャメＭマスカットＰＬ,1134.02,1361,455.0,515979.0
2025-10-21,5,◎ソフトなチーズクリーム,1134.02,1361,135.0,153093.0
2025-10-21,5,キャメＭベリープルーム,1134.02,1361,455.0,515979.0
2025-10-21,5,◎バタークロワッサンメロ,1134.02,1361,147.0,166701.0
2025-10-21,5,キャメＭコールドプルーム,1134.02,1361,455.0,515979.0
2025-10-21,5,◎チョコチップスナック６,1134.02,1361,135.0,153093.0
2025-10-21,5,◎ファミマ・ザ・メロンパ,1134.02,1361,128.0,145155.0
2025-10-21,5,ラーククラシックＭ,1134.02,1361,491.0,556804.0
2025-10-21,5,ラッキーＥＸカット１４,1134.02,1361,428.0,485361.0
2025-10-21,5,ラッキーＢチルベリー８,1134.02,1361,428.0,485361.0
2025-10-21,5,◎生コッペパン（コロッケ,1134.02,1361,167.0,189381.0
2025-10-21,5,ラッキーストライク,1134.02,1361,564.0,639587.0
2025-10-21,5,◎生コッペパン（焼きそば,1134.02,1361,167.0,189381.0
2025-10-21,5,ラッキーシガリロＳライト,1134.02,1361,428.0,485361.0
2025-10-21,5,◎白生コッペパン（トリプ,1134.02,1361,147.0,166701.0
2025-10-21,5,◎ひと口もち食感チーズ（,1134.02,1361,149.0,168969.0
2025-10-21,5,マルボロ・メン８Ｂ,1134.02,1361,546.0,619175.0
2025-10-21,5,◎もっちパン（ミート＆チ,1134.02,1361,121.0,137216.0
2025-10-21,5,◎お肉たっぷりメンチカツ,1134.02,1361,184.0,208660.0
2025-10-21,5,◎天然水新潟県津南６００,1134.02,1361,110.0,124742.0
2025-10-21,5,◎ミニクリームパン５個入,1134.02,1361,149.0,168969.0
2025-10-21,5,◎ジャスミン茶６００,1134.02,1361,110.0,124742.0
2025-10-21,5,クリームたい焼きカスター,1134.02,1361,165.0,187113.0
2025-10-21,5,アスティーグ肌　Ｍ,1134.02,1361,600.0,680412.0
2025-10-21,5,◎のむヨーグルトプレーン,1134.02,1361,149.0,168969.0
2025-10-21,5,ルーロー飯おむすび,1134.02,1361,194.0,220000.0
2025-10-21,5,グリーンダカラ,1134.02,1361,141.0,159897.0
2025-10-21,5,ウィルキンソン　タンサン,1134.02,1361,112.0,127010.0
2025-10-21,5,チョコラＢＢハイパー,1134.02,1361,380.0,430928.0
2025-10-21,5,◎発酵バター香るチョコク,1134.02,1361,147.0,166701.0
2025-10-21,5,◎ダブルチョコデニッシュ,1134.02,1361,128.0,145155.0
2025-10-21,5,ウコンの力ドリンク,1134.02,1361,191.0,216598.0
2025-10-21,5,リポビタンＤ,1134.02,1361,164.0,185979.0
2025-10-21,5,◎ゴロゴロチョコのクッキ,1134.02,1361,138.0,156495.0
2025-10-21,5,ジョージア　カフェモカ,1134.02,1361,168.0,190515.0
2025-10-21,5,ジョージア　カフェラテ,1134.02,1361,159.0,180309.0
2025-10-21,5,◎しっとりケーキ（チョコ,1134.02,1361,135.0,153093.0
2025-10-21,5,ジョージア　ブラック,1134.02,1361,149.0,168969.0
2025-10-21,5,◎白生フランスパン（つぶ,1134.02,1361,156.0,176907.0
2025-10-21,5,◎天然水長野県安曇野２Ｌ,1134.02,1361,112.0,127010.0
2025-10-21,5,午後の紅茶　レモンティー,1134.02,1361,160.0,181443.0
2025-10-21,5,◎緑茶６００,1134.02,1361,110.0,124742.0
2025-10-21,5,◎ぶどうぱん（シュガーマ,1134.02,1361,128.0,145155.0
2025-10-21,5,◎麦茶６００,1134.02,1361,110.0,124742.0
2025-10-21,5,健康ミネラルむぎ茶,1134.02,1361,158.0,179175.0
2025-10-21,5,◎生スコーン６個入,1134.02,1361,172.0,195051.0
2025-10-21,5,◎アップル香るジャスミン,1134.02,1361,110.0,124742.0
2025-10-21,5,塩バター揚げ焼きくりーむ,1134.02,1361,276.0,312990.0
2025-10-21,5,マルボロ・メン１２Ｂ,1134.02,1361,546.0,619175.0
2025-10-21,5,専ＵＦＯ大盛焼そばパンガ,1134.02,1361,276.0,312990.0
2025-10-21,5,じゃがりこチーズ,1134.02,1361,185.0,209794.0
2025-10-21,5,◎冷やし胡瓜一本漬,1134.02,1361,172.0,195051.0
2025-10-21,5,◎タンスティックレモン,1134.02,1361,184.0,208660.0
2025-10-21,5,メビウスＥＸＬ,1134.02,1361,528.0,598763.0
2025-10-21,5,メビウスＬ,1134.02,1361,528.0,598763.0
2025-10-21,5,メビウスＳＬ１００Ｂ,1134.02,1361,528.0,598763.0
2025-10-21,5,焙煎ごまドレッシング,1134.02,1361,33.0,37423.0
2025-10-21,5,◎半熟ゆでたまご１個,1134.02,1361,98.0,111134.0
2025-10-21,5,ポケカ拡張　ホワイト,1134.02,1361,264.0,299381.0
2025-10-21,5,テリアスムースレギュラー,1134.02,1361,528.0,598763.0
2025-10-21,5,高菜の寿司,1134.02,1361,176.0,199588.0
2025-10-21,5,レジ袋弁当大バイオマス,1134.02,1361,5.0,5670.0
2025-10-21,5,ホープ１０,1134.02,1361,273.0,309587.0
2025-10-21,5,手巻　紀州南高梅,1134.02,1361,158.0,179175.0
2025-10-21,5,手巻　真昆布,1134.02,1361,158.0,179175.0
2025-10-21,5,大きな　僕の梅おかか,1134.02,1361,297.0,336804.0
2025-10-21,5,味付海苔　おかか味噌,1134.02,1361,161.0,182577.0
2025-10-21,5,増量　手巻　紅しゃけ,1134.02,1361,195.0,221134.0
2025-10-21,5,増量　手巻　辛子明太子,1134.02,1361,195.0,221134.0
2025-10-21,5,大きな　昆布とツナマヨ,1134.02,1361,269.0,305051.0
2025-10-21,5,手巻　たらこマヨネーズ,1134.02,1361,188.0,213196.0
2025-10-21,5,豚バラしょうゆ,1134.02,1361,276.0,312990.0
2025-10-21,5,サンドおむすび　牛カルビ,1134.02,1361,328.0,371959.0
2025-10-21,5,手巻　紅しゃけ,1134.02,1361,195.0,221134.0
2025-10-21,5,レジ袋１２号バイオマス,1134.02,1361,3.0,3402.0
2025-10-21,5,ピース・ライト・ＢＯＸ,1134.02,1361,546.0,619175.0
2025-10-21,5,ピアニシモ・アリア・メン,1134.02,1361,519.0,588556.0
2025-10-21,5,◎海鮮スティック明太マヨ,1134.02,1361,167.0,189381.0
2025-10-21,5,センティアＩブラック,1134.02,1361,482.0,546598.0
2025-10-21,5,冷し明太とろろうどん,1134.02,1361,508.0,576082.0
2025-10-21,5,冷したぬきうどん,1134.02,1361,399.0,452474.0
2025-10-21,5,ゆず冷し鶏塩おろしうどん,1134.02,1361,526.0,596495.0
2025-10-21,5,テリアイエローメンソール,1134.02,1361,528.0,598763.0
2025-10-21,5,テリアサンパール,1134.02,1361,528.0,598763.0
2025-10-21,5,テリアシャインパール,1134.02,1361,528.0,598763.0
2025-10-21,5,マルボロ・ボックス,1134.02,1361,546.0,619175.0
2025-10-21,5,シーチキン＆コーンサラダ,1134.02,1361,249.0,282371.0
2025-10-21,5,ケントエス１・１００Ｂ,1134.02,1361,455.0,515979.0
2025-10-21,5,ローストチキンパスタサラ,1134.02,1361,369.0,418453.0
2025-10-21,5,エボルタＮＥＯ単４－４Ｐ,1134.02,1361,659.0,747319.0
2025-10-21,5,ライトニング１．２ｍ,1134.02,1361,1800.0,2041236.0
2025-10-21,5,ＣＲバーナーライター,1134.02,1361,190.0,215464.0
2025-10-21,5,耐風ビニール傘７０,1134.02,1361,862.0,977525.0
2025-10-21,5,ダブルシュー,1134.02,1361,172.0,195051.0
2025-10-21,5,デイリースポーツ東日本,1134.02,1361,146.0,165567.0
2025-10-21,5,冷やして食べるバウム,1134.02,1361,167.0,189381.0
2025-10-21,5,マカロンチョコパッション,1134.02,1361,267.0,302783.0
2025-10-21,5,日刊ゲンダイ,1134.02,1361,164.0,185979.0
2025-10-21,5,日本経済新聞,1134.02,1361,182.0,206392.0
2025-10-21,5,ＡｍａｚｏｎＶＡＲ,1134.02,1361,10000.0,11340200.0
2025-10-21,5,２種のキンパ,1134.02,1361,510.0,578350.0
2025-10-21,5,セブンスター,1134.02,1361,546.0,619175.0
2025-10-21,5,セブンスター・ＢＯＸ,1134.02,1361,546.0,619175.0
2025-10-21,5,手巻　辛子明太子,1134.02,1361,195.0,221134.0
2025-10-21,5,カロリーＭハーフ　バニラ,1134.02,1361,110.0,124742.0
2025-10-21,5,手巻シーチキンマヨネーズ,1134.02,1361,165.0,187113.0
2025-10-21,5,直巻　和風ツナマヨネーズ,1134.02,1361,149.0,168969.0
2025-10-21,5,テリアブラックＭ１０Ｐ,1134.02,1361,5273.0,5979687.0
2025-10-21,5,アサヒ生ビール３５０,1134.02,1361,216.0,244948.0
2025-10-21,5,スーパードライ３５０,1134.02,1361,216.0,244948.0
2025-10-21,5,さばと青じそおむすび,1134.02,1361,139.0,157629.0
2025-10-21,5,テリアＯパール,1134.02,1361,528.0,598763.0
2025-10-21,5,ポケカ拡張　ブラック,1134.02,1361,264.0,299381.0
2025-10-21,5,ポケカ拡張　バトルＰ,1134.02,1361,164.0,185979.0
2025-10-21,5,サラサクリップ　黒,1134.02,1361,99.0,112268.0
2025-10-21,5,ＬＩＢＥＲＡミルク,1134.02,1361,277.0,314124.0
2025-10-21,5,◎しみチョココーン,1134.02,1361,147.0,166701.0
2025-10-21,5,◎チョコシュー,1134.02,1361,128.0,145155.0
2025-10-21,5,もち麦　鮭ひじきしそ風味,1134.02,1361,163.0,184845.0
2025-10-21,5,◎こだわりのフロランタン,1134.02,1361,184.0,208660.0
2025-10-21,5,◎もちもちレモンドーナツ,1134.02,1361,149.0,168969.0
2025-10-21,5,◎濃厚ミルクドーナツ,1134.02,1361,100.0,113402.0
2025-10-21,5,◎焼たまごカレートースト,1134.02,1361,167.0,189381.0
2025-10-21,5,スイートサンダーいちご,1134.02,1361,60.0,68041.0
2025-10-21,5,ブラックサンダー,1134.02,1361,41.0,46495.0
2025-10-21,5,◎大きいウインナー,1134.02,1361,153.0,173505.0
2025-10-21,5,◎大きいあらびきチョリソ,1134.02,1361,153.0,173505.0
2025-10-21,5,パウダー２５０％ハッピー,1134.02,1361,120.0,136082.0
2025-10-21,5,◎ベーコンチーズオニオン,1134.02,1361,149.0,168969.0
2025-10-21,5,Ｆグレイシアラムネわらび,1134.02,1361,156.0,176907.0
2025-10-21,5,じゃがりこサラダ,1134.02,1361,185.0,209794.0
2025-10-21,5,ミンティアコールドスマッ,1134.02,1361,105.0,119072.0
2025-10-21,5,直巻　とり五目,1134.02,1361,165.0,187113.0
2025-10-21,5,ラッキーＳメンソール,1134.02,1361,391.0,443402.0
2025-10-21,5,ラッキーＳダークＭ,1134.02,1361,391.0,443402.0
2025-10-21,5,直巻　明太子マヨネーズ,1134.02,1361,165.0,187113.0
2025-10-21,5,直巻　焼しゃけ,1134.02,1361,158.0,179175.0
2025-10-21,5,レジ袋,1134.02,1361,3.0,3402.0
2025-10-21,5,１９６ＳＴゼロＷレモン３,1134.02,1361,161.0,182577.0
2025-10-21,5,角ハイボール３５０,1134.02,1361,219.0,248350.0
2025-10-21,5,氷結レモン３５０,1134.02,1361,168.0,190515.0
2025-10-21,5,生ハム寿司,1134.02,1361,212.0,240412.0
2025-10-21,5,テリアブラックパープルＭ,1134.02,1361,528.0,598763.0
2025-10-21,5,テリアブラックメンソール,1134.02,1361,528.0,598763.0
2025-10-21,5,手巻寿司　納豆,1134.02,1361,184.0,208660.0
2025-10-21,5,テリアミント,1134.02,1361,528.0,598763.0
2025-10-21,5,手巻寿司　シーチキンマヨ,1134.02,1361,167.0,189381.0
2025-10-21,5,テリアメンソール,1134.02,1361,528.0,598763.0
2025-10-21,5,テリアリッチレギュラー,1134.02,1361,528.0,598763.0
2025-10-21,5,テリアリビエラパール,1134.02,1361,528.0,598763.0
2025-10-21,5,テリアレギュラー,1134.02,1361,528.0,598763.0
2025-10-21,5,鮭はらみおむすび,1134.02,1361,258.0,292577.0
2025-10-21,5,助六寿司,1134.02,1361,482.0,546598.0
2025-10-21,5,テリアＢルビーＭ,1134.02,1361,528.0,598763.0
2025-10-21,5,ネオアークティックＭ,1134.02,1361,455.0,515979.0
2025-10-21,5,高菜たくあんおむすび,1134.02,1361,135.0,153093.0
2025-10-21,5,ラッキーＳダークタバコ,1134.02,1361,391.0,443402.0
2025-10-21,5,◎ハムチーズマヨネーズ２,1134.02,1361,135.0,153093.0
2025-10-21,5,ＭＶコールドＭプルーム,1134.02,1361,455.0,515979.0
2025-10-21,5,まるで桃みたいなケーキ,1134.02,1361,276.0,312990.0
2025-10-21,5,クリームワッフルクッキー,1134.02,1361,260.0,294845.0
2025-10-21,5,調製豆乳,1134.02,1361,105.0,119072.0
2025-10-21,5,テリアパープルメンソール,1134.02,1361,528.0,598763.0
2025-10-21,5,テリアバランスドＲ,1134.02,1361,528.0,598763.0
2025-10-21,5,野菜一日これ一本,1134.02,1361,113.0,128144.0
2025-10-21,5,◎デニッシュブレッド３枚,1134.02,1361,156.0,176907.0
2025-10-21,5,センティアＳバイオレット,1134.02,1361,482.0,546598.0
2025-10-21,5,◎バタークロワッサンメ３,1134.02,1361,156.0,176907.0
2025-10-21,5,センティアＩパープル,1134.02,1361,482.0,546598.0
2025-10-21,5,◎ファミマの牛乳５００,1134.02,1361,175.0,198454.0
2025-10-21,5,サブレサンドバニライチゴ,1134.02,1361,332.0,376495.0
2025-10-21,5,冷しニンニクまぜそば,1134.02,1361,647.0,733711.0
2025-10-21,5,ＳＰＡＭ　タコスミート,1134.02,1361,315.0,357216.0
2025-10-21,5,ＳＰＡＭ　ツナマヨネーズ,1134.02,1361,266.0,301649.0
2025-10-21,5,不明,1134.02,1361,164.0,185979.0
2025-10-21,5,レジ袋４５号バイオマス,1134.02,1361,7.0,7938.0
2025-10-21,5,鮭ほぐし飯（和風だしごは,1134.02,1361,338.0,383299.0
2025-10-21,5,天タレおむすび,1134.02,1361,138.0,156495.0
2025-10-21,5,植物生のスパイシーカレー,1134.02,1361,146.0,165567.0
2025-10-21,5,赤飯おむすび,1134.02,1361,165.0,187113.0
2025-10-21,5,レジ袋２０号バイオマス,1134.02,1361,5.0,5670.0
2025-10-21,5,鶏のうまみ！鶏そぼろ弁当,1134.02,1361,320.0,362886.0
2025-10-21,5,冷しビャンビャン麺,1134.02,1361,510.0,578350.0
2025-10-21,5,ラッキーＳＲタバコ１０Ｐ,1134.02,1361,3910.0,4434018.0
2025-10-21,5,野沢菜いなり寿司,1134.02,1361,179.0,202990.0
2025-10-21,5,国産チキン彩り野菜うどん,1134.02,1361,554.0,628247.0
2025-10-21,5,手巻寿司　ねぎとろ（青ま,1134.02,1361,230.0,260825.0
2025-10-21,5,かぶり寿司　唐揚げ巻,1134.02,1361,283.0,320928.0
2025-10-21,5,塩こんぶおむすび,1134.02,1361,139.0,157629.0
2025-10-21,5,サンド寿司　まぐろたくあ,1134.02,1361,334.0,378763.0
2025-10-21,5,冷たい生パスタ海老トマト,1134.02,1361,499.0,565876.0
2025-10-21,5,ジューシーハムサンド,1134.02,1361,297.0,336804.0
2025-10-21,5,ラッキーＳリッチタバコ,1134.02,1361,391.0,443402.0
2025-10-21,5,テリヤキチキンとたまごＳ,1134.02,1361,323.0,366288.0
2025-10-21,5,ラッキーＳベリーＭ,1134.02,1361,391.0,443402.0
2025-10-21,5,ラッキーＳトロピカルＳ,1134.02,1361,391.0,443402.0
2025-10-21,5,３種チーズとハムのサンド,1134.02,1361,323.0,366288.0
2025-10-21,5,ベコンレタストマトサンド,1134.02,1361,369.0,418453.0
2025-10-21,5,ネオＢベリーハイパー用,1134.02,1361,455.0,515979.0
2025-10-21,5,チキン南蛮サンド,1134.02,1361,369.0,418453.0
2025-10-21,5,ミックスサンド,1134.02,1361,276.0,312990.0
2025-10-21,5,鶏焼肉のバインミー,1134.02,1361,369.0,418453.0
2025-10-21,5,シーチキン＆たまごサラダ,1134.02,1361,239.0,271031.0
2025-10-21,5,棒棒鶏風サラダ,1134.02,1361,406.0,460412.0
2025-10-21,5,和風ドレッシング,1134.02,1361,33.0,37423.0
2025-10-21,5,シャキシャキレタスサンド,1134.02,1361,297.0,336804.0
2025-10-21,5,サメジマブルーソーダ味,1134.02,1361,178.0,201856.0
2025-10-21,5,蒸鶏とねぎのトマトパスタ,1134.02,1361,462.0,523917.0
2025-10-21,5,大きなおむすび唐揚げマヨ,1134.02,1361,290.0,328866.0
2025-10-21,5,本まぐろわさび醤油おむす,1134.02,1361,280.0,317526.0
2025-10-21,5,◎ベーコンペッパーマヨ,1134.02,1361,121.0,137216.0
2025-10-21,5,メビウス,1134.02,1361,528.0,598763.0
2025-10-21,5,シャインマスカットのど飴,1134.02,1361,105.0,119072.0
2025-10-21,5,ぷっちょＳＴメガコーラ,1134.02,1361,118.0,133814.0
2025-10-21,5,ハイチュウグレープ,1134.02,1361,127.0,144021.0
2025-10-21,5,ハイライトメンソール,1134.02,1361,473.0,536391.0
2025-10-21,5,ハイチュウＰシャインマス,1134.02,1361,152.0,172371.0
2025-10-21,5,センティアＦグリーン,1134.02,1361,482.0,546598.0
2025-10-21,5,ハイライト,1134.02,1361,473.0,536391.0
2025-10-21,5,ハイチュウＰ巨峰,1134.02,1361,152.0,172371.0
2025-10-21,5,キャメルクラフトＭ５,1134.02,1361,410.0,464948.0
2025-10-21,5,アメスピＯＭ１,1134.02,1361,382.0,433196.0
2025-10-21,5,アメスピＯＭライト,1134.02,1361,382.0,433196.0
2025-10-21,5,コロロシャインマスカット,1134.02,1361,148.0,167835.0
2025-10-21,5,コーラアップ,1134.02,1361,242.0,274433.0
2025-10-21,5,アメスピライト,1134.02,1361,382.0,433196.0
2025-10-21,5,ハイチュウＰヨーグルト,1134.02,1361,152.0,172371.0
2025-10-21,5,ＭＶスムースＲプルーム,1134.02,1361,455.0,515979.0
2025-10-21,5,◎しみ旨フレンチトースト,1134.02,1361,144.0,163299.0
2025-10-21,5,ＭＶシトラスＯＰプルーム,1134.02,1361,455.0,515979.0
2025-10-21,5,◎もちっとつぶあんドーナ,1134.02,1361,125.0,141752.0
2025-10-21,5,◎ミニフレンチトースト４,1134.02,1361,172.0,195051.0
2025-10-21,5,センティアＤブロンズ,1134.02,1361,482.0,546598.0
2025-10-21,5,センティアＣジェイド,1134.02,1361,482.0,546598.0
2025-10-21,5,センティアクリアシルバー,1134.02,1361,482.0,546598.0
2025-10-21,5,専ＵＦＯプチ焼そばパン４,1134.02,1361,212.0,240412.0
2025-10-21,5,ケントＴＲメンソール,1134.02,1361,437.0,495567.0
2025-10-21,5,◎北海道メロンパン,1134.02,1361,125.0,141752.0
2025-10-21,5,ケントＴメンソール,1134.02,1361,437.0,495567.0
2025-10-21,5,◎生コッペパン（あんバタ,1134.02,1361,135.0,153093.0
2025-10-21,5,◎白生コッペパン（カスタ,1134.02,1361,128.0,145155.0
2025-10-21,5,マルボロ・ブラックＭ８,1134.02,1361,546.0,619175.0
2025-10-21,5,ＭＶＰＧレギュラーウィズ,1134.02,1361,546.0,619175.0
2025-10-21,5,ＭＶＰＧメンソールウィズ,1134.02,1361,546.0,619175.0
2025-10-21,5,ＭＶＧレッドＭウィズ,1134.02,1361,546.0,619175.0
2025-10-21,5,◎ふんわりホットケーキ２,1134.02,1361,128.0,145155.0
2025-10-21,5,◎完熟バナナパンケーキ,1134.02,1361,138.0,156495.0
2025-10-21,5,ＭＶベリーＯＰプルーム,1134.02,1361,455.0,515979.0
2025-10-21,5,◎いちごのクロワッサン（,1134.02,1361,147.0,166701.0
2025-10-21,5,ＭＶブラックＣＭプルーム,1134.02,1361,455.0,515979.0
2025-10-21,5,タフグミグレーピーパンチ,1134.02,1361,238.0,269897.0
2025-10-21,5,はちみつカリンのど飴,1134.02,1361,124.0,140618.0
2025-10-21,5,メビウスワン,1134.02,1361,528.0,598763.0
2025-10-21,5,メビウスＥ１　１００Ｓ,1134.02,1361,455.0,515979.0
2025-10-21,5,◎スーパーＣＨ無糖レモ３,1134.02,1361,119.0,134948.0
2025-10-21,5,おむすびおかずＳ（昆・ツ,1134.02,1361,434.0,492165.0
2025-10-21,5,特撰　白角水割　２５０,1134.02,1361,175.0,198454.0
2025-10-21,5,茉莉花ジャスミン茶割ＪＪ,1134.02,1361,181.0,205258.0
2025-10-21,5,檸檬堂夏のラムネとレモン,1134.02,1361,160.0,181443.0
2025-10-21,5,手巻寿司　サーモン（青ま,1134.02,1361,230.0,260825.0
2025-10-21,5,本搾りライム３５０,1134.02,1361,168.0,190515.0
2025-10-21,5,未来のレサワオリジナル３,1134.02,1361,271.0,307319.0
2025-10-21,5,ルイボスティーハイ３４０,1134.02,1361,181.0,205258.0
2025-10-21,5,手巻寿司　青しそ納豆,1134.02,1361,190.0,215464.0
2025-10-21,5,◎スーパーＣＨグレフル３,1134.02,1361,119.0,134948.0
2025-10-21,5,大関　佳撰ワンカップ,1134.02,1361,219.0,248350.0
2025-10-21,5,金麦３５０,1134.02,1361,180.0,204124.0
2025-10-21,5,いなり寿司３ヶ入,1134.02,1361,276.0,312990.0
2025-10-21,5,ザプレミアムモルツ３５０,1134.02,1361,254.0,288041.0
2025-10-21,5,黒ラベル３５０,1134.02,1361,216.0,244948.0
2025-10-21,5,炙り焼辛子明太子おむすび,1134.02,1361,251.0,284639.0
2025-10-21,5,◎パン・オ・ショコラ４個,1134.02,1361,184.0,208660.0
2025-10-21,5,６種具材の冷し中華,1134.02,1361,536.0,607835.0
2025-10-21,5,センティアＦパープル,1134.02,1361,482.0,546598.0
2025-10-21,5,キシリトール粒フレッシュ,1134.02,1361,178.0,201856.0
2025-10-21,5,大粒ラムネＲすっぱレモン,1134.02,1361,133.0,150825.0
2025-10-21,5,マルボロアイスＢ・Ｍ８,1134.02,1361,546.0,619175.0
2025-10-21,5,マルボロアイスＢ・Ｍ５,1134.02,1361,546.0,619175.0
2025-10-21,5,ベロＭＰＭインテンス,1134.02,1361,291.0,330000.0
2025-10-21,5,◎黒胡椒香るチーズフラン,1134.02,1361,184.0,208660.0
2025-10-21,5,ケント・１・１００ＢＯＸ,1134.02,1361,473.0,536391.0
2025-10-21,5,◎ファミマ・ザ・カレーパ,1134.02,1361,139.0,157629.0
2025-10-21,5,ケントエス・スパーク１,1134.02,1361,455.0,515979.0
2025-10-21,5,◎手巻きソーセージドーナ,1134.02,1361,158.0,179175.0
2025-10-21,5,マルボロゴールドＢ,1134.02,1361,546.0,619175.0
2025-10-21,5,キシリトール粒グレープ,1134.02,1361,178.0,201856.0
2025-10-21,5,キシリトール粒ライムミン,1134.02,1361,178.0,201856.0
2025-10-21,5,Ｗ・Ｃ・ホワイト・５,1134.02,1361,491.0,556804.0
2025-10-21,5,メビＰＭＯＰＰ１１００,1134.02,1361,528.0,598763.0
2025-10-21,5,メビウスＳＬ,1134.02,1361,528.0,598763.0
2025-10-21,5,フリスクＦＦマスカット,1134.02,1361,278.0,315258.0
2025-10-21,5,ヨーグレットミニ,1134.02,1361,150.0,170103.0
2025-10-21,5,メビウスＥＭＯＰＰ５Ｓ,1134.02,1361,455.0,515979.0
2025-10-21,5,メロンソーダアップ,1134.02,1361,242.0,274433.0
2025-10-21,5,ラムネアップ,1134.02,1361,242.0,274433.0
2025-10-21,5,サンスポ（サンケ,1134.02,1361,164.0,185979.0
2025-10-21,5,コンパクトＳ２４．５ｃｍ,1134.02,1361,230.0,260825.0
2025-10-21,5,忍者めしラムネ,1134.02,1361,125.0,141752.0
2025-10-21,5,週刊少年ジャンプ,1134.02,1361,282.0,319794.0
2025-10-21,5,男梅グミ,1134.02,1361,143.0,162165.0
2025-10-21,5,週　刊　文　春,1134.02,1361,464.0,526185.0
2025-10-21,5,◎ドライみかん,1134.02,1361,276.0,312990.0
2025-10-21,5,ヤングマガジン,1134.02,1361,464.0,526185.0
2025-10-21,5,◎ドライりんご,1134.02,1361,276.0,312990.0
2025-10-21,5,◎５種のナッツ＆フルーツ,1134.02,1361,198.0,224536.0
2025-10-21,5,◎おしゃぶり昆布,1134.02,1361,172.0,195051.0
2025-10-21,5,ＢＩＣ電子ライター,1134.02,1361,170.0,192783.0
2025-10-21,5,◎やみつき種ぬき干し梅,1134.02,1361,175.0,198454.0
2025-10-21,5,コンパクトＳ２１．５ｃｍ,1134.02,1361,230.0,260825.0
2025-10-21,5,◎除菌ハンディＷティシュ,1134.02,1361,164.0,185979.0
2025-10-21,5,コカ・コーラ　３００,1134.02,1361,110.0,124742.0
2025-10-21,5,◎みるくバターまんじゅう,1134.02,1361,144.0,163299.0
2025-10-21,5,◎パイまんじゅうつぶあん,1134.02,1361,153.0,173505.0
2025-10-21,5,ピュレグミＰ白桃,1134.02,1361,180.0,204124.0
2025-10-21,5,ピュレグミＰマスカット,1134.02,1361,180.0,204124.0
2025-10-21,5,ピュレグミグレープ味,1134.02,1361,150.0,170103.0
2025-10-21,5,◎紅はるかの熟成干し芋,1134.02,1361,260.0,294845.0
2025-10-21,5,龍角散ののどすっきり飴袋,1134.02,1361,280.0,317526.0
2025-10-21,5,まい塩あめ小袋,1134.02,1361,138.0,156495.0
2025-10-21,5,今治ＴＨドット,1134.02,1361,600.0,680412.0
2025-10-21,5,ハンカチＳＴ,1134.02,1361,600.0,680412.0
2025-10-21,5,婦人ショートＳ白,1134.02,1361,390.0,442268.0
2025-10-21,5,ひざ下２足ヌードベージュ,1134.02,1361,500.0,567010.0
2025-10-21,5,邪払のど飴小袋,1134.02,1361,119.0,134948.0
2025-10-21,5,◎ばんそうこうＭサイズ,1134.02,1361,362.0,410515.0
2025-10-21,5,プリッツ旨サラダ,1134.02,1361,131.0,148557.0
2025-10-21,5,◎チョコマシュマロ,1134.02,1361,139.0,157629.0
2025-10-21,5,◎ミニバタークッキー,1134.02,1361,128.0,145155.0
2025-10-21,5,シルキータッチふつう,1134.02,1361,398.0,451340.0
2025-10-21,5,◎練乳はちみつドーナツ,1134.02,1361,147.0,166701.0
2025-10-21,5,◎こだわりのマドレーヌ,1134.02,1361,147.0,166701.0
2025-10-21,5,ソフトタンポンコンパクト,1134.02,1361,282.0,319794.0
2025-10-21,5,◎こだわりのワッフル,1134.02,1361,144.0,163299.0
2025-10-21,5,今治ＴＨＳＴ／青橙,1134.02,1361,600.0,680412.0
2025-10-21,5,ジェットスリーム０．５,1134.02,1361,150.0,170103.0
2025-10-21,5,リングメモＡ７Ｂ罫,1134.02,1361,208.0,235876.0
2025-10-21,5,ハリボーハッピーコーラ,1134.02,1361,198.0,224536.0
2025-10-21,5,東スポ（東京スポーツ）,1134.02,1361,164.0,185979.0
2025-10-21,5,ドデカミンＢＩＧ,1134.02,1361,149.0,168969.0
2025-10-21,5,今治ＴＨネイビーＭＩＸ,1134.02,1361,600.0,680412.0
2025-10-21,5,◎ミニ羊羹　煉,1134.02,1361,91.0,103196.0
2025-10-21,5,ペプシコーラ　６００,1134.02,1361,130.0,147423.0
2025-10-21,5,無香料ケープ　ＳＨ　小,1134.02,1361,300.0,340206.0
2025-10-21,5,◎贅沢バウムクーヘン,1134.02,1361,202.0,229072.0
2025-10-21,5,◎とろけるチョコミントＣ,1134.02,1361,139.0,157629.0
2025-10-21,5,◎４種のフルーツケーキ,1134.02,1361,156.0,176907.0
2025-10-21,5,バナナバウムクーヘン,1134.02,1361,139.0,157629.0
2025-10-21,5,さらさらシートせっけん,1134.02,1361,295.0,334536.0
2025-10-21,5,ベースブレッドシナモン,1134.02,1361,260.0,294845.0
2025-10-21,5,ビオレふくだけＣうるおい,1134.02,1361,341.0,386701.0
2025-10-21,5,ベースブレッドチョコ,1134.02,1361,260.0,294845.0
2025-10-21,5,ベースブレッドメープル,1134.02,1361,260.0,294845.0
2025-10-21,5,天然水きりっとヨグ,1134.02,1361,159.0,180309.0
2025-10-21,5,Ｆリーフィアロールケーキ,1134.02,1361,165.0,187113.0
2025-10-21,5,梅のり巻,1134.02,1361,142.0,161031.0
2025-10-21,5,耐風ビニール傘６５,1134.02,1361,705.0,799484.0
2025-10-21,5,ＣＷワンタッチ開閉折傘,1134.02,1361,2014.0,2283916.0
2025-10-21,5,レインコートＬ,1134.02,1361,687.0,779072.0
2025-10-21,5,アクオグリーンミント,1134.02,1361,170.0,192783.0
2025-10-21,5,アクオクリアブルーミント,1134.02,1361,170.0,192783.0
2025-10-21,5,◎春雨スープ担々麺味,1134.02,1361,167.0,189381.0
2025-10-21,5,◎とん汁,1134.02,1361,167.0,189381.0
2025-10-21,5,Ｆレモンクリームのロール,1134.02,1361,153.0,173505.0
2025-10-21,5,クリアクリーントラベル,1134.02,1361,323.0,366288.0
2025-10-21,5,◎濃厚チョコパウンド,1134.02,1361,213.0,241546.0
2025-10-21,5,モンスターエナジーボトル,1134.02,1361,297.0,336804.0
2025-10-21,5,おっとっとうすしお味,1134.02,1361,131.0,148557.0
2025-10-21,5,チップスターＳうすしお味,1134.02,1361,144.0,163299.0
2025-10-21,5,アクエリアス５００,1134.02,1361,160.0,181443.0
2025-10-21,5,チップスターＳコンソメ味,1134.02,1361,144.0,163299.0
2025-10-21,5,サントリー天然水　２Ｌ,1134.02,1361,131.0,148557.0
2025-10-21,5,天然水１Ｌ,1134.02,1361,168.0,190515.0
2025-10-21,5,◎キャラメルコーン,1134.02,1361,119.0,134948.0
2025-10-21,5,◎ＢＳラーメン丸チキン味,1134.02,1361,119.0,134948.0
2025-10-21,5,◎天然水新潟県津南３７０,1134.02,1361,100.0,113402.0
2025-10-21,5,ＳＯＹＪＯＹ　黒ゴマ,1134.02,1361,125.0,141752.0
2025-10-21,5,◎きんつば,1134.02,1361,158.0,179175.0
2025-10-21,5,ウェルチ　１房分のぶどう,1134.02,1361,160.0,181443.0
2025-10-21,5,天然水きりっと果実,1134.02,1361,159.0,180309.0
2025-10-21,5,玉ねぎせん,1134.02,1361,158.0,179175.0
2025-10-21,5,贅沢保湿ポケットＴ,1134.02,1361,169.0,191649.0
2025-10-21,5,◎チョコミントタルト,1134.02,1361,176.0,199588.0
2025-10-21,5,◎チョコミントロール,1134.02,1361,167.0,189381.0
2025-10-21,5,◎水に流せるポケットＴ,1134.02,1361,133.0,150825.0
2025-10-21,5,◎紀州南高梅茎わかめ,1134.02,1361,158.0,179175.0
2025-10-21,5,◎種ぬきはちみつ干し梅,1134.02,1361,158.0,179175.0
2025-10-21,5,今治ＴＨ２５夏の色白,1134.02,1361,600.0,680412.0
2025-10-21,5,１本満足シリアルチョコ,1134.02,1361,152.0,172371.0
2025-10-21,5,１本満足シリアルブラック,1134.02,1361,152.0,172371.0
2025-10-21,5,爽健美茶３００,1134.02,1361,110.0,124742.0
2025-10-21,5,おーいお茶緑茶　３５０,1134.02,1361,110.0,124742.0
2025-10-21,5,１本満足シリアルホワイト,1134.02,1361,152.0,172371.0
2025-10-21,5,伊右衛門特茶,1134.02,1361,170.0,192783.0
2025-10-21,5,ヘルシア緑茶　３５０ｍｌ,1134.02,1361,180.0,204124.0
2025-10-21,5,Ｃ玄米ブラン　ブルーベリ,1134.02,1361,155.0,175773.0
2025-10-21,5,クラフトボスイタリアーノ,1134.02,1361,159.0,180309.0
2025-10-21,5,Ｃ玄米ブランメープル,1134.02,1361,155.0,175773.0
2025-10-21,5,モーニングマアムバニラ,1134.02,1361,130.0,147423.0
2025-10-21,5,◎玄米茶　６００,1134.02,1361,110.0,124742.0
2025-10-21,5,◎台湾烏龍茶　６００,1134.02,1361,110.0,124742.0
2025-10-21,5,ｉｎゼリーマルチビタミン,1134.02,1361,210.0,238144.0
2025-10-21,5,Ｃ１０００ビタミンレモン,1134.02,1361,130.0,147423.0
2025-10-21,5,◎ピーチマンゴールイボス,1134.02,1361,110.0,124742.0
2025-10-21,5,オロナミンＣ,1134.02,1361,135.0,153093.0
2025-10-21,5,ヘパリーゼＷ,1134.02,1361,276.0,312990.0
2025-10-21,5,い・ろ・は・す５４０,1134.02,1361,118.0,133814.0
2025-10-21,5,カロリＭハーフチーズ味,1134.02,1361,110.0,124742.0
2025-10-21,5,クラフトボス　ミルクラテ,1134.02,1361,166.0,188247.0
2025-10-21,5,伊右衛門　６００,1134.02,1361,158.0,179175.0
2025-10-21,5,午後の紅茶　ミルクティー,1134.02,1361,160.0,181443.0
2025-10-21,5,◎オレンジ香アールグレイ,1134.02,1361,110.0,124742.0
2025-10-21,5,きのこベーコン醤油パスタ,1134.02,1361,434.0,492165.0
2025-10-21,5,小岩井　Ｔｈｅカフェオレ,1134.02,1361,159.0,180309.0
2025-10-21,5,おーいお茶濃く香るほうじ,1134.02,1361,158.0,179175.0
2025-10-21,5,クラフトボスブラック,1134.02,1361,149.0,168969.0
2025-10-21,5,ウィルキンソン　レモン,1134.02,1361,112.0,127010.0
2025-10-21,5,クラフトボス　ラテ,1134.02,1361,159.0,180309.0
2025-10-21,5,除菌アルコールタオル,1134.02,1361,238.0,269897.0
2025-10-21,5,１００％　オレンジ,1134.02,1361,168.0,190515.0
2025-10-21,5,カルピス　ザ　リッチ,1134.02,1361,160.0,181443.0
2025-10-21,5,フェイシャルペーパー,1134.02,1361,250.0,283505.0
2025-10-21,5,ｉｎバーザクザクビター,1134.02,1361,170.0,192783.0
2025-10-21,5,ｉｎバー　ベイクドチョコ,1134.02,1361,170.0,192783.0
2025-10-21,5,カシミヤＥＸポケット,1134.02,1361,162.0,183711.0
2025-10-21,5,カロリＭハーフチョコ,1134.02,1361,110.0,124742.0
2025-10-21,5,アイルＣＲ電子ライター,1134.02,1361,159.0,180309.0
2025-10-21,5,カロリーＭハーフフルーツ,1134.02,1361,110.0,124742.0
2025-10-21,5,◎有機栽培の恵み天津甘栗,1134.02,1361,165.0,187113.0
2025-10-21,5,アクエリアス　９５０,1134.02,1361,166.0,188247.0
2025-10-21,5,はだおもい２３ｃｍ,1134.02,1361,253.0,286907.0
2025-10-21,5,コンパクトＳ３０．５ｃｍ,1134.02,1361,230.0,260825.0
2025-10-21,5,イーラインマスクピンク,1134.02,1361,299.0,339072.0
2025-10-21,5,プリングルズサワクリＳ,1134.02,1361,158.0,179175.0
2025-10-21,5,スタイルフィットグレー,1134.02,1361,410.0,464948.0
2025-10-21,5,スタイルフィットＯＬ,1134.02,1361,410.0,464948.0
2025-10-21,5,じゃがビーバターしょうゆ,1134.02,1361,164.0,185979.0
2025-10-21,5,ストロングサワーＣオニオ,1134.02,1361,155.0,175773.0
2025-10-21,5,超快適マスクふつう,1134.02,1361,350.0,396907.0
2025-10-21,5,超快適マスクやや大きめ,1134.02,1361,350.0,396907.0
2025-10-21,5,超快適マスク小さめ,1134.02,1361,350.0,396907.0
2025-10-21,5,７ＤＡＹＳマスク大きめ,1134.02,1361,298.0,337938.0
2025-10-21,5,◎香ばしいバタピー,1134.02,1361,167.0,189381.0
2025-10-21,5,フリクションノックＢＫ,1134.02,1361,230.0,260825.0
2025-10-21,5,◎薫製したうずらたまご,1134.02,1361,249.0,282371.0
2025-10-21,5,富士通ＰＲＥ　単４－４Ｐ,1134.02,1361,528.0,598763.0
2025-10-21,5,◎素焼きミックスナッツ,1134.02,1361,360.0,408247.0
2025-10-21,5,◎ＰＣ濃いめのり塩,1134.02,1361,139.0,157629.0
2025-10-21,5,◎ハンディウェットティシ,1134.02,1361,117.0,132680.0
2025-10-21,5,グリーンダカラ麦茶６８０,1134.02,1361,148.0,167835.0
2025-10-21,5,◎ジュワっとした塩バター,1134.02,1361,130.0,147423.0
2025-10-21,5,ベースブレッドミルク,1134.02,1361,260.0,294845.0
2025-10-21,5,メビウス・ワン・ＢＯＸ,1134.02,1361,528.0,598763.0
2025-10-21,5,カントリーＭミニバニラ,1134.02,1361,121.0,137216.0
2025-10-21,5,ミニたべっ子塩バター味,1134.02,1361,160.0,181443.0
2025-10-21,5,ｅ－ｍａのどグレープ小袋,1134.02,1361,118.0,133814.0
2025-10-21,5,金のミルク小袋,1134.02,1361,138.0,156495.0
2025-10-21,5,塩分チャージタブ小袋塩レ,1134.02,1361,140.0,158763.0
2025-10-21,5,ネオＣＬタバコハイパー用,1134.02,1361,455.0,515979.0
2025-10-21,5,キャメルクラフト６,1134.02,1361,410.0,464948.0
2025-10-21,5,ＭＶＧパープルＭウィズ,1134.02,1361,546.0,619175.0
2025-10-21,5,ＭＶアップルＯＰプルーム,1134.02,1361,455.0,515979.0
2025-10-21,5,ＭＶシャープＣＭプルーム,1134.02,1361,455.0,515979.0
2025-10-21,5,◎チョコチップクッキー,1134.02,1361,128.0,145155.0
2025-10-21,5,ＭＶディープＲプルーム,1134.02,1361,455.0,515979.0
2025-10-21,5,◎ちいさなオールレーズン,1134.02,1361,128.0,145155.0
2025-10-21,5,◎ガトーショコラ風チョコ,1134.02,1361,165.0,187113.0
2025-10-21,5,ＭＶペア―ＯＰプルーム,1134.02,1361,455.0,515979.0
2025-10-21,5,ベースブレッドこしあん,1134.02,1361,276.0,312990.0
2025-10-21,5,ベースブレッドオレンジ,1134.02,1361,276.0,312990.0
2025-10-21,5,◎スティックサラミ,1134.02,1361,110.0,124742.0
2025-10-21,5,◎おつまみイカフライ,1134.02,1361,110.0,124742.0
2025-10-21,5,週刊　モーニング,1134.02,1361,428.0,485361.0
2025-10-21,5,ジャパンニューズ,1134.02,1361,137.0,155361.0
2025-10-21,5,スポーツ報知東日本,1134.02,1361,164.0,185979.0
2025-10-21,5,東京新聞,1134.02,1361,128.0,145155.0
2025-10-21,5,毎日新聞,1134.02,1361,146.0,165567.0
2025-10-21,5,茨城新聞,1134.02,1361,137.0,155361.0
2025-10-21,5,堅ぶつ揚げとうもろこし味,1134.02,1361,128.0,145155.0
2025-10-21,5,ガルボつぶ練り苺ＰＫＰ,1134.02,1361,175.0,198454.0
2025-10-21,5,テリアフュージョンＭ,1134.02,1361,528.0,598763.0
2025-10-21,5,テリアブラックイエローＭ,1134.02,1361,528.0,598763.0
2025-10-21,5,チョコあーんぱん袋,1134.02,1361,121.0,137216.0
2025-10-21,5,産経新聞,1134.02,1361,128.0,145155.0
2025-10-21,5,タフグミ梅マニア,1134.02,1361,238.0,269897.0
2025-10-21,5,テリアトロピカルＭ,1134.02,1361,528.0,598763.0
2025-10-21,5,ＡｐｐｌｅＧＣ＿ＶＡＲ,1134.02,1361,3250.0,3685565.0
2025-10-21,5,ラッキーＥＸカット６,1134.02,1361,428.0,485361.0
2025-10-21,5,キャメルリッチプルーム,1134.02,1361,455.0,515979.0
2025-10-21,5,ソイチキン根菜ラップ,1134.02,1361,369.0,418453.0
2025-10-21,5,ガルボポケットパック,1134.02,1361,175.0,198454.0
2025-10-21,5,クランキーＰＪクランチＣ,1134.02,1361,175.0,198454.0
2025-10-21,5,センティアＴイエロー,1134.02,1361,482.0,546598.0
2025-10-21,5,◎カリカリ梅赤小袋,1134.02,1361,184.0,208660.0
2025-10-21,5,一番搾りホワイト３５０,1134.02,1361,216.0,244948.0
2025-10-21,5,未来のレサワプレーン３４,1134.02,1361,271.0,307319.0
2025-10-21,5,ガーナザクほろ塩ミルＰＪ,1134.02,1361,177.0,200722.0
2025-10-21,5,ひとくちルマンド,1134.02,1361,162.0,183711.0
2025-10-21,5,センティアＳゴールド,1134.02,1361,482.0,546598.0
2025-10-21,5,スニッカーズピーナッツ,1134.02,1361,150.0,170103.0
2025-10-21,5,◎こだわりのフィナンシェ,1134.02,1361,135.0,153093.0
2025-10-21,5,ツナたまごサンド,1134.02,1361,246.0,278969.0
2025-10-21,5,ちびサワーズドリンクアソ,1134.02,1361,211.0,239278.0
2025-10-21,5,メントスグレープ,1134.02,1361,120.0,136082.0
2025-10-21,5,スッパイスッパイマン大作,1134.02,1361,139.0,157629.0
2025-10-21,5,ミンティアＢ濃苺,1134.02,1361,211.0,239278.0
2025-10-21,5,シゲキックス梅ソルト味,1134.02,1361,120.0,136082.0
2025-10-21,5,植物生まれマスカットグミ,1134.02,1361,148.0,167835.0
2025-10-21,5,ザ・クレープ　生チョコ,1134.02,1361,230.0,260825.0
2025-10-21,5,さけるチーズプレーン,1134.02,1361,141.0,159897.0
2025-10-21,5,ナカミグミもも味,1134.02,1361,168.0,190515.0
2025-10-21,5,◎生コッペパン（ツナ＆ポ,1134.02,1361,149.0,168969.0
2025-10-21,5,◎いちごモッチ,1134.02,1361,139.0,157629.0
2025-10-21,5,◎アップルクリームデニッ,1134.02,1361,135.0,153093.0
2025-10-21,5,◎たっぷりクリームデニッ,1134.02,1361,116.0,131546.0
2025-10-21,5,クロレッツＸＰ　オリジナ,1134.02,1361,180.0,204124.0
2025-10-21,5,ミンティアドライハード,1134.02,1361,105.0,119072.0
2025-10-21,5,ミンティアＢシャイニーピ,1134.02,1361,211.0,239278.0
2025-10-21,5,果汁グミぶどう,1134.02,1361,152.0,172371.0
2025-10-21,5,ピュレグミレモン味,1134.02,1361,150.0,170103.0
2025-10-21,5,◎サラダチキンＳハーブ,1134.02,1361,172.0,195051.0
2025-10-21,5,◎グリルチキンＢＰ,1134.02,1361,221.0,250618.0
2025-10-21,5,野菜生活シークヮーサー,1134.02,1361,118.0,133814.0
2025-10-21,5,トマトジュース食塩無添加,1134.02,1361,113.0,128144.0
2025-10-21,5,エッセンシャルズ鉄分,1134.02,1361,152.0,172371.0
2025-10-21,5,エッセンシャルズビタミン,1134.02,1361,152.0,172371.0
2025-10-21,5,ネクターピーチティー,1134.02,1361,193.0,218866.0
2025-10-21,5,◎カフェラテ　砂糖不使用,1134.02,1361,181.0,205258.0
2025-10-21,5,のむフルーチェイチゴ,1134.02,1361,249.0,282371.0
2025-10-21,5,◎のむヨーグルトいちご,1134.02,1361,162.0,183711.0
2025-10-21,5,ＯＡＴＳＩＤＥプレーン,1134.02,1361,128.0,145155.0
2025-10-21,5,激シゲキックスソーダ,1134.02,1361,120.0,136082.0
2025-10-21,5,◎サラダチキンＳスモーク,1134.02,1361,172.0,195051.0
2025-10-21,5,ブレンドＳ,1134.02,1361,135.0,153093.0
2025-10-21,5,◎グリルチキンやきとり,1134.02,1361,221.0,250618.0
2025-10-21,5,アイスコーヒーＳ,1134.02,1361,135.0,153093.0
2025-10-21,5,◎おつまみかまぼこチーズ,1134.02,1361,173.0,196185.0
2025-10-21,5,◎豆腐と枝豆のひじき和え,1134.02,1361,239.0,271031.0
2025-10-21,5,◎特製ダレの味付けたまご,1134.02,1361,304.0,344742.0
2025-10-21,5,豚しゃぶのパスタサラダ,1134.02,1361,369.0,418453.0
2025-10-21,5,豚しゃぶおろしパスタサラ,1134.02,1361,369.0,418453.0
2025-10-21,5,彩りサラダチキンサンド,1134.02,1361,399.0,452474.0
2025-10-21,5,ゆでたまご＆ハムミックス,1134.02,1361,323.0,366288.0
2025-10-21,5,焦がし醤油風グリルチキン,1134.02,1361,369.0,418453.0
2025-10-21,5,ラッキーＥＸカット１０,1134.02,1361,428.0,485361.0
2025-10-21,5,◎チョコツイスト３本入,1134.02,1361,144.0,163299.0
2025-10-21,5,生ハムとルッコラ,1134.02,1361,462.0,523917.0
2025-10-21,5,◎生コッペパン（ダブルピ,1134.02,1361,135.0,153093.0
2025-10-21,5,おいしい牛乳２００ＭＬ,1134.02,1361,133.0,150825.0
2025-10-21,5,◎白生クリームパン（ダブ,1134.02,1361,147.0,166701.0
2025-10-21,5,◎炙りいかそうめん,1134.02,1361,193.0,218866.0
2025-10-21,5,Ｗ・Ｃホワイト１・１００,1134.02,1361,491.0,556804.0
2025-10-21,5,チップスターＳ梅しそ味,1134.02,1361,158.0,179175.0
2025-10-21,5,◎フランクロール,1134.02,1361,184.0,208660.0
2025-10-21,5,メビＰメンＯＰＰ８,1134.02,1361,528.0,598763.0
2025-10-21,5,今治ＴＨ千鳥,1134.02,1361,600.0,680412.0
2025-10-21,5,つかめる実験！ふしぎ玉,1134.02,1361,180.0,204124.0
2025-10-21,5,三次元マスクふつう,1134.02,1361,350.0,396907.0
2025-10-21,5,メビウスＥＸＬＢ,1134.02,1361,528.0,598763.0
2025-10-21,5,グミチョコ苺,1134.02,1361,233.0,264227.0
2025-10-21,5,マカダミアＰＪカラメリゼ,1134.02,1361,175.0,198454.0
2025-10-21,5,たべっ子ラムネレモン味,1134.02,1361,150.0,170103.0
2025-10-21,5,ポテトＣおたくのマヨ味,1134.02,1361,190.0,215464.0
2025-10-21,5,ケントＮＳインテンスリＦ,1134.02,1361,500.0,567010.0
2025-10-21,5,メビウスＥＭＯＰＰ１Ｓ,1134.02,1361,455.0,515979.0
2025-10-21,5,３色そぼろ＆チキン南蛮弁,1134.02,1361,580.0,657732.0
2025-10-21,5,海苔巻おかき,1134.02,1361,228.0,258557.0
2025-10-21,5,レジ袋４５号,1134.02,1361,7.0,7938.0
2025-10-21,5,◎マシマシ紅しょうがせん,1134.02,1361,119.0,134948.0
2025-10-21,5,◎おこめチップスのりしお,1134.02,1361,249.0,282371.0
2025-10-21,5,メビウス１・１００ＢＯＸ,1134.02,1361,528.0,598763.0
2025-10-21,5,◎ミニクッキー,1134.02,1361,128.0,145155.0
2025-10-21,5,グリーンガム,1134.02,1361,138.0,156495.0
2025-10-21,5,◎黒ごまミニアスパラガス,1134.02,1361,119.0,134948.0
2025-10-21,5,健康のど飴梅小袋,1134.02,1361,128.0,145155.0
2025-10-21,5,メビＰメンＯＰＰ５,1134.02,1361,528.0,598763.0
2025-10-21,5,富士通ＰＲＥ　単３－４Ｐ,1134.02,1361,528.0,598763.0
2025-10-21,5,オリオンドラフト３５０,1134.02,1361,216.0,244948.0
2025-10-21,5,週刊少年マガジン,1134.02,1361,364.0,412783.0
2025-10-21,5,ｉｎバープロテインバニラ,1134.02,1361,170.0,192783.0
2025-10-21,5,◎ひとくちこしあん大福５,1134.02,1361,156.0,176907.0
2025-10-21,5,ミルク餅,1134.02,1361,130.0,147423.0
2025-10-21,5,◎有明産の海苔,1134.02,1361,121.0,137216.0
2025-10-21,5,まるごとりんごのど飴小袋,1134.02,1361,128.0,145155.0
2025-10-21,5,キットカットバー,1134.02,1361,140.0,158763.0
2025-10-21,5,グミだよ。レモネード味,1134.02,1361,166.0,188247.0
2025-10-21,5,カンデミーナＷ電撃ライチ,1134.02,1361,200.0,226804.0
2025-10-21,5,◎スパイシービーフジャー,1134.02,1361,156.0,176907.0
2025-10-21,5,ＢＳラーメンおつまみ,1134.02,1361,131.0,148557.0
2025-10-21,5,ケントトゥルータバコ,1134.02,1361,437.0,495567.0
2025-10-21,5,フェットチーネＰピーチパ,1134.02,1361,148.0,167835.0
2025-10-21,5,◎超暴君ハバネロ,1134.02,1361,128.0,145155.0
2025-10-21,5,◎ノアールミニ,1134.02,1361,119.0,134948.0
2025-10-21,5,スティックのりＰＩＴ,1134.02,1361,232.0,263093.0
2025-10-21,5,ケントＴリッチタバコ,1134.02,1361,437.0,495567.0
2025-10-21,5,クロレッツＸＰシャープミ,1134.02,1361,180.0,204124.0
2025-10-21,5,クールループド,1134.02,1361,455.0,515979.0
2025-10-21,5,ラーク・マイルド・ＢＯＸ,1134.02,1361,491.0,556804.0
2025-10-21,5,週　刊　プ　ロ　レ　ス,1134.02,1361,573.0,649793.0
2025-10-21,5,◎しっとりバウムクーヘン,1134.02,1361,167.0,189381.0
2025-10-21,5,◎つぶあんどら焼き,1134.02,1361,144.0,163299.0
2025-10-21,5,今治ＴＨドット／黒青,1134.02,1361,600.0,680412.0
2025-10-21,5,アメスピＯＬゴールド,1134.02,1361,382.0,433196.0
2025-10-21,5,ビッグ　コミック,1134.02,1361,437.0,495567.0
2025-10-21,5,グランドジャンプ,1134.02,1361,437.0,495567.0
2025-10-21,5,◎ばかうけたっぷり青のり,1134.02,1361,110.0,124742.0
2025-10-21,5,ニベアディープモイスチャ,1134.02,1361,533.0,604433.0
2025-10-21,5,ホロチャージホロライブＧ,1134.02,1361,260.0,294845.0
2025-10-21,5,トロピカーナオレンジ,1134.02,1361,150.0,170103.0
2025-10-21,5,１本満足プロテインチョコ,1134.02,1361,171.0,193917.0
2025-10-21,5,プロテインバー　チョコ,1134.02,1361,180.0,204124.0
2025-10-21,5,堅あげポテトうすしお味,1134.02,1361,179.0,202990.0
2025-10-21,5,氷結グレープフルーツ３５,1134.02,1361,168.0,190515.0
2025-10-21,5,読売新聞,1134.02,1361,164.0,185979.0
2025-10-21,5,週刊ベースボール,1134.02,1361,564.0,639587.0
2025-10-21,5,明治Ｒ－１ドリンク,1134.02,1361,149.0,168969.0
2025-10-21,5,◎瀬戸内レモンピール,1134.02,1361,167.0,189381.0
2025-10-21,5,雑貨（雑誌便）,1134.02,1361,2490.0,2823710.0
2025-10-21,5,マルボロ・メン４Ｂ,1134.02,1361,546.0,619175.0
2025-10-21,5,Ｗ・Ｃレッド８・ＢＯＸ,1134.02,1361,491.0,556804.0
2025-10-21,5,ネオＢワイルドベリー,1134.02,1361,455.0,515979.0
2025-10-21,5,ポリッピーしお味,1134.02,1361,120.0,136082.0
2025-10-21,5,特撰月餅,1134.02,1361,140.0,158763.0
2025-10-21,5,ＭＶＰＧフローズンウィズ,1134.02,1361,546.0,619175.0
2025-10-21,5,ふわもち生大福　コーヒー,1134.02,1361,138.0,156495.0
2025-10-21,5,ラー油四川風麻婆焼そば,1134.02,1361,499.0,565876.0
2025-10-21,5,サラサクリップ　赤,1134.02,1361,99.0,112268.0
2025-10-21,5,エボコールドＭ　ＰＬＭ,1134.02,1361,500.0,567010.0
2025-10-21,5,べスティＥＸ首振り,1134.02,1361,100.0,113402.0
2025-10-21,5,野菜スティック味噌マヨ,1134.02,1361,276.0,312990.0
2025-10-21,5,冷たい明太カルボナーラ,1134.02,1361,499.0,565876.0
2025-10-21,5,フレッシュ野菜サラダ,1134.02,1361,199.0,225670.0
2025-10-21,5,ミニチーズおかきお好み焼,1134.02,1361,147.0,166701.0
2025-10-21,5,メビウスＥＯＰＰ８,1134.02,1361,455.0,515979.0
2025-10-21,5,週刊少年サンデー,1134.02,1361,346.0,392371.0
2025-10-21,5,セロテープ小巻直線カッタ,1134.02,1361,220.0,249484.0
2025-10-21,5,メビウスＢ,1134.02,1361,528.0,598763.0
2025-10-21,5,洗顔シート　石けんの香り,1134.02,1361,246.0,278969.0
2025-10-21,5,ラーク・ＢＯＸ,1134.02,1361,491.0,556804.0
2025-10-21,5,日刊ゲンダイ　通常版,1134.02,1361,164.0,185979.0
2025-10-21,5,ＡｐｐｌｅＧＣ　ＶＡＲ,1134.02,1361,5000.0,5670100.0
2025-10-21,5,ＭＶマスカットＯＰＰＬＭ,1134.02,1361,455.0,515979.0
2025-10-21,5,タフグミｍｉｎｉデュオ,1134.02,1361,238.0,269897.0
2025-10-21,5,フェイシャルＰアイス,1134.02,1361,250.0,283505.0
2025-10-21,5,パリジャンサンドハムチズ,1134.02,1361,323.0,366288.0
2025-10-21,5,レインボーキューブグミ,1134.02,1361,198.0,224536.0
2025-10-21,5,冷しとろろそば,1134.02,1361,508.0,576082.0
2025-10-21,5,メビウス１００Ｂ,1134.02,1361,528.0,598763.0
2025-10-21,5,◎グリルチキン梅しそ,1134.02,1361,221.0,250618.0
2025-10-21,5,午後の紅茶　ストレート,1134.02,1361,160.0,181443.0
2025-10-21,5,ネオアイスドＭハイパー,1134.02,1361,455.0,515979.0
2025-10-21,5,じゃがりこＬ明太もんじゃ,1134.02,1361,218.0,247216.0
2025-10-21,5,◎ふんわりカステラ,1134.02,1361,119.0,134948.0
2025-10-21,5,プロテインピーナッツバタ,1134.02,1361,249.0,282371.0
2025-10-21,5,ＭＶアロマＲプルーム,1134.02,1361,473.0,536391.0
2025-10-21,5,さけるチーズとうがらし味,1134.02,1361,141.0,159897.0
2025-10-21,5,◎麻辣花生,1134.02,1361,128.0,145155.0
2025-10-21,5,無限そら豆濃塩ポーク,1134.02,1361,158.0,179175.0
2025-10-21,5,ＡｐｐｌｅＧＣ１．５千,1134.02,1361,1500.0,1701030.0
2025-10-21,5,冷シート　フローラル,1134.02,1361,462.0,523917.0
2025-10-21,5,ポカリスエット５００,1134.02,1361,150.0,170103.0
2025-10-21,5,ポッキーチョコレート,1134.02,1361,207.0,234742.0
2025-10-21,5,メビウスＥ６　１００Ｓ,1134.02,1361,455.0,515979.0
2025-10-21,5,オイコス　ストロベリー,1134.02,1361,189.0,214330.0
2025-10-21,5,センティアＣグリーン,1134.02,1361,482.0,546598.0
2025-10-21,5,デイリースポーツ,1134.02,1361,146.0,165567.0
2025-10-21,5,ハムレタスたまごサンド,1134.02,1361,265.0,300515.0
2025-10-21,5,◎高地栽培バナナ１本,1134.02,1361,130.0,147423.0
2025-10-21,5,ＣＷ晴雨兼用ミニ折傘,1134.02,1361,2014.0,2283916.0
2025-10-21,5,濃い大満足みかん,1134.02,1361,239.0,271031.0
2025-10-21,5,塩分チャージタブレッツ,1134.02,1361,238.0,269897.0
2025-10-21,5,ケントＴベリーブースト,1134.02,1361,437.0,495567.0
2025-10-21,5,朝日新聞,1134.02,1361,164.0,185979.0
2025-10-21,5,１９６無糖Ｗパイン３５,1134.02,1361,161.0,182577.0
2025-10-21,5,ケントＮＳブライトタバコ,1134.02,1361,500.0,567010.0
2025-10-21,5,◎グリルチキンゆず七味,1134.02,1361,221.0,250618.0
2025-10-21,5,エボベリーＣＲ　ＰＬＭ,1134.02,1361,500.0,567010.0
2025-10-21,5,メビウスＳＬＢ,1134.02,1361,528.0,598763.0
2025-10-21,5,エボディープＲ　ＰＬＭ,1134.02,1361,500.0,567010.0
2025-10-21,5,ＳｐｏｒｔｓＧｒａｐｈｉ,1134.02,1361,746.0,845979.0
2025-10-21,5,少年チャンピオン,1134.02,1361,364.0,412783.0
2025-10-21,5,紳士リブＳ黒,1134.02,1361,390.0,442268.0
2025-10-21,5,文庫,1134.02,1361,600.0,680412.0
2025-10-21,5,ヤング　ジャンプ,1134.02,1361,428.0,485361.0
2025-10-21,5,フリスクペパーミント,1134.02,1361,235.0,266495.0
2025-10-21,5,テリアルビーレギュラー,1134.02,1361,528.0,598763.0
2025-10-21,5,週　刊　新　潮,1134.02,1361,464.0,526185.0
2025-10-21,5,◎２種の醤油仕上げ柿ピー,1134.02,1361,167.0,189381.0
2025-10-21,5,三次元マスク大きめ,1134.02,1361,350.0,396907.0
2025-10-21,5,顔体用シート　ゴミポケ,1134.02,1361,280.0,317526.0
2025-10-21,5,炙り焼　鳥めし弁当,1134.02,1361,526.0,596495.0
2025-10-21,5,今治ＴＨ　ハート,1134.02,1361,637.0,722371.0
2025-10-21,5,スポニチ東日本,1134.02,1361,164.0,185979.0
2025-10-21,5,ざるそば,1134.02,1361,417.0,472886.0
2025-10-21,5,◎塩揚げ餅,1134.02,1361,128.0,145155.0
2025-10-21,5,ラッキーＳベリーＢ,1134.02,1361,391.0,443402.0
2025-10-21,5,◎チョコチップスコーン,1134.02,1361,149.0,168969.0
2025-10-21,5,週　刊　実　話,1134.02,1361,519.0,588556.0
2025-10-21,5,チ－ズインカレ－ハンバ－,1134.02,1361,184.0,208660.0
2025-10-21,5,マルボロミディアムＢＯＸ,1134.02,1361,546.0,619175.0
2025-10-21,5,ＧＰｌａｙバリアブル,1134.02,1361,3000.0,3402060.0
2025-10-21,5,ソフトワン使い切り１回分,1134.02,1361,121.0,137216.0
2025-10-21,5,ソルティライチ,1134.02,1361,163.0,184845.0
2025-10-21,5,果汁グミ弾力プラスいちご,1134.02,1361,225.0,255154.0
2025-10-21,5,綴じノートＢ５Ａ罫,1134.02,1361,208.0,235876.0
2025-10-21,5,ニッカン東日本（日刊スポ,1134.02,1361,164.0,185979.0
2025-10-21,5,クリニカハミガキ　ミニ,1134.02,1361,91.0,103196.0
2025-10-21,5,アメリカヘアピン,1134.02,1361,280.0,317526.0
2025-10-21,5,午後の紅茶おいしい無糖,1134.02,1361,158.0,179175.0
2025-10-21,5,折りたたみセットコーム,1134.02,1361,491.0,556804.0
2025-10-21,5,極冷感　フリージア,1134.02,1361,462.0,523917.0
2025-10-21,5,回転焼（抹茶あん）２個入,1134.02,1361,147.0,166701.0
2025-10-21,5,冷しぶっかけ豚肉うどん,1134.02,1361,554.0,628247.0
2025-10-21,5,クリニカトラベルセット,1134.02,1361,330.0,374227.0
2025-10-21,5,かっぱえびせん鳴門の塩,1134.02,1361,158.0,179175.0
2025-10-21,5,プレミアムルック清水白桃,1134.02,1361,270.0,306185.0
2025-10-21,5,ポテトチップス大人の夏味,1134.02,1361,158.0,179175.0
2025-10-21,5,フリスクＣＢフレッシュＭ,1134.02,1361,278.0,315258.0
2025-10-21,5,◎あたりめ　小,1134.02,1361,147.0,166701.0
2025-10-21,5,ハッピーターンスパイス,1134.02,1361,120.0,136082.0
2025-10-21,5,◎チョコマカダミアクッキ,1134.02,1361,184.0,208660.0
2025-10-21,5,アイスコーヒーＭ,1134.02,1361,223.0,252886.0
2025-10-21,5,Ｆ謹製塩豆大福,1134.02,1361,167.0,189381.0
2025-10-21,5,◎トルティーヤＣタコス味,1134.02,1361,128.0,145155.0
2025-10-21,5,ミニ冷し中華,1134.02,1361,369.0,418453.0
2025-10-21,5,競馬ブック,1134.02,1361,500.0,567010.0
2025-10-21,5,週刊　漫画タイムス,1134.02,1361,364.0,412783.0
2025-10-21,5,ＢＳおつまみ激辛チキン,1134.02,1361,136.0,154227.0
2025-10-21,5,東スポ競馬特別版,1134.02,1361,228.0,258557.0
2025-10-21,5,キャメルクラフト１２,1134.02,1361,410.0,464948.0
2025-10-21,5,メビウスＳＴ１　１００,1134.02,1361,528.0,598763.0
2025-10-21,5,アロンアルフア速効多用途,1134.02,1361,501.0,568144.0
2025-10-21,5,◎風味が豊かなチーズ鱈小,1134.02,1361,172.0,195051.0
2025-10-21,5,ライトニング用イヤホン,1134.02,1361,3255.0,3691235.0
2025-10-21,5,ＭＶＭミントＭプルーム,1134.02,1361,455.0,515979.0
2025-10-21,5,◎春雨スープかきたま,1134.02,1361,167.0,189381.0
2025-10-21,5,ピアニシモ・プレシアメン,1134.02,1361,519.0,588556.0
2025-10-21,5,ハイマッキー　太字　黒,1134.02,1361,136.0,154227.0
2025-10-21,5,ミックスアイス,1134.02,1361,464.0,526185.0
2025-10-21,5,コミック,1134.02,1361,520.0,589690.0
2025-10-21,5,海味鮮,1134.02,1361,120.0,136082.0
2025-10-21,5,漫　画　ゴラク,1134.02,1361,500.0,567010.0
2025-10-21,5,ビッグコミックオリジナル,1134.02,1361,437.0,495567.0
2025-10-21,5,もっちりクリームロール,1134.02,1361,313.0,354948.0
2025-10-21,5,塩チョコタルト,1134.02,1361,258.0,292577.0
2025-10-21,5,雑誌（地元発行紙）,1134.02,1361,228.0,258557.0
2025-10-21,5,アクアリッチ　エッセンス,1134.02,1361,880.0,997938.0
2025-10-21,5,ベロブリージーマンゴーＭ,1134.02,1361,291.0,330000.0
2025-10-21,5,噛むブレスケアレモン,1134.02,1361,385.0,436598.0
2025-10-21,5,月刊　少年マガジン,1134.02,1361,637.0,722371.0
2025-10-21,5,マッキー　極細　黒,1134.02,1361,111.0,125876.0
2025-10-21,5,ネオＢレッドフルーツ,1134.02,1361,455.0,515979.0
2025-10-21,5,技のこだ割り濃厚醤油,1134.02,1361,138.0,156495.0
2025-10-21,5,さけるチーズスモーク味,1134.02,1361,141.0,159897.0
2025-10-21,5,冷シート　無香,1134.02,1361,462.0,523917.0
2025-10-21,5,大盛　明太子スパゲティ,1134.02,1361,554.0,628247.0
2025-10-21,5,ブレンドＭ,1134.02,1361,204.0,231340.0
2025-10-21,5,スポーツ報知,1134.02,1361,164.0,185979.0
2025-10-21,5,日刊スポーツ,1134.02,1361,164.0,185979.0
2025-10-21,5,競馬エイト,1134.02,1361,591.0,670206.0
2025-10-21,5,ゼロチョコレートクリスプ,1134.02,1361,220.0,249484.0
2025-10-21,5,◎ドライもも,1134.02,1361,276.0,312990.0
2025-10-21,5,メビウスＥＸＬ１００Ｂ,1134.02,1361,528.0,598763.0
2025-10-21,5,キャメルクラフト１,1134.02,1361,410.0,464948.0
2025-10-21,5,今治ＴＨＣグラデーション,1134.02,1361,600.0,680412.0
2025-10-21,5,今治ＴＨ　ストライプＢＧ,1134.02,1361,637.0,722371.0
2025-10-21,5,テリアメンソール１０Ｐ,1134.02,1361,5273.0,5979687.0
2025-10-21,5,オイコスドリンク　カフェ,1134.02,1361,248.0,281237.0
2025-10-21,5,明治ヨーグルトＲ－１,1134.02,1361,144.0,163299.0
2025-10-21,5,ネオＢマスカッット,1134.02,1361,455.0,515979.0
2025-10-21,5,夏ポテト紀州の南高梅味,1134.02,1361,179.0,202990.0
2025-10-21,5,ＧＰｌａｙ５０００,1134.02,1361,5000.0,5670100.0
2025-10-21,5,スパッシュラムネレモン,1134.02,1361,147.0,166701.0
2025-10-21,5,ラッキーＳトロピカルＢ,1134.02,1361,391.0,443402.0
2025-10-21,5,スフレ・プリン,1134.02,1361,306.0,347010.0
2025-10-21,5,スポーツニッポン,1134.02,1361,164.0,185979.0
2025-10-21,5,エボルタＮＥＯ単３－４Ｐ,1134.02,1361,659.0,747319.0
2025-10-21,5,アスティーグ肌　Ｌ,1134.02,1361,600.0,680412.0
2025-10-21,5,消しゴム　ＭＯＮＯ,1134.02,1361,110.0,124742.0
2025-10-21,5,キャップ付鉛筆３Ｐ,1134.02,1361,180.0,204124.0
2025-10-21,5,ケント・１・ＫＳ・ＢＯＸ,1134.02,1361,473.0,536391.0
2025-10-21,5,スーパーグリップシャープ,1134.02,1361,100.0,113402.0
2025-10-21,5,ショートＳ灰緑／白小,1134.02,1361,390.0,442268.0
2025-10-21,5,ソルティグレフルグミ,1134.02,1361,184.0,208660.0
2025-10-21,5,うまイチュウ青りんご味,1134.02,1361,127.0,144021.0
2025-10-21,5,ペタグーシャインマスカッ,1134.02,1361,150.0,170103.0
2025-10-21,5,クールマイルド・ＢＯＸ,1134.02,1361,528.0,598763.0
2025-10-21,5,マロッシュラムネ味,1134.02,1361,159.0,180309.0
2025-10-21,5,アポロマイスタイル,1134.02,1361,247.0,280103.0
2025-10-21,5,◎夏のベイクドチーズＣ,1134.02,1361,138.0,156495.0
2025-10-21,5,パイの実レアチーズケーキ,1134.02,1361,238.0,269897.0
2025-10-21,5,ビッグコミックスピリッツ,1134.02,1361,464.0,526185.0
2025-10-21,5,塩キャラメルプリン,1134.02,1361,230.0,260825.0
2025-10-21,5,クロレッツＸＰ　クリアミ,1134.02,1361,180.0,204124.0
2025-10-21,5,ライトニング電池式６本,1134.02,1361,2346.0,2660411.0
2025-10-21,5,多当仏　御霊前,1134.02,1361,87.0,98660.0
2025-10-21,5,テリヤキチキンたまごコぺ,1134.02,1361,323.0,366288.0
2025-10-21,5,ワンピデッキシャンクス,1134.02,1361,500.0,567010.0
2025-10-21,5,◎ばんそうこう３サイズ,1134.02,1361,362.0,410515.0
2025-10-21,5,◎塩キャラメルケーキタ３,1134.02,1361,167.0,189381.0
2025-10-21,5,Ｃボス　地中海スカッシュ,1134.02,1361,166.0,188247.0
2025-10-21,5,マッチ　５００,1134.02,1361,150.0,170103.0
2025-10-21,5,テリアスムースＲ１０Ｐ,1134.02,1361,5273.0,5979687.0
2025-10-21,5,こだわり酒場のレモン３５,1134.02,1361,161.0,182577.0
2025-10-21,5,狩人めしエナジードリンク,1134.02,1361,125.0,141752.0
2025-10-21,5,サントリー生ビール３５０,1134.02,1361,212.0,240412.0
2025-10-21,5,北海道生ビール３５０,1134.02,1361,216.0,244948.0
2025-10-21,5,◎やわらか燻製さきいか,1134.02,1361,184.0,208660.0
2025-10-21,5,◎とうふとわかめ,1134.02,1361,121.0,137216.0
2025-10-21,5,青磯海苔　まぐろたくあん,1134.02,1361,187.0,212062.0
2025-10-21,5,ザバスチョコレート２００,1134.02,1361,205.0,232474.0
2025-10-21,5,大粒ラムネアイスボックス,1134.02,1361,161.0,182577.0
2025-10-21,5,男梅サワー梅涼し３５０,1134.02,1361,187.0,212062.0
2025-10-21,5,もち麦　新生姜とわかめ,1134.02,1361,163.0,184845.0
2025-10-21,5,紳士くるぶし丈Ｓ黒,1134.02,1361,390.0,442268.0
2025-10-21,5,ショートＳ灰緑／白大,1134.02,1361,390.0,442268.0
2025-10-21,5,漬け真鯛おむすび,1134.02,1361,260.0,294845.0
2025-10-21,5,こってり炒飯おむすび,1134.02,1361,166.0,188247.0
2025-10-21,5,手巻寿司　ばくだん納豆,1134.02,1361,207.0,234742.0
2025-10-21,5,茶流彩彩　コーン茶,1134.02,1361,110.0,124742.0
2025-10-21,5,◎どかっとベーコンチーズ,1134.02,1361,139.0,157629.0
2025-10-21,5,ＢＩＧあらびきソーセージ,1134.02,1361,150.0,170103.0
2025-10-21,5,◎クランベリー＆チーズク,1134.02,1361,147.0,166701.0
2025-10-21,5,◎塩バターパン（チョコク,1134.02,1361,156.0,176907.0
2025-10-21,5,３種のミックスサンド,1134.02,1361,298.0,337938.0
2025-10-21,5,ネオＢトロピカルハイパー,1134.02,1361,455.0,515979.0
2025-10-21,5,ブラックＴココナッツ小袋,1134.02,1361,128.0,145155.0
2025-10-21,5,ぷっちょＳＴ瀬戸内レモン,1134.02,1361,118.0,133814.0
2025-10-21,5,みんなのレモネード,1134.02,1361,212.0,240412.0
2025-10-21,5,オレンジもちとろクリーム,1134.02,1361,184.0,208660.0
2025-10-21,5,まるごとバナナ,1134.02,1361,260.0,294845.0
2025-10-21,5,８×４ロールオンせっけん,1134.02,1361,641.0,726907.0
2025-10-21,5,ノンシュガー塩果実キャン,1134.02,1361,211.0,239278.0
2025-10-21,5,◎ふんわりとしたパンケ８,1134.02,1361,172.0,195051.0
2025-10-21,5,つくね＆鶏そぼろごはん,1134.02,1361,313.0,354948.0
2025-10-21,5,ＩＱＯＳｉＯＭブラック,1134.02,1361,3619.0,4104018.0
2025-10-21,5,◎焼きカレーパン３個入,1134.02,1361,184.0,208660.0
2025-10-21,5,プライドポテト神戸ビーフ,1134.02,1361,168.0,190515.0
2025-10-21,5,堅あげ焼きとうもろこし,1134.02,1361,179.0,202990.0
2025-10-21,5,◎Ｆボスブラック　４５０,1134.02,1361,130.0,147423.0
2025-10-21,5,コアラのマーチ練乳ミルク,1134.02,1361,177.0,200722.0
2025-10-21,5,ＰＧスパイシーチキンＳ缶,1134.02,1361,168.0,190515.0
2025-10-21,5,ハニーミルクティー,1134.02,1361,230.0,260825.0
2025-10-21,5,果汁グミすいか,1134.02,1361,152.0,172371.0
2025-10-21,5,カスタムプラスＥＸ首振り,1134.02,1361,398.0,451340.0
2025-10-21,5,ツナとたまごサンド,1134.02,1361,265.0,300515.0
2025-10-21,5,◎塩チョコフィナンシェ,1134.02,1361,167.0,189381.0
2025-10-21,5,大盛豚肉とねぎの塩焼そば,1134.02,1361,554.0,628247.0
2025-10-21,5,純連冷し味噌ラーメン,1134.02,1361,599.0,679278.0
2025-10-21,5,フルーツの沼メロン＆白桃,1134.02,1361,230.0,260825.0
2025-10-21,5,トルティーヤ豚生姜ハムチ,1134.02,1361,369.0,418453.0
2025-10-21,5,ぷっちょイカゲーム第二弾,1134.02,1361,193.0,218866.0
2025-10-21,5,Ｗ・Ｃホワイト３ＢＯＸ,1134.02,1361,491.0,556804.0
2025-10-21,5,毎日新聞（１都６県静０１,1134.02,1361,,
2025-10-21,5,東京スポーツ（１都６県静,1134.02,1361,,
2025-10-21,5,東京新聞（１都６県静０１,1134.02,1361,,
2025-10-21,5,スポーツ報知（関東東北北,1134.02,1361,,
2025-10-21,5,日刊ゲンダイ（１都６県静,1134.02,1361,,
2025-10-21,5,納豆細巻寿司（２巻増量）,1134.02,1361,389.0,441134.0
2025-10-21,5,ＪＴニューヨーク（旧：ヘ,1134.02,1361,,
2025-10-21,5,読売新聞（１都６県静０１,1134.02,1361,,
2025-10-21,5,日本経済新聞（静０５）,1134.02,1361,,
2025-10-21,5,朝日新聞（宮山梨静０５以,1134.02,1361,,
2025-10-21,5,ＴｈｅＪａｐａｎＮｅｗｓ,1134.02,1361,,
2025-10-21,5,産経新聞（宮山梨静０５以,1134.02,1361,,
2025-10-21,5,プロテインキャラメル,1134.02,1361,249.0,282371.0
2025-10-21,5,キャメルクラフトＭＢ５,1134.02,1361,410.0,464948.0
2025-10-21,5,◎どかっとテリマヨチキン,1134.02,1361,135.0,153093.0
2025-10-21,5,スポニチ（山梨静０５以外,1134.02,1361,,
2025-10-21,5,デイリースポーツ（１都６,1134.02,1361,,
2025-10-21,5,サンスポ（山梨静０５以外,1134.02,1361,,
2025-10-21,5,日刊スポ（山梨静０５以外,1134.02,1361,,
2025-10-21,5,婦人リブＳ白,1134.02,1361,390.0,442268.0
2025-10-21,5,◎こだわりのバタークッキ,1134.02,1361,239.0,271031.0
2025-10-21,5,Ｆはちみつ＆マーガリンの,1134.02,1361,147.0,166701.0
2025-10-21,5,男梅シート,1134.02,1361,200.0,226804.0
2025-10-21,5,ＧＰｌａｙ３０００,1134.02,1361,3000.0,3402060.0
2025-10-21,5,Ｓスター１０Ｂ,1134.02,1361,546.0,619175.0
2025-10-21,5,オイコス　パッションフル,1134.02,1361,189.0,214330.0
2025-10-21,5,コーヒー用氷Ｓ,1134.02,1361,,
2025-10-21,5,◎冷スープかぼちゃと人参,1134.02,1361,332.0,376495.0
2025-10-21,5,ＣＷ晴雨兼用スリム折傘,1134.02,1361,2014.0,2283916.0
2025-10-21,5,セブンスター１０Ｐ,1134.02,1361,5455.0,6186079.0
2025-10-21,5,フライドチキン＆ハンバー,1134.02,1361,555.0,629381.0
2025-10-21,5,ケントエス・スパーク５,1134.02,1361,455.0,515979.0
2025-10-21,5,Ｃ玄米ブラン贅沢ミルク,1134.02,1361,180.0,204124.0
2025-10-21,5,Ｃ玄米ブラン　カカオ,1134.02,1361,155.0,175773.0
2025-10-21,5,ブルガリアＹＯマスカット,1134.02,1361,185.0,209794.0
2025-10-21,5,激辛韓国風焼そば,1134.02,1361,510.0,578350.0
2025-10-21,5,◎フルーツＣ塩レモン,1134.02,1361,276.0,312990.0
2025-10-21,5,沖縄黒糖のブラウにゃー,1134.02,1361,220.0,249484.0
2025-10-21,5,カントリーＭ塩バニラアイ,1134.02,1361,145.0,164433.0
2025-10-21,5,シングルモルト白州１８０,1134.02,1361,1950.0,2211339.0
2025-10-21,5,週刊ＴＶガイド（関東版）,1134.02,1361,,
2025-10-21,5,その他３口座売上,1134.02,1361,649.0,735979.0
2025-10-21,5,竹箸　５００膳,1134.02,1361,,
2025-10-21,5,ＴＶＬＩＦＥ　首都圏版,1134.02,1361,,
2025-10-21,5,コーヒー用氷Ｍ,1134.02,1361,,
2025-10-21,5,ａｎａｎ（アンアン）,1134.02,1361,,
2025-10-21,5,コーヒーリッドＭ,1134.02,1361,,
2025-10-21,5,今治ＴＨフジＲ２５,1134.02,1361,637.0,722371.0
2025-10-21,5,ストローレスリッド,1134.02,1361,,
2025-10-21,5,しあわせ素肌ミニ夜用,1134.02,1361,162.0,183711.0
2025-10-21,5,ニンフィアゼリードリンク,1134.02,1361,249.0,282371.0
2025-10-21,5,新・値下シール３０円,1134.02,1361,,
2025-10-21,5,ＣＷ折りたたみ耐風傘,1134.02,1361,2014.0,2283916.0
2025-10-21,5,サンデー毎日,1134.02,1361,600.0,680412.0
2025-10-21,5,カフェカップＳ,1134.02,1361,,
2025-10-21,5,塩分チャージタブ小袋,1134.02,1361,140.0,158763.0
2025-10-21,5,週刊　女性セブン,1134.02,1361,482.0,546598.0
2025-10-21,5,第１０７回全国高校野球選,1134.02,1361,,
2025-10-21,5,お泊まりスキンケアセット,1134.02,1361,380.0,430928.0
2025-10-21,5,楽天ギフトバリアブル,1134.02,1361,10500.0,11907210.0
2025-10-21,5,ＡＥＲＡ（アエラ）,1134.02,1361,591.0,670206.0
2025-10-21,5,なめらか食感水ようかん,1134.02,1361,158.0,179175.0
2025-10-21,5,トマトベーコンパスタサラ,1134.02,1361,389.0,441134.0
2025-10-21,5,ベ　ス　ト　カ　ー,1134.02,1361,537.0,608969.0
2025-10-21,5,ポケカ拡張ステラ,1134.02,1361,164.0,185979.0
2025-10-21,5,ベロＢマンゴーＭ５Ｐ,1134.02,1361,1455.0,1649999.0
2025-10-21,5,明太マヨいか天,1134.02,1361,130.0,147423.0
2025-10-21,5,マウスＷクリア８０ＭＬ,1134.02,1361,200.0,226804.0
2025-10-21,5,こんがりパンポタージュ,1134.02,1361,170.0,192783.0
2025-10-21,5,クラフトテープ　１巻,1134.02,1361,,
2025-10-21,5,タリーズブラック３９０,1134.02,1361,158.0,179175.0
2025-10-21,5,アルバトロス・ビュー,1134.02,1361,,
2025-10-21,5,テリアレギュラー１０Ｐ,1134.02,1361,5273.0,5979687.0
2025-10-21,5,発注レジ袋１２号バイオマ,1134.02,1361,,
2025-10-21,5,ショコラ＆ホイップパイ,1134.02,1361,239.0,271031.0
2025-10-21,5,ビッグコミックスペリオー,1134.02,1361,464.0,526185.0
2025-10-21,5,ネイビーやまがた県民手帳,1134.02,1361,500.0,567010.0
2025-10-21,5,塩レモンクッキーシュー,1134.02,1361,204.0,231340.0
2025-10-21,5,アスティーグ黒　Ｍ,1134.02,1361,600.0,680412.0
2025-10-21,5,しょうが香る冷し薬味そば,1134.02,1361,,
2025-10-21,5,明太海苔弁当,1134.02,1361,555.0,629381.0
2025-10-21,5,東京スポーツ競馬特別版,1134.02,1361,,
2025-10-21,5,夏ポテト対馬の浜御塩味,1134.02,1361,179.0,202990.0
2025-10-21,5,優馬（関東山形福島）,1134.02,1361,,
2025-10-21,5,日刊競馬（関東山形福島）,1134.02,1361,,
2025-10-21,5,勝馬（関東山形福島）,1134.02,1361,,
2025-10-21,5,競友（関東福島）,1134.02,1361,,
2025-10-21,5,競馬エイト（関東福島）,1134.02,1361,,
2025-10-21,5,競馬ブック（関東山形福島,1134.02,1361,,
2025-10-21,5,馬サブロー（１都６県宮城,1134.02,1361,,
2025-10-21,5,研究（関東山形福島）,1134.02,1361,,
2025-10-21,5,リルＨリキッドＣ,1134.02,1361,73.0,82783.0
2025-10-21,5,ネックバンドイヤホン　黒,1134.02,1361,3164.0,3588039.0
2025-10-21,5,天使のチーズケーキ,1134.02,1361,230.0,260825.0
2025-10-21,5,プレジデント,1134.02,1361,,
2025-10-21,5,ＰＯＳレジロール５０巻,1134.02,1361,,
2025-10-21,5,ペーパータオルＢＳ,1134.02,1361,,
2025-10-21,5,ＪＴオンサンデー（旧：ジ,1134.02,1361,,
2025-10-21,5,コーヒーフレッシュ,1134.02,1361,,
2025-10-21,5,ダーク豆（ＵＣＣ）,1134.02,1361,,
2025-10-21,5,ピース（２０本）,1134.02,1361,546.0,619175.0
2025-10-21,5,２５０円スポーツ,1134.02,1361,228.0,258557.0
2025-10-21,5,ワンピデッキ緑黄ヤマト,1134.02,1361,500.0,567010.0
2025-10-21,5,ワンピデッキ紫黒ルフィ,1134.02,1361,500.0,567010.0
2025-10-21,5,婦人クルーＳ黒,1134.02,1361,390.0,442268.0
2025-10-21,5,ワンピデッキ　バギー,1134.02,1361,500.0,567010.0
2025-10-21,5,ハミガキハブラシセット,1134.02,1361,448.0,508041.0
2025-10-21,5,ＬストライクＢ,1134.02,1361,564.0,639587.0
2025-10-21,5,備蓄米１Ｋｇ,1134.02,1361,,
2025-10-21,5,ｉｎバー　ベイクドビター,1134.02,1361,170.0,192783.0
2025-10-21,5,２ＷＡＹマーカーピンク,1134.02,1361,180.0,204124.0
2025-10-21,5,ガムシロップ,1134.02,1361,,
2025-10-21,5,備蓄米　１ｋｇ,1134.02,1361,360.0,408247.0
2025-10-21,5,堅ぶつ旨塩,1134.02,1361,128.0,145155.0
2025-10-21,5,◎人気のミックスナッツ,1134.02,1361,360.0,408247.0
2025-10-21,5,うるおいさらっとジェル,1134.02,1361,248.0,281237.0
2025-10-21,5,ワンピデッキジュエリー,1134.02,1361,500.0,567010.0
2025-10-21,5,Ｃボス　フルーツエード,1134.02,1361,143.0,162165.0
2025-10-21,5,紅茶花伝　ミルクティー,1134.02,1361,155.0,175773.0
2025-10-21,5,週刊　プレイボーイ,1134.02,1361,591.0,670206.0
2025-10-21,5,今治ＴＨ２５春の色白,1134.02,1361,600.0,680412.0
2025-10-21,5,週　刊　大　衆,1134.02,1361,437.0,495567.0
2025-10-21,5,サクレグミレモン＆梨,1134.02,1361,208.0,235876.0
2025-10-21,5,つぶ塩梅,1134.02,1361,158.0,179175.0
2025-10-21,5,パーラメント１００ＢＯＸ,1134.02,1361,564.0,639587.0
2025-10-21,5,あの夏のラムネグミ,1134.02,1361,167.0,189381.0
2025-10-21,5,濃厚カスタードシュー,1134.02,1361,156.0,176907.0
2025-10-21,5,オレンジパンチ３５０,1134.02,1361,161.0,182577.0
2025-10-21,5,全粒粉サラダチキンたまご,1134.02,1361,369.0,418453.0
2025-10-21,5,パリジャン３種ミート,1134.02,1361,348.0,394639.0
2025-10-21,5,センテＩブラック１０Ｐ,1134.02,1361,4819.0,5464842.0
2025-10-21,5,炭火焼うなぎおむすび,1134.02,1361,369.0,418453.0
2025-10-21,5,海鮮サラダおむすび,1134.02,1361,147.0,166701.0
2025-10-21,5,おろしタツタ弁当（わかめ,1134.02,1361,598.0,678144.0
2025-10-21,5,ビーフハンバーグのロコモ,1134.02,1361,647.0,733711.0
2025-10-21,5,ＳＰＡＭ　玉子焼き,1134.02,1361,313.0,354948.0
2025-10-21,5,週刊　東洋経済,1134.02,1361,864.0,979793.0
2025-10-21,5,エ　コ　ノ　ミ　ス　ト,1134.02,1361,,
2025-10-21,5,テリアリッチＲ１０Ｐ,1134.02,1361,5273.0,5979687.0
2025-10-21,5,ＹＯＵＮＧ　ＫＩＮＧ（ヤ,1134.02,1361,464.0,526185.0
2025-10-21,5,野菜生活巨峰,1134.02,1361,118.0,133814.0
2025-10-21,5,ブーストバイツ,1134.02,1361,240.0,272165.0
2025-10-21,5,専炭治郎の抹茶クリームロ,1134.02,1361,158.0,179175.0
2025-10-21,5,銀鮭と煮物の幕の内弁当,1134.02,1361,555.0,629381.0
2025-10-21,5,鬼滅の刃フルーツオレ,1134.02,1361,249.0,282371.0
2025-10-21,5,アサイーボウルドリンク,1134.02,1361,249.0,282371.0
2025-10-21,5,◎生スコーン６個入（チー,1134.02,1361,172.0,195051.0
2025-10-21,5,サンド寿司　サーモン,1134.02,1361,334.0,378763.0
2025-10-21,5,Ｆ伊之助のほわほわ大福,1134.02,1361,125.0,141752.0
2025-10-21,5,Ｆ水柱の水まんじゅう（ラ,1134.02,1361,149.0,168969.0
2025-10-21,5,◎マラサダ（マカダミアチ,1134.02,1361,147.0,166701.0
2025-10-21,5,専胡蝶しのぶの藤色メロン,1134.02,1361,165.0,187113.0
2025-10-21,5,◎Ｆボス　ラテ　４５０,1134.02,1361,139.0,157629.0
2025-10-21,5,新Ｅプリンター用インク青,1134.02,1361,,
2025-10-21,5,◎レモネードソーダ,1134.02,1361,186.0,210928.0
2025-10-21,5,翠ジンソーダ３５０,1134.02,1361,194.0,220000.0
2025-10-21,5,ＳＰＡ！（スパ！）,1134.02,1361,573.0,649793.0
2025-10-21,5,半熟たまご大盛冷しうどん,1134.02,1361,554.0,628247.0
2025-10-21,5,ライオンカフェオレ,1134.02,1361,208.0,235876.0
2025-10-21,5,台湾風まぜそば,1134.02,1361,599.0,679278.0
2025-10-21,5,週刊女性自身,1134.02,1361,500.0,567010.0
2025-10-21,5,週刊ゴルフダイジェスト,1134.02,1361,573.0,649793.0
2025-10-21,5,クア・アイナテリチキン,1134.02,1361,369.0,418453.0
2025-10-21,5,フライドサイミン,1134.02,1361,,
2025-10-21,5,週刊アサヒ芸能,1134.02,1361,564.0,639587.0
2025-10-21,5,マカダミアパンケーキ,1134.02,1361,323.0,366288.0
2025-10-21,5,ＦＬＡＳＨ　（フラッシュ,1134.02,1361,664.0,752989.0
2025-10-21,5,ミンティアグレープ,1134.02,1361,105.0,119072.0
2025-10-21,5,健康のど飴冷やし飴小袋,1134.02,1361,138.0,156495.0
2025-10-21,5,コアラのマーチいちご,1134.02,1361,164.0,185979.0
2025-10-21,5,◎ハムエッグデニッシュ２,1134.02,1361,135.0,153093.0
2025-10-21,5,週　刊　女　性,1134.02,1361,,
2025-10-21,5,透明プリン？マンゴー？,1134.02,1361,194.0,220000.0
2025-10-21,5,青ねぎと蒸し鶏のパスタ,1134.02,1361,462.0,523917.0
2025-10-21,5,２０品目のサラダ,1134.02,1361,276.0,312990.0
2025-10-21,5,ベロＭＰミントＸインテン,1134.02,1361,310.0,351546.0
2025-10-21,5,◎りんごカスタードデニ４,1134.02,1361,167.0,189381.0
2025-10-21,5,◎ハムチーズクロワッサン,1134.02,1361,135.0,153093.0
2025-10-21,5,紳士ショートＳ黒,1134.02,1361,390.0,442268.0
2025-10-21,5,ラインＳ２５夏の色白大,1134.02,1361,390.0,442268.0
2025-10-21,5,カルピスＰマンゴーピーチ,1134.02,1361,170.0,192783.0
2025-10-21,5,ブリーフ団イカ墨まぜそば,1134.02,1361,369.0,418453.0
2025-10-21,5,江頭　激辛豚骨ラーメン,1134.02,1361,369.0,418453.0
2025-10-21,5,ラークウルトラ１・１００,1134.02,1361,491.0,556804.0
2025-10-21,5,◎ひとくち濃厚梅だれせん,1134.02,1361,139.0,157629.0
2025-10-21,5,ミニチーズおかきガーリッ,1134.02,1361,150.0,170103.0
2025-10-21,5,◎瀬戸内レモンのドーナツ,1134.02,1361,139.0,157629.0
2025-10-21,5,キリン晴れ風３５０,1134.02,1361,216.0,244948.0
2025-10-21,5,Ｇファイトシャープ芯ＨＢ,1134.02,1361,200.0,226804.0
2025-10-21,5,最強王図鑑激闘バトルグミ,1134.02,1361,193.0,218866.0
2025-10-21,5,すっぱいぶどうグミ,1134.02,1361,100.0,113402.0
2025-10-21,5,レインコートＭ,1134.02,1361,687.0,779072.0
2025-10-21,5,オイコス　レモン＆ハニー,1134.02,1361,179.0,202990.0
2025-10-21,5,４５Ｌ半透明ゴミ袋,1134.02,1361,,
2025-10-21,5,レジ従業員金庫引継ノート,1134.02,1361,,
2025-10-21,5,◎生コッペパン（ハムカツ,1134.02,1361,167.0,189381.0
2025-10-21,5,振って塩こんぶキャベツ,1134.02,1361,221.0,250618.0
2025-10-21,5,センティアＦエメラルド,1134.02,1361,482.0,546598.0
2025-10-21,5,サンカット　ＵＶスプレー,1134.02,1361,798.0,904948.0
2025-10-21,5,抹茶シベリア３個入,1134.02,1361,230.0,260825.0
2025-10-21,5,ライト豆（ＵＣＣ）,1134.02,1361,,
2025-10-21,5,ターザン,1134.02,1361,728.0,825567.0
2025-10-21,5,ジャージー牛乳プリン,1134.02,1361,178.0,201856.0
2025-10-21,5,ＡｐｐｌｅＧＣ＿５千,1134.02,1361,5000.0,5670100.0
2025-10-21,5,ベロスピッフィーＳミント,1134.02,1361,291.0,330000.0
2025-10-21,5,センテＣシルバー１０Ｐ,1134.02,1361,4819.0,5464842.0
2025-10-21,5,電卓　１２桁,1134.02,1361,1280.0,1451546.0
2025-10-21,5,ライトニングイヤホン変換,1134.02,1361,1982.0,2247628.0
2025-10-21,5,ＦＲＩＤＡＹ（フライデー,1134.02,1361,710.0,805154.0
2025-10-21,5,オレンジページ,1134.02,1361,544.0,616907.0
2025-10-21,5,ミルクソースのシフォン,1134.02,1361,369.0,418453.0
2025-10-21,5,ネオチルドＭハイパー用,1134.02,1361,455.0,515979.0
2025-10-21,5,カーセンサー東日本版,1134.02,1361,,
2025-10-21,5,Ｗｅｄｇｅ（ウェッジ）,1134.02,1361,,
2025-10-21,5,週　刊　ポ　ス　ト,1134.02,1361,519.0,588556.0
2025-10-21,5,ＵＳＢーＣ用イヤホン黒,1134.02,1361,2164.0,2454019.0
2025-10-21,5,Ｎｅｗｔｏｎ（ニュートン,1134.02,1361,1082.0,1227010.0
2025-10-21,5,パリパリ麺サラダ,1134.02,1361,369.0,418453.0
2025-10-21,5,カーセンサー首都圏版,1134.02,1361,,
2025-10-21,5,新Ｅプリンター用インク赤,1134.02,1361,,
2025-10-21,5,新Ｅプリンター用インク黒,1134.02,1361,,
2025-10-21,5,ネオＢマスカット,1134.02,1361,455.0,515979.0
2025-10-21,5,ＩＱＯＳｉＯＢブルー,1134.02,1361,3619.0,4104018.0
2025-10-21,5,クール・ＢＯＸ,1134.02,1361,528.0,598763.0
2025-10-21,5,アルカリ水クリーナ－詰替,1134.02,1361,,
2025-10-21,5,やまがた県民手帳ブラック,1134.02,1361,500.0,567010.0
2025-10-21,5,ごまだれ冷し中華,1134.02,1361,554.0,628247.0
2025-10-21,5,Ｓスター７Ｂ,1134.02,1361,546.0,619175.0
2025-10-21,5,綾鷹　濃い緑茶　６５０,1134.02,1361,158.0,179175.0
2025-10-21,5,ＵＳＢ－Ｃ電池充電器,1134.02,1361,1710.0,1939174.0
2025-10-21,5,氷結無糖スモモ３５０,1134.02,1361,168.0,190515.0
2025-10-21,5,ゼロシュガーフリーチョコ,1134.02,1361,220.0,249484.0
2025-10-21,5,トッポ,1134.02,1361,209.0,237010.0
2025-10-21,5,コーヒーリッド黒Ｓ,1134.02,1361,,
2025-10-21,5,カフェカップＭ,1134.02,1361,,
2025-10-21,5,◎フルーツミックス５００,1134.02,1361,112.0,127010.0
2025-10-21,5,◎南高梅うす塩個食,1134.02,1361,131.0,148557.0
2025-10-21,5,◎南高梅はちみつ入個食,1134.02,1361,131.0,148557.0
2025-10-21,5,◎生コッペパン（厚ぎりと,1134.02,1361,230.0,260825.0
2025-10-21,5,綾鷹　６５０,1134.02,1361,158.0,179175.0
2025-10-21,5,サントリー天然水　５５０,1134.02,1361,118.0,133814.0
2025-10-21,5,烏龍茶　６００,1134.02,1361,158.0,179175.0
2025-10-21,5,鮭わかめおむすび,1134.02,1361,139.0,157629.0
2025-10-21,5,つぶグミＰ濃厚マンゴー,1134.02,1361,198.0,224536.0
2025-10-21,5,ケント・６・１００ＢＯＸ,1134.02,1361,473.0,536391.0
2025-10-21,5,４Ｄグミ旅路のマジックア,1134.02,1361,221.0,250618.0
2025-10-21,5,モチド富良野メロン味,1134.02,1361,171.0,193917.0
2025-10-21,5,三ツ矢　ひんやり和梨,1134.02,1361,160.0,181443.0
2025-10-21,5,備蓄米　２Ｋｇ,1134.02,1361,,
2025-10-21,5,◎生コッペパン（チョコバ,1134.02,1361,135.0,153093.0
2025-10-21,5,ビスコ発酵バター,1134.02,1361,156.0,176907.0
2025-10-21,5,銀座ライオンビヤ３５０,1134.02,1361,216.0,244948.0
2025-10-21,5,◎プリンみたいなパン,1134.02,1361,119.0,134948.0
2025-10-21,5,善逸たまごＢＯＸＤ２,1134.02,1361,425.0,481958.0
2025-10-21,5,炭治郎＆義勇おむ２,1134.02,1361,369.0,418453.0
2025-10-21,5,はみでたチキンカツバーガ,1134.02,1361,369.0,418453.0
2025-10-21,5,国チキンとゴーダとたまご,1134.02,1361,443.0,502371.0
2025-10-21,5,海苔監修　手巻たまごかけ,1134.02,1361,185.0,209794.0
2025-10-21,5,手巻ベーコン＆コーンマヨ,1134.02,1361,184.0,208660.0
2025-10-21,5,◎桃大福,1134.02,1361,147.0,166701.0
2025-10-21,5,まるで鶏皮のようなＰＣ,1134.02,1361,176.0,199588.0
2025-10-21,5,Ｌｉｐｔｏｎチャームグミ,1134.02,1361,350.0,396907.0
2025-10-21,5,◎サーターアンダギー６個,1134.02,1361,165.0,187113.0
2025-10-21,5,週　刊　現　代,1134.02,1361,546.0,619175.0
2025-10-21,5,７０Ｌ半透明ゴミ袋,1134.02,1361,,
2025-10-21,5,スウェディッシュキャンデ,1134.02,1361,498.0,564742.0
2025-10-21,5,一粒梅おむすび,1134.02,1361,241.0,273299.0
2025-10-21,5,大粒ラムネ強炭酸シュワコ,1134.02,1361,133.0,150825.0
2025-10-21,5,きりっと果実　ピンクＧＦ,1134.02,1361,159.0,180309.0
2025-10-21,5,サラダラップチキンサルサ,1134.02,1361,348.0,394639.0
2025-10-21,5,新旧両用）ペーパフィルタ,1134.02,1361,,
2025-10-21,5,くりーむパン　カスタード,1134.02,1361,260.0,294845.0
2025-10-21,5,◎桃パウンドケーキ,1134.02,1361,165.0,187113.0
2025-10-21,5,めっちゃふくらむフーセン,1134.02,1361,158.0,179175.0
2025-10-21,5,しゃりｉｎグミソーダ味,1134.02,1361,168.0,190515.0
2025-10-21,5,すだち明太クリームうどん,1134.02,1361,462.0,523917.0
2025-10-21,5,岩下の新生姜いなり寿司,1134.02,1361,185.0,209794.0
2025-10-21,5,◎のむヨーグルトメロン,1134.02,1361,195.0,221134.0
2025-10-21,5,レモンチーズケーキ,1134.02,1361,156.0,176907.0
2025-10-21,5,バター醤油パスタ,1134.02,1361,426.0,483093.0
2025-10-21,5,りんごの目覚め,1134.02,1361,276.0,312990.0
2025-10-21,5,ミンティア宮崎日向夏,1134.02,1361,105.0,119072.0
2025-10-21,5,生ラムネ玉,1134.02,1361,152.0,172371.0
2025-10-21,5,タリーズ　無糖ラテ,1134.02,1361,170.0,192783.0
2025-10-21,5,名札バッジ　２個入,1134.02,1361,,
2025-10-21,5,フエラムネサイダー第２弾,1134.02,1361,138.0,156495.0
2025-10-21,5,たべっ子水族館ソルティ,1134.02,1361,170.0,192783.0
2025-10-21,5,マーブルパウチ,1134.02,1361,215.0,243814.0
2025-10-21,5,ドリトス激辛ナチョチーズ,1134.02,1361,180.0,204124.0
2025-10-21,5,ピンクグレープフルーツア,1134.02,1361,186.0,210928.0
2025-10-21,5,野菜生活ベリーサラダ,1134.02,1361,113.0,128144.0
2025-10-21,5,フルーツこれ１本ビタミン,1134.02,1361,150.0,170103.0
2025-10-21,5,Ｙｏｕｎｇ　ｃｈａｍｐｉ,1134.02,1361,410.0,464948.0
2025-10-21,5,ゆず塩ラーメンサラダ,1134.02,1361,389.0,441134.0
2025-10-21,5,◎お好み焼＆塩焼そば,1134.02,1361,,
2025-10-21,5,牛スープの旨み盛岡風冷麺,1134.02,1361,536.0,607835.0
2025-10-21,5,冷し鶏天タルタルうどん,1134.02,1361,599.0,679278.0
2025-10-21,5,オレンジ,1134.02,1361,315.0,357216.0
2025-10-21,5,グレープフルーツ,1134.02,1361,276.0,312990.0
2025-10-21,5,ラインＳＣ白１９－２２,1134.02,1361,390.0,442268.0
2025-10-21,5,備蓄米　２ｋｇ,1134.02,1361,700.0,793814.0
2025-10-21,5,◎オクラわかめとろり豆腐,1134.02,1361,258.0,292577.0
2025-10-21,5,コロネクッキー,1134.02,1361,71.0,80515.0
2025-10-21,5,フルーツサラダヨーグルト,1134.02,1361,230.0,260825.0
2025-10-21,5,野菜生活１００オリジナル,1134.02,1361,113.0,128144.0
2025-10-21,5,クラッシュ蒟蒻畑りんご味,1134.02,1361,183.0,207526.0
2025-10-21,5,ビスコ,1134.02,1361,156.0,176907.0
2025-10-21,5,サラダチキンロール,1134.02,1361,399.0,452474.0
2025-10-21,5,グローＨプロサクラＥＤ,1134.02,1361,3619.0,4104018.0
2025-10-21,5,ザ・クレープチョコバナナ,1134.02,1361,249.0,282371.0
2025-10-21,5,こだわりカレー,1134.02,1361,367.0,416185.0
2025-10-21,5,コーヒーゼリーパフェ,1134.02,1361,313.0,354948.0
2025-10-21,5,チョコラＳＰ　グレフル＆,1134.02,1361,149.0,168969.0
2025-10-21,5,キレート　ＭＵＫＵＭＩ,1134.02,1361,158.0,179175.0
2025-10-21,5,ワンピカードＢＥＳＴ２,1134.02,1361,500.0,567010.0
2025-10-21,5,アスティーグ黒　Ｌ,1134.02,1361,600.0,680412.0
2025-10-21,5,慶弔サインペン（筆文字）,1134.02,1361,250.0,283505.0
2025-10-21,5,モンスターエナジー,1134.02,1361,213.0,241546.0
2025-10-21,5,ヒヤロン,1134.02,1361,180.0,204124.0
2025-10-21,5,ラインＳ２５夏の色白小,1134.02,1361,390.0,442268.0
2025-10-21,5,冷し鶏ねぎそば,1134.02,1361,599.0,679278.0
2025-10-21,5,０．０１ゼロワン,1134.02,1361,900.0,1020618.0
2025-10-21,5,イープラス　発券,1134.02,1361,165.0,187113.0
2025-10-21,5,ダブルフロマージュ　２個,1134.02,1361,426.0,483093.0
2025-10-21,5,ＵＳＢ－Ｃ１．２ｍ,1134.02,1361,1255.0,1423195.0
2025-10-21,5,サンドおむすび　豚焼肉,1134.02,1361,323.0,366288.0
2025-10-21,5,ハイチュウＰメロン,1134.02,1361,152.0,172371.0
2025-10-21,5,マッチビタミンみかん,1134.02,1361,150.0,170103.0
2025-10-21,5,◎ハムチーズエッグマフィ,1134.02,1361,156.0,176907.0
2025-10-21,5,直巻　炙り焼　牛タン,1134.02,1361,199.0,225670.0
2025-10-21,5,具だくさん炙り焼鶏つくね,1134.02,1361,213.0,241546.0
2025-10-21,5,コミック乱,1134.02,1361,546.0,619175.0
2025-10-21,5,カニカママカロニサラダ,1134.02,1361,239.0,271031.0
2025-10-21,5,じゅるるマンゴー,1134.02,1361,221.0,250618.0
2025-10-21,5,コク旨たまごサンド,1134.02,1361,276.0,312990.0
2025-10-21,5,むっち実グミオレンジ味,1134.02,1361,198.0,224536.0
2025-10-21,5,たまご海老ブロコリサンド,1134.02,1361,348.0,394639.0
2025-10-21,5,カンデミーナ電撃マスカッ,1134.02,1361,200.0,226804.0
2025-10-21,5,◎ホットサンド（ハム＆チ,1134.02,1361,158.0,179175.0
2025-10-21,5,ウィルキンソンＥＸグレプ,1134.02,1361,117.0,132680.0
2025-10-21,5,生茶ほうじ煎茶,1134.02,1361,158.0,179175.0
2025-10-21,5,サーモン寿司,1134.02,1361,237.0,268763.0
2025-10-21,5,フレンチクルーラーミルク,1134.02,1361,193.0,218866.0
2025-10-21,5,ちいかわステッカーグミ,1134.02,1361,180.0,204124.0
2025-10-21,5,激モロコシフライドアラレ,1134.02,1361,158.0,179175.0
2025-10-21,5,んぽちゃむグミ,1134.02,1361,180.0,204124.0
2025-10-21,5,じゃがりこ肉じゃがｂｉｔ,1134.02,1361,129.0,146289.0
2025-10-21,5,１９６レモン３５０,1134.02,1361,161.0,182577.0
2025-10-21,5,ねるねるねるねドリンク,1134.02,1361,276.0,312990.0
2025-10-21,5,ポケカ拡張ナイトワンダ,1134.02,1361,164.0,185979.0
2025-10-21,5,ホームパイチビムーホ,1134.02,1361,140.0,158763.0
2025-10-21,5,野菜生活Ｓベリー＆ざくろ,1134.02,1361,178.0,201856.0
2025-10-21,5,テリヤキチキンとたまご,1134.02,1361,332.0,376495.0
2025-10-21,5,スーパー大麦安曇野わさび,1134.02,1361,181.0,205258.0
2025-10-21,5,◎つぶつぶいちご蒸しＣ,1134.02,1361,135.0,153093.0
2025-10-21,5,鶏そぼろ野沢菜醤油パスタ,1134.02,1361,369.0,418453.0
2025-10-21,5,ヨーグレットグミブルーベ,1134.02,1361,140.0,158763.0
2025-10-21,5,冷し明太クリームうどん,1134.02,1361,445.0,504639.0
2025-10-21,5,◎ツイストサンド（カスタ,1134.02,1361,128.0,145155.0
2025-10-21,5,野菜食べよう冷しタンメン,1134.02,1361,554.0,628247.0
2025-10-21,5,ポケぷにソーダ,1134.02,1361,218.0,247216.0
2025-10-21,5,チョコチャンクスコーン,1134.02,1361,119.0,134948.0
2025-10-21,5,窯出しとろけるプリン,1134.02,1361,195.0,221134.0
2025-10-21,5,香ばし炒めの玉子炒飯,1134.02,1361,341.0,386701.0
2025-10-21,5,ＢＳおつまみ焼そば味スパ,1134.02,1361,136.0,154227.0
2025-10-21,5,ナイキ　ラバーグローブＬ,1134.02,1361,498.0,564742.0
2025-10-21,5,冷し担担麺,1134.02,1361,462.0,523917.0
2025-10-21,5,はちみつとりんごのケーキ,1134.02,1361,276.0,312990.0
2025-10-21,5,センテＦグリーン１０Ｐ,1134.02,1361,4819.0,5464842.0
2025-10-21,5,３種チーズのミートソース,1134.02,1361,599.0,679278.0
2025-10-21,5,ピュレフルーツりんご,1134.02,1361,268.0,303917.0
2025-10-21,5,巨峰大福（白こしあん）,1134.02,1361,188.0,213196.0
2025-10-21,5,すッパイチュウレモン味,1134.02,1361,127.0,144021.0
2025-10-21,5,てんこ盛弁当,1134.02,1361,598.0,678144.0
2025-10-21,5,ナイキ　ラバーグローブＭ,1134.02,1361,498.0,564742.0
2025-10-21,5,厚切りポテトペッパー,1134.02,1361,142.0,161031.0
2025-10-21,5,ハイチュウ人気ミックス,1134.02,1361,127.0,144021.0
2025-10-21,5,コロコロハイチュウ,1134.02,1361,127.0,144021.0
2025-10-21,5,黒わらび餅,1134.02,1361,178.0,201856.0
2025-10-21,5,メガシャキ,1134.02,1361,239.0,271031.0
2025-10-21,5,ポケカ拡張メガシンフォ,1134.02,1361,164.0,185979.0
2025-10-21,5,ポケカ拡張メガブレイブ,1134.02,1361,164.0,185979.0
2025-10-21,5,イープラス　入金,1134.02,1361,16455.0,18660299.0
2025-10-21,5,夏のミルクシュー,1134.02,1361,138.0,156495.0
2025-10-21,5,ふわしゅわスフレレモン,1134.02,1361,249.0,282371.0
2025-10-21,5,ラッキーＳベリーＳ,1134.02,1361,391.0,443402.0
2025-10-21,5,グローＨプロオニキスＰ,1134.02,1361,3619.0,4104018.0
2025-10-21,5,エボＴバナナＣＰＬＭ,1134.02,1361,500.0,567010.0
2025-10-21,5,エボＴベリーＣＰＬＭ,1134.02,1361,500.0,567010.0
2025-10-21,5,マウススプレークールＭ,1134.02,1361,251.0,284639.0
2025-10-21,5,おーいお茶緑茶　６００,1134.02,1361,158.0,179175.0
2025-10-21,5,◎のむヨーグルトパイン,1134.02,1361,158.0,179175.0
2025-10-21,5,ルーローハン風パスタサラ,1134.02,1361,417.0,472886.0
2025-10-21,5,１９６白桃３５０,1134.02,1361,161.0,182577.0
2025-10-21,5,履歴書用紙,1134.02,1361,309.0,350412.0
2025-10-21,5,メガライフガード　７００,1134.02,1361,150.0,170103.0
2025-10-21,5,１９６マスカット３５０,1134.02,1361,161.0,182577.0
2025-10-21,5,ケントＮＳダークＦ,1134.02,1361,500.0,567010.0
2025-10-21,5,ワンピデッキ　ティーチ,1134.02,1361,500.0,567010.0
2025-10-21,5,ソフト携帯吸殻入れ,1134.02,1361,273.0,309587.0
2025-10-21,5,リチウム５０００ｍＡｈ,1134.02,1361,2982.0,3381648.0
2025-10-21,5,ユニアリ　ワンパンマン,1134.02,1361,350.0,396907.0
2025-10-21,5,多当祝　御祝,1134.02,1361,87.0,98660.0
2025-10-21,5,碧Ａｏ海薫るＨＢ３５０,1134.02,1361,350.0,396907.0
2025-10-21,5,ポケピファンピカチュウ,1134.02,1361,3164.0,3588039.0
2025-10-21,5,タフグミビッグバンピーチ,1134.02,1361,238.0,269897.0
2025-10-21,5,もちっとガブリマスカット,1134.02,1361,143.0,162165.0
2025-10-21,5,ＭＶＰＧレギュウィズ６Ｐ,1134.02,1361,3273.0,3711647.0
2025-10-21,5,テリアＯパール１０Ｐ,1134.02,1361,5273.0,5979687.0
2025-10-21,5,ふんわりたまごのオムライ,1134.02,1361,276.0,312990.0
2025-10-21,5,韓国風海苔佃煮おむすび,1134.02,1361,147.0,166701.0
2025-10-21,5,ラークスーパー５,1134.02,1361,491.0,556804.0
2025-10-21,5,青しそ高菜おむすび,1134.02,1361,139.0,157629.0
2025-10-21,5,ツメキリ　Ｓ,1134.02,1361,480.0,544330.0
2025-10-21,5,ビタミン野菜,1134.02,1361,113.0,128144.0
2025-10-21,5,ポケぷにフルーツ,1134.02,1361,218.0,247216.0
2025-10-21,5,◎ジューシーソーセージパ,1134.02,1361,135.0,153093.0
2025-10-21,5,炙り豚焼肉マヨネーズ,1134.02,1361,276.0,312990.0
2025-10-21,5,おーいお茶濃い茶６００,1134.02,1361,158.0,179175.0
2025-10-21,5,細ーいじゃがビーサワクリ,1134.02,1361,164.0,185979.0
2025-10-21,5,テリアＢルビーＭ１０Ｐ,1134.02,1361,5273.0,5979687.0
2025-10-21,5,Ｃ１０００コラーゲン＆,1134.02,1361,147.0,166701.0
2025-10-21,5,カニカマの寿司,1134.02,1361,174.0,197319.0
2025-10-21,5,いかめしおむすび,1134.02,1361,258.0,292577.0
2025-10-21,5,モッチュ白桃味,1134.02,1361,148.0,167835.0
2025-10-21,5,テリアミント１０Ｐ,1134.02,1361,5273.0,5979687.0
2025-10-21,5,◎増量うす焼せんべい,1134.02,1361,147.0,166701.0
2025-10-21,5,ポテロング,1134.02,1361,162.0,183711.0
2025-10-21,5,カルピス　リンゴ＆洋梨,1134.02,1361,160.0,181443.0
2025-10-21,5,ごろごろゆでたまごサンド,1134.02,1361,369.0,418453.0
2025-10-21,5,◎ふんわりもっちパン（チ,1134.02,1361,128.0,145155.0
2025-10-21,5,ミンティアＢブラック,1134.02,1361,211.0,239278.0
2025-10-21,5,増量チキンパスタサラダ,1134.02,1361,369.0,418453.0
2025-10-21,5,島星シトラスエール３５０,1134.02,1361,306.0,347010.0
2025-10-21,5,アーモンド効果プロテイン,1134.02,1361,198.0,224536.0
2025-10-21,5,小枝チョコクッキーサンド,1134.02,1361,239.0,271031.0
2025-10-21,5,冷たい生パスタツナトマト,1134.02,1361,499.0,565876.0
2025-10-21,5,◎レアチーズデニッシュ,1134.02,1361,147.0,166701.0
2025-10-21,5,にゃんともチーズ塩バニラ,1134.02,1361,230.0,260825.0
2025-10-21,5,ザクザクやみつきクランキ,1134.02,1361,198.0,224536.0
2025-10-21,5,増量ロースかつカレー,1134.02,1361,555.0,629381.0
2025-10-21,5,＊Ｆハイキューまんじゅう,1134.02,1361,172.0,195051.0
2025-10-21,5,ペタグーソーダ,1134.02,1361,150.0,170103.0
2025-10-21,5,超急速２ｉｎ１Ｃ＆Ｌ１ｍ,1134.02,1361,2346.0,2660411.0
2025-10-21,5,トマトジュースプレミアム,1134.02,1361,148.0,167835.0
2025-10-21,5,玉子焼＆ハムサンド,1134.02,1361,323.0,366288.0
2025-10-21,5,２種チーズとハムサンド,1134.02,1361,323.0,366288.0
2025-10-21,5,かぶり寿司　甘辛そぼろマ,1134.02,1361,283.0,320928.0
2025-10-21,5,◎増量チョコビスケット,1134.02,1361,139.0,157629.0
2025-10-21,5,マーブル,1134.02,1361,184.0,208660.0
2025-10-21,5,ラーク・１００・ＢＯＸ,1134.02,1361,491.0,556804.0
2025-10-21,5,１９６無糖冷凍みかん３５,1134.02,1361,161.0,182577.0
2025-10-21,5,メビウスワン１００Ｂ１０,1134.02,1361,5273.0,5979687.0
2025-10-21,5,◎ミニメンチカツバーガ３,1134.02,1361,195.0,221134.0
2025-10-21,5,野菜マシマシ冷し中華,1134.02,1361,647.0,733711.0
2025-10-21,5,ミンティアＢＣマイルド,1134.02,1361,210.0,238144.0
2025-10-21,5,塩おむすび,1134.02,1361,129.0,146289.0
2025-10-21,5,ミンティアＢＦピーチ,1134.02,1361,211.0,239278.0
2025-10-21,5,ミンティアＢＦレモン,1134.02,1361,211.0,239278.0
2025-10-21,5,カロリーメイトチョコ,1134.02,1361,220.0,249484.0
2025-10-21,5,カロリーメイト　バニラ,1134.02,1361,220.0,249484.0
2025-10-21,5,ゼロプロテインチョコ,1134.02,1361,198.0,224536.0
2025-10-21,5,カントリーＭマロンケーキ,1134.02,1361,180.0,204124.0
2025-10-21,5,カンロザストロングソーダ,1134.02,1361,200.0,226804.0
2025-10-21,5,◎増量大盛たこ焼き,1134.02,1361,554.0,628247.0
2025-10-21,5,フリクション３スリムＢＫ,1134.02,1361,541.0,613505.0
2025-10-21,5,パイの実,1134.02,1361,237.0,268763.0
2025-10-21,5,ゼログラノーラチョコ,1134.02,1361,198.0,224536.0
2025-10-21,5,ペタグーグレープ,1134.02,1361,150.0,170103.0
2025-10-21,5,ＩＱＯＳｉＯＤバイオレ,1134.02,1361,3619.0,4104018.0
2025-10-21,5,テリアＢトロピカルＭ,1134.02,1361,528.0,598763.0
2025-10-21,5,カレーせんオリジナルスパ,1134.02,1361,138.0,156495.0
2025-10-21,5,花椒香る　麻婆焼そばＤ２,1134.02,1361,554.0,628247.0
2025-10-21,5,ジャパンタイムズ,1134.02,1361,273.0,309587.0
2025-10-21,5,たまごっち　めじるし２,1134.02,1361,300.0,340206.0
2025-10-21,5,ワンピカード　師弟の絆,1134.02,1361,200.0,226804.0
2025-10-21,5,アポロチョコレート,1134.02,1361,184.0,208660.0
2025-10-21,5,テリアＢフューシャＭ,1134.02,1361,528.0,598763.0
2025-10-21,5,勝馬,1134.02,1361,500.0,567010.0
2025-10-21,5,おむすび２個（鮭・昆布）,1134.02,1361,313.0,354948.0
2025-10-21,5,クッキークリームクレープ,1134.02,1361,332.0,376495.0
2025-10-21,5,きのこの山のジクカール,1134.02,1361,263.0,298247.0
2025-10-21,5,アーモンド・ブリーズ微糖,1134.02,1361,128.0,145155.0
2025-10-21,5,チーズあじカカールアーモ,1134.02,1361,230.0,260825.0
2025-10-21,5,◎増量かーるいチーズスナ,1134.02,1361,128.0,145155.0
2025-10-21,5,三ツ矢サイダー５００,1134.02,1361,160.0,181443.0
2025-10-21,5,栄養強化型　１日分の野菜,1134.02,1361,131.0,148557.0
2025-10-21,5,ぶどうきゃん,1134.02,1361,128.0,145155.0
2025-10-21,5,大きなロール焼そばたまご,1134.02,1361,369.0,418453.0
2025-10-21,5,シーザーパスタサラダ,1134.02,1361,389.0,441134.0
2025-10-21,5,納豆細巻寿司（５巻増量）,1134.02,1361,389.0,441134.0
2025-10-21,5,わさび海苔　野沢菜わさび,1134.02,1361,175.0,198454.0
2025-10-21,5,さばほぐしごはん,1134.02,1361,332.0,376495.0
2025-10-21,5,ねるねるねるねゼリー,1134.02,1361,276.0,312990.0
2025-10-21,5,たまごボーロっち２,1134.02,1361,350.0,396907.0
2025-10-21,5,グミだよ。ピーチフラッペ,1134.02,1361,166.0,188247.0
2025-10-21,5,◎３種フルーツとナッツ,1134.02,1361,165.0,187113.0
2025-10-21,5,◎でっかいカレーたまごパ,1134.02,1361,139.0,157629.0
2025-10-21,5,◎チョコバナナロール,1134.02,1361,156.0,176907.0
2025-10-21,5,シゲキックスグレープ,1134.02,1361,120.0,136082.0
2025-10-21,5,天使のグミ甘熟マンゴー味,1134.02,1361,170.0,192783.0
2025-10-21,5,かむかむレモン,1134.02,1361,150.0,170103.0
2025-10-21,5,梨スムージー,1134.02,1361,193.0,218866.0
2025-10-21,5,のむアサイーボウル,1134.02,1361,188.0,213196.0
2025-10-21,5,ミルキーバニラアイス味,1134.02,1361,170.0,192783.0
2025-10-21,5,ウェルチ　マスカットＳＰ,1134.02,1361,160.0,181443.0
2025-10-21,5,ゆず鶏だしミニ塩ラーメン,1134.02,1361,399.0,452474.0
2025-10-21,5,コク旨醤油だれの油そば,1134.02,1361,499.0,565876.0
2025-10-21,5,くりーむメロンパン,1134.02,1361,276.0,312990.0
2025-10-21,5,ネバネバと大根のサラダ,1134.02,1361,297.0,336804.0
2025-10-21,5,麻辣湯,1134.02,1361,248.0,281237.0
2025-10-21,5,ポケピファンワッカネズミ,1134.02,1361,3164.0,3588039.0
2025-10-21,5,シフォンマンゴー＆ピーチ,1134.02,1361,250.0,283505.0
2025-10-21,5,ふわもち生大福　きなこ,1134.02,1361,138.0,156495.0
2025-10-21,5,生クリームパイコロネ,1134.02,1361,204.0,231340.0
2025-10-21,5,コカ・コーラゼロ５００,1134.02,1361,170.0,192783.0
2025-10-21,5,ケント１・１００Ｂ１０Ｐ,1134.02,1361,4728.0,5361647.0
2025-10-21,5,生茶６００,1134.02,1361,158.0,179175.0
2025-10-21,5,アリィージェルＵＶミニ,1134.02,1361,1346.0,1526391.0
2025-10-21,5,ｉｎゼリーＥＮ　ブドウ糖,1134.02,1361,210.0,238144.0
2025-10-21,5,その他１０口座売上,1134.02,1361,228.0,258557.0
2025-10-21,5,優馬,1134.02,1361,591.0,670206.0
2025-10-21,5,◎増量しみチョココーン,1134.02,1361,147.0,166701.0
2025-10-21,5,◎クルーラーリングドー８,1134.02,1361,184.0,208660.0
2025-10-21,5,◎クラウンメロンパン,1134.02,1361,139.0,157629.0
2025-10-21,5,◎つぶあんぱん北海道小豆,1134.02,1361,121.0,137216.0
2025-10-21,5,大きなチーズカレーパン（,1134.02,1361,184.0,208660.0
2025-10-21,5,梅づくしおむすび,1134.02,1361,172.0,195051.0
2025-10-21,5,もち麦　枝豆ゆかり,1134.02,1361,163.0,184845.0
2025-10-21,5,青磯海苔　漬けサーモン,1134.02,1361,199.0,225670.0
2025-10-21,5,三ツ矢　特濃アップル,1134.02,1361,160.0,181443.0
2025-10-21,5,ＧＰｌａｙ１０００,1134.02,1361,1000.0,1134020.0
2025-10-21,5,堅あげ極味玉ねぎ黒胡椒,1134.02,1361,196.0,222268.0
2025-10-21,5,秋味３５０,1134.02,1361,216.0,244948.0
2025-10-21,5,黒チャーハンおむすび,1134.02,1361,175.0,198454.0
2025-10-21,5,トルティーヤケバブチキン,1134.02,1361,369.0,418453.0
2025-10-21,5,ピュアポテト濃いのり塩,1134.02,1361,155.0,175773.0
2025-10-21,5,マシマシ焼もろこしせん,1134.02,1361,148.0,167835.0
2025-10-21,5,増量　天使のチーズケーキ,1134.02,1361,230.0,260825.0
2025-10-21,5,ＩＱＯＳｉＯＳモデル,1134.02,1361,3619.0,4104018.0
2025-10-21,5,ｉｎゼリートリプルＥ,1134.02,1361,210.0,238144.0
2025-10-21,5,ＳＰＡＭむすび　玉子焼き,1134.02,1361,320.0,362886.0
2025-10-21,5,蒸し鶏ラー油ネギ冷うどん,1134.02,1361,499.0,565876.0
2025-10-21,5,大きな具材ミックスサント,1134.02,1361,399.0,452474.0
2025-10-21,5,手巻寿司　梅ゆかり納豆,1134.02,1361,189.0,214330.0
2025-10-21,5,大きいバウムクーヘン,1134.02,1361,221.0,250618.0
2025-10-21,5,パリジャン　ハム＆チーズ,1134.02,1361,350.0,396907.0
2025-10-21,5,大きいフィナンシェ,1134.02,1361,221.0,250618.0
2025-10-21,5,◎メロンクリームパン４,1134.02,1361,156.0,176907.0
2025-10-21,5,サンド寿司　まぐろたたき,1134.02,1361,332.0,376495.0
2025-10-21,5,白いたべっ子おさつバター,1134.02,1361,180.0,204124.0
2025-10-21,5,大きなたまごづくしサンド,1134.02,1361,369.0,418453.0
2025-10-21,5,ウィルキンソンマスカット,1134.02,1361,138.0,156495.0
2025-10-21,5,◎北海道メロンのコロネ,1134.02,1361,135.0,153093.0
2025-10-21,5,ミニプラグ用イヤホン,1134.02,1361,1528.0,1732783.0
2025-10-21,5,マスカットのど飴小袋,1134.02,1361,138.0,156495.0
2025-10-21,5,じゃがりこＬヤンニョム,1134.02,1361,218.0,247216.0
2025-10-21,5,カレーコロッケバ－ガ－（,1134.02,1361,167.0,189381.0
2025-10-21,5,檸檬堂白ぶどうレモン３５,1134.02,1361,160.0,181443.0
2025-10-21,5,増量麻婆豆腐ごはん,1134.02,1361,462.0,523917.0
2025-10-21,5,ファミマ・ザ・ナポリタン,1134.02,1361,406.0,460412.0
2025-10-21,5,フルーチェグミイチゴ,1134.02,1361,184.0,208660.0
2025-10-21,5,ガルボチョコパウチ,1134.02,1361,270.0,306185.0
2025-10-21,5,冷たいパスタチキンバジル,1134.02,1361,499.0,565876.0
2025-10-21,5,ポケピファンポッチャマ,1134.02,1361,3164.0,3588039.0
2025-10-21,5,チキングリル弁当,1134.02,1361,555.0,629381.0
2025-10-21,5,辛口回鍋肉焼そば,1134.02,1361,536.0,607835.0
2025-10-21,5,パステルのプリンマドレー,1134.02,1361,220.0,249484.0
2025-10-21,5,ピュアポテト塩と岩塩,1134.02,1361,155.0,175773.0
2025-10-21,5,いちごミルク,1134.02,1361,269.0,305051.0
2025-10-21,5,甘辛醤油たれ唐揚弁当,1134.02,1361,555.0,629381.0
2025-10-21,5,ワンピカード意志,1134.02,1361,200.0,226804.0
2025-10-21,5,ビオレトラベルセット,1134.02,1361,620.0,703092.0
2025-10-21,5,ノンオイル青じそドレッシ,1134.02,1361,28.0,31753.0
2025-10-21,5,◎プリンみたいなパンケー,1134.02,1361,138.0,156495.0
2025-10-21,5,１９６王林３５０,1134.02,1361,161.0,182577.0
2025-10-21,5,オイコス　プレーン加糖,1134.02,1361,179.0,202990.0
2025-10-21,5,ＩＱＯＳｉＤバイオレット,1134.02,1361,6346.0,7196491.0
2025-10-21,5,柿安監修　牛すきおむすび,1134.02,1361,258.0,292577.0
2025-10-21,5,ＧＩＮＯＮレモン３５０,1134.02,1361,167.0,189381.0
2025-10-21,5,◎ラベルレス天然水安曇箱,1134.02,1361,489.0,554536.0
2025-10-21,5,一番搾り糖質ゼロ３５０,1134.02,1361,216.0,244948.0
2025-10-21,5,オニポテスナック,1134.02,1361,248.0,281237.0
2025-10-21,5,しゃりｉｎグミみかん,1134.02,1361,168.0,190515.0
2025-10-21,5,ググッタＳマスカット味,1134.02,1361,199.0,225670.0
2025-10-21,5,とろみーグミぶどう味,1134.02,1361,184.0,208660.0
2025-10-21,5,果汁グミシチリアレモン,1134.02,1361,152.0,172371.0
2025-10-21,5,◎ベーコン＆チーズデニッ,1134.02,1361,158.0,179175.0
2025-10-21,5,桃マカロン,1134.02,1361,249.0,282371.0
2025-10-21,5,梅蒸し鶏あったかそうめん,1134.02,1361,399.0,452474.0
2025-10-21,5,千里眼　ニンニクまぜそば,1134.02,1361,647.0,733711.0
2025-10-21,5,ナッツフルーツカッサータ,1134.02,1361,258.0,292577.0
2025-10-21,5,ＳＤブラックピンク３５０,1134.02,1361,216.0,244948.0
2025-10-21,5,大きな　鮭マヨと生たらこ,1134.02,1361,276.0,312990.0
2025-10-21,5,クリーミーほうじ茶ラテ,1134.02,1361,181.0,205258.0
2025-10-21,5,ハムカツサンド,1134.02,1361,297.0,336804.0
2025-10-21,5,◎たまご蒸しパン４個入,1134.02,1361,172.0,195051.0
2025-10-21,5,しゃりぷにょ梅グミ,1134.02,1361,170.0,192783.0
2025-10-21,5,もちゅグミ温州みかん味,1134.02,1361,184.0,208660.0
2025-10-21,5,むちもっちバナナグミ,1134.02,1361,180.0,204124.0
2025-10-21,5,プリン！？シュー,1134.02,1361,138.0,156495.0
2025-10-21,5,◎ジュワっとしたチーズ塩,1134.02,1361,139.0,157629.0
2025-10-21,5,たっぷりハムサンド,1134.02,1361,323.0,366288.0
2025-10-21,5,野菜生活マスカット,1134.02,1361,118.0,133814.0
2025-10-21,5,◎たっぷりマロンクリーム,1134.02,1361,147.0,166701.0
2025-10-21,5,◎生スコーン６個入（スイ,1134.02,1361,172.0,195051.0
2025-10-21,5,モンブランのサンダー,1134.02,1361,50.0,56701.0
2025-10-21,5,にじピグチップスうすしお,1134.02,1361,230.0,260825.0
2025-10-21,5,◎バウムクーヘン（４）,1134.02,1361,239.0,271031.0
2025-10-21,5,ブルーベリーサンド,1134.02,1361,195.0,221134.0
2025-10-21,5,ハガキフリー,1134.02,1361,200.0,226804.0
2025-10-21,5,ＢＩＯ　ブルーベリーミッ,1134.02,1361,168.0,190515.0
2025-10-21,5,半熟玉子冷ぶっかけうどん,1134.02,1361,399.0,452474.0
2025-10-21,5,ヴイックスのど飴シトラス,1134.02,1361,238.0,269897.0
2025-10-21,5,多当　　御見舞,1134.02,1361,87.0,98660.0
2025-10-21,5,しゃり蔵ザクザクッラー油,1134.02,1361,120.0,136082.0
2025-10-21,5,赤肉メロンミルク,1134.02,1361,267.0,302783.0
2025-10-21,5,完熟トマトベーコンパスタ,1134.02,1361,536.0,607835.0
2025-10-21,5,ＰＧスイートチリＳ缶,1134.02,1361,168.0,190515.0
2025-10-21,5,唐揚巻（マヨネーズ付）,1134.02,1361,462.0,523917.0
2025-10-21,5,クリーム＆コーヒーゼリー,1134.02,1361,135.0,153093.0
2025-10-21,5,ＵＳＢ－Ｃ電池式６本,1134.02,1361,1800.0,2041236.0
2025-10-21,5,甜面醤の旨ジャージャー麺,1134.02,1361,499.0,565876.0
2025-10-21,5,パリジャンサンドチキンべ,1134.02,1361,350.0,396907.0
2025-10-21,5,ケントＮＳスムースＦ,1134.02,1361,500.0,567010.0
2025-10-21,5,スパイシーチキン野菜サラ,1134.02,1361,554.0,628247.0
2025-10-21,5,充電器５０００ｍＡｈ,1134.02,1361,2982.0,3381648.0
2025-10-21,5,キャラパキ発掘恐竜,1134.02,1361,110.0,124742.0
2025-10-21,5,食べマスおぱんちゅうさぎ,1134.02,1361,350.0,396907.0
2025-10-21,5,海老マヨネーズおむすび,1134.02,1361,239.0,271031.0
2025-10-21,5,さけるグミハロウィン,1134.02,1361,120.0,136082.0
2025-10-21,5,◎シャルドネ香るティー,1134.02,1361,110.0,124742.0
2025-10-21,5,スニッカーズハーフＳアー,1134.02,1361,158.0,179175.0
2025-10-21,5,大きな　肉そぼろ卵黄ソー,1134.02,1361,297.0,336804.0
2025-10-21,5,ヱビス和奏３５０,1134.02,1361,272.0,308453.0
2025-10-21,5,タフグミＰＲＯローヤル,1134.02,1361,359.0,407113.0
2025-10-21,5,ヴァルトメンソールＣＬ,1134.02,1361,528.0,598763.0
2025-10-21,5,グロー・ヒーロ・ルビー,1134.02,1361,3619.0,4104018.0
2025-10-21,5,◎サクサク食感のミニチ５,1134.02,1361,184.0,208660.0
2025-10-21,5,ＧＯＤＩＶＡドリンク,1134.02,1361,397.0,450206.0
2025-10-21,5,伝説のケバブ風味ポテトＣ,1134.02,1361,193.0,218866.0
2025-10-21,5,北海道なまらでっかいシュ,1134.02,1361,315.0,357216.0
2025-10-21,5,クラッシュ蒟蒻畑みかん味,1134.02,1361,183.0,207526.0
2025-10-21,5,ＦＭオリジナル安食ロール,1134.02,1361,369.0,418453.0
2025-10-21,5,レッツハロウィンつぶグミ,1134.02,1361,158.0,179175.0
2025-10-21,5,◎ピリ辛明太フランス（か,1134.02,1361,135.0,153093.0
2025-10-21,5,◎和風ツナパン,1134.02,1361,135.0,153093.0
2025-10-21,5,ハラペーニョチキンチェダ,1134.02,1361,443.0,502371.0
2025-10-21,5,全粒粉サラダチキンとハム,1134.02,1361,369.0,418453.0
2025-10-21,5,◎ピスタチオいちごケーキ,1134.02,1361,230.0,260825.0
2025-10-21,5,焼ベーコン寿司,1134.02,1361,230.0,260825.0
2025-10-21,5,ちいかわ黒猫ミニバッグ,1134.02,1361,1000.0,1134020.0
2025-10-21,5,ごろっと白桃ケーキ,1134.02,1361,297.0,336804.0
2025-10-21,5,さくふわきなこもちぼーる,1134.02,1361,150.0,170103.0
2025-10-21,5,◎白生コッペパン（レアチ,1134.02,1361,153.0,173505.0
2025-10-21,5,秋のフルーツこれ一本,1134.02,1361,118.0,133814.0
2025-10-21,5,◎キャラメルバニラメロン,1134.02,1361,172.0,195051.0
2025-10-21,5,３１マスコットつきグミ２,1134.02,1361,350.0,396907.0
2025-10-21,5,◎ショコラクッキー,1134.02,1361,212.0,240412.0
2025-10-21,5,ピュレグミＰふじりんご,1134.02,1361,180.0,204124.0
2025-10-21,5,たぬきおむすび,1134.02,1361,138.0,156495.0
2025-10-21,5,わた雪みたいなレアチーズ,1134.02,1361,315.0,357216.0
2025-10-21,5,スイートポテトスティック,1134.02,1361,212.0,240412.0
2025-10-21,5,ハリボープリマヴェーラ,1134.02,1361,198.0,224536.0
2025-10-21,5,ザバスミルクキャラメル,1134.02,1361,222.0,251752.0
2025-10-21,5,パーラメントＥＸＬ１００,1134.02,1361,564.0,639587.0
2025-10-21,5,チャーシュー冷しまぜそば,1134.02,1361,599.0,679278.0
2025-10-21,5,氷結無糖ゆずＳＰ３５０,1134.02,1361,168.0,190515.0
2025-10-21,5,スティックモンブラン,1134.02,1361,249.0,282371.0
2025-10-21,5,１９６無糖ピンクＧＦ３５,1134.02,1361,161.0,182577.0
2025-10-21,5,◎アールグレイクロワッサ,1134.02,1361,172.0,195051.0
2025-10-21,5,ラーメン荘　豚ラーメン,1134.02,1361,647.0,733711.0
2025-10-21,5,◎ハムチーズデニッシュ４,1134.02,1361,184.0,208660.0
2025-10-21,5,ヴァルトダークタバコ,1134.02,1361,528.0,598763.0
2025-10-21,5,ヴァルトメロンクリック,1134.02,1361,528.0,598763.0
2025-10-21,5,ドラキュラへんしんグミ,1134.02,1361,350.0,396907.0
2025-10-21,5,わさびいなり寿司,1134.02,1361,178.0,201856.0
2025-10-21,5,ちいかわ花占いグミ,1134.02,1361,230.0,260825.0
2025-10-21,5,ねぎ塩チキン醤油まぶし飯,1134.02,1361,555.0,629381.0
2025-10-21,5,紫いもミルクティー,1134.02,1361,190.0,215464.0
2025-10-21,5,ＢＳラーメン柿の種ミック,1134.02,1361,110.0,124742.0
2025-10-21,5,焼まろん,1134.02,1361,215.0,243814.0
2025-10-21,5,ウィルキンソンＥＸ　ＧＦ,1134.02,1361,117.0,132680.0
2025-10-21,5,ミンティア瀬戸田レモン,1134.02,1361,105.0,119072.0
2025-10-21,5,北海道リッチミルクプリン,1134.02,1361,399.0,452474.0
2025-10-21,5,焼ほし芋,1134.02,1361,195.0,221134.0
2025-10-21,5,冷しすだちおろしうどん,1134.02,1361,510.0,578350.0
2025-10-21,5,テリヤキチキンのサラダ,1134.02,1361,397.0,450206.0
2025-10-21,5,和牛カラムーチョわさび,1134.02,1361,155.0,175773.0
2025-10-21,5,きのことベーコンのドリア,1134.02,1361,526.0,596495.0
2025-10-21,5,ｂｉｔｌｏｔガンダム,1134.02,1361,680.0,771134.0
2025-10-21,5,ポケカメガゲンガーｅｘ,1134.02,1361,1637.0,1856391.0
2025-10-21,5,ポケカメガディアンシー,1134.02,1361,1637.0,1856391.0
2025-10-21,5,◎トマトコンソメスープ,1134.02,1361,350.0,396907.0
2025-10-21,5,◎４種きのこクリームスー,1134.02,1361,426.0,483093.0
2025-10-21,5,Ａｐｐｌｅチャージ,1134.02,1361,10500.0,11907210.0
2025-10-21,5,ＨＷ変顔キャンディ,1134.02,1361,400.0,453608.0
2025-10-21,5,週末版ジャパンタイムズ,1134.02,1361,364.0,412783.0
2025-10-21,5,魚ギョッと釣りグミ,1134.02,1361,70.0,79381.0
2025-10-21,5,じゃりむちグミピーチＳ,1134.02,1361,175.0,198454.0
2025-10-21,5,スターバックス　ブラック,1134.02,1361,168.0,190515.0
2025-10-21,5,フリスクＦＦみかん,1134.02,1361,278.0,315258.0
2025-10-21,5,アップルパンチ３５０,1134.02,1361,161.0,182577.0
2025-10-21,5,山ちゃん監修　海老天むす,1134.02,1361,276.0,312990.0
2025-10-21,5,スヌーピークッキーサンド,1134.02,1361,369.0,418453.0
2025-10-21,5,◎塩バターケーキタルト,1134.02,1361,147.0,166701.0
2025-10-21,5,ＳＰＡＭ　玉子焼き明太子,1134.02,1361,369.0,418453.0
2025-10-21,5,ヴァルトＩメンソールＣＬ,1134.02,1361,528.0,598763.0
2025-10-21,5,スターバックスカフェラテ,1134.02,1361,178.0,201856.0
2025-10-21,5,グローＨＧブラック,1134.02,1361,1346.0,1526391.0
2025-10-21,5,ガイコツグミグレープ味,1134.02,1361,230.0,260825.0
2025-10-21,5,モンストロマーブルガム,1134.02,1361,100.0,113402.0
2025-10-21,5,ぷっちょ袋ＨＷアソート,1134.02,1361,210.0,238144.0
2025-10-21,5,宇都宮線・高崎線チップス,1134.02,1361,156.0,176907.0
2025-10-21,5,つくねおむすび,1134.02,1361,276.0,312990.0
2025-10-21,5,ヴァルトＩベリークリック,1134.02,1361,528.0,598763.0
2025-10-21,5,おーいお茶濃茶ストロング,1134.02,1361,158.0,179175.0
2025-10-21,5,ちぎれるブリオッシュパン,1134.02,1361,147.0,166701.0
2025-10-21,5,鮭金ごまおむすび,1134.02,1361,139.0,157629.0
2025-10-21,5,ピュレグミラ・フランス,1134.02,1361,150.0,170103.0
2025-10-21,5,チュッパサワーバイトグミ,1134.02,1361,158.0,179175.0
2025-10-21,5,味付海苔　ベーコンマヨ,1134.02,1361,184.0,208660.0
2025-10-21,5,バナナカスタードブリュレ,1134.02,1361,350.0,396907.0
2025-10-21,5,◎生コッペパン（オムナポ,1134.02,1361,184.0,208660.0
2025-10-21,5,◎伊右衛門　濃い緑茶,1134.02,1361,121.0,137216.0
2025-10-21,5,チョコクリームたい焼き,1134.02,1361,176.0,199588.0
2025-10-21,5,専スヌーピーチョコドーナ,1134.02,1361,156.0,176907.0
2025-10-21,5,ヴァルトベリークリック,1134.02,1361,528.0,598763.0
2025-10-21,5,鶏天うどん,1134.02,1361,599.0,679278.0
2025-10-21,5,チキンカツサンド,1134.02,1361,399.0,452474.0
2025-10-21,5,ルーシーのレモネード,1134.02,1361,184.0,208660.0
2025-10-21,5,ブルガリアＹＯさくらんぼ,1134.02,1361,195.0,221134.0
2025-10-21,5,たべっ子ラムネみかん,1134.02,1361,150.0,170103.0
2025-10-21,5,さつまりこ焼きいも,1134.02,1361,185.0,209794.0
2025-10-21,5,◎焦がしバターのクロワッ,1134.02,1361,121.0,137216.0
2025-10-21,5,モッチ生ドーナツ生チョコ,1134.02,1361,184.0,208660.0
2025-10-21,5,カンデミーナＳＰベスト,1134.02,1361,200.0,226804.0
2025-10-21,5,ＦチャーリーＢロール,1134.02,1361,165.0,187113.0
2025-10-21,5,ルックア・ラ・モード,1134.02,1361,200.0,226804.0
2025-10-21,5,ルックホワイトラバーズ,1134.02,1361,200.0,226804.0
2025-10-21,5,くりーむパン　和栗,1134.02,1361,269.0,305051.0
2025-10-21,5,Ｐルックシャインマスカッ,1134.02,1361,270.0,306185.0
2025-10-21,5,海老とブロッコリーロール,1134.02,1361,369.0,418453.0
2025-10-21,5,かぶり寿司　旨辛唐揚げ巻,1134.02,1361,283.0,320928.0
2025-10-21,5,Ｐルック生キャラメル,1134.02,1361,270.0,306185.0
2025-10-21,5,来来亭監修　冷し中華,1134.02,1361,554.0,628247.0
2025-10-21,5,野菜生活Ｓアサイーバナナ,1134.02,1361,178.0,201856.0
2025-10-21,5,ポテトＣ感謝のほたてしお,1134.02,1361,157.0,178041.0
2025-10-21,5,ぷっちょＳＴ有田みかん,1134.02,1361,118.0,133814.0
2025-10-21,5,ａｍｉ活ゼリーピングレ味,1134.02,1361,210.0,238144.0
2025-10-21,5,ベーコンとレタスのサラダ,1134.02,1361,332.0,376495.0
2025-10-21,5,カカオ味わうショコララテ,1134.02,1361,230.0,260825.0
2025-10-21,5,スッパイマンちいかわ一番,1134.02,1361,200.0,226804.0
2025-10-21,5,天津あんかけ焼そば,1134.02,1361,554.0,628247.0
2025-10-21,5,ヴァルトミントクリック,1134.02,1361,528.0,598763.0
2025-10-21,5,生パスタ　カルボナーラ,1134.02,1361,499.0,565876.0
2025-10-21,5,プルームオーラＪブラック,1134.02,1361,2710.0,3073194.0
2025-10-21,5,帆立と鰹の昆布水つけ麺,1134.02,1361,600.0,680412.0
2025-10-21,5,秋のフルーツスムージー,1134.02,1361,193.0,218866.0
2025-10-21,5,Ｗ・Ｃホワイト５・１０Ｐ,1134.02,1361,4910.0,5568038.0
2025-10-21,5,ＧＰｌａｙ１００００,1134.02,1361,10000.0,11340200.0
2025-10-21,5,白身フライごはん,1134.02,1361,276.0,312990.0
2025-10-21,5,カルピス　Ｐグレープ,1134.02,1361,170.0,192783.0
2025-10-21,5,◎なすトマトソースグラタ,1134.02,1361,508.0,576082.0
2025-10-21,5,０１：ＢＥ：ＦＩＲＳＴ,1134.02,1361,0.0,0.0
2025-10-21,5,コミック乱ツインズ,1134.02,1361,528.0,598763.0
2025-10-21,5,いなり寿司５ヶ入,1134.02,1361,443.0,502371.0
2025-10-21,5,◎根菜入つくね和風スープ,1134.02,1361,406.0,460412.0
2025-10-21,5,もち明太チーズドリア,1134.02,1361,491.0,556804.0
2025-10-21,5,シングルモルト山崎１８０,1134.02,1361,1950.0,2211339.0
2025-10-21,5,グミチョコボールぶどう味,1134.02,1361,199.0,225670.0
2025-10-21,5,Ｈ綾鷹,1134.02,1361,128.0,145155.0
2025-10-21,5,Ｈ伊右衛門５００,1134.02,1361,138.0,156495.0
2025-10-21,5,堅あげポテト鬼旨ブラック,1134.02,1361,190.0,215464.0
2025-10-21,5,三陸産わかめおむすび,1134.02,1361,139.0,157629.0
2025-10-21,5,大きな　チキンとタルタル,1134.02,1361,304.0,344742.0
2025-10-21,5,サンドおむすび炙り焼チキ,1134.02,1361,352.0,399175.0
2025-10-21,5,ベースブレッドさつまいも,1134.02,1361,260.0,294845.0
2025-10-21,5,伊右衛門　京都サイダー,1134.02,1361,158.0,179175.0
2025-10-21,5,紅はるかのスイートポテト,1134.02,1361,264.0,299381.0
2025-10-21,5,スイートポテトロール,1134.02,1361,276.0,312990.0
2025-10-21,5,◎どかっと満足パン（ベー,1134.02,1361,230.0,260825.0
2025-10-21,5,掘って発見スイートポテト,1134.02,1361,341.0,386701.0
2025-10-21,5,メントスＤＵＯブラッドオ,1134.02,1361,163.0,184845.0
2025-10-21,5,カジッテミカン＆レモン,1134.02,1361,228.0,258557.0
2025-10-21,5,大盛！野菜スティック,1134.02,1361,369.0,418453.0
2025-10-21,5,スーパー大麦　梅ひじき,1134.02,1361,175.0,198454.0
2025-10-21,5,野菜生活北海道メロン,1134.02,1361,138.0,156495.0
2025-10-21,5,おーいお茶濃い茶１Ｌ,1134.02,1361,176.0,199588.0
2025-10-21,5,カジッテグレープ＆マスカ,1134.02,1361,228.0,258557.0
2025-10-21,5,生パスタ海老トマトクリム,1134.02,1361,508.0,576082.0
2025-10-21,5,◎スイートポテトタルトデ,1134.02,1361,158.0,179175.0
2025-10-21,5,青磯海苔　まぐろたたき,1134.02,1361,199.0,225670.0
2025-10-21,5,◎スイートポテト蒸しケ４,1134.02,1361,176.0,199588.0
2025-10-21,5,まいたけおこわ,1134.02,1361,185.0,209794.0
2025-10-21,5,◎どかっとパン（テリマヨ,1134.02,1361,135.0,153093.0
2025-10-21,5,鎌倉コロッケサンド,1134.02,1361,297.0,336804.0
2025-10-21,5,◎生フランスパン（おいも,1134.02,1361,156.0,176907.0
2025-10-21,5,◎おいものパウンドケーキ,1134.02,1361,167.0,189381.0
2025-10-21,5,ワイルドターキーＨＢ３５,1134.02,1361,238.0,269897.0
2025-10-21,5,サラダチキンのサラダ,1134.02,1361,239.0,271031.0
2025-10-21,5,ハムチーズとツナサンド,1134.02,1361,323.0,366288.0
2025-10-21,5,◎はちみつすいーとぽてと,1134.02,1361,176.0,199588.0
2025-10-21,5,ロリポップＣちいかわ黒猫,1134.02,1361,300.0,340206.0
2025-10-21,5,◎おいものマドレーヌ,1134.02,1361,167.0,189381.0
2025-10-21,5,シャンゴ監修　ベスビオ,1134.02,1361,582.0,660000.0
2025-10-21,5,ポケカ拡張　ロケット団,1134.02,1361,164.0,185979.0
2025-10-21,5,手巻寿司　３種のねばねば,1134.02,1361,190.0,215464.0
2025-10-21,5,グミチョコボール苺,1134.02,1361,199.0,225670.0
2025-10-21,5,増量３色そぼろ＆チキン南,1134.02,1361,580.0,657732.0
2025-10-21,5,◎紅はるかのおいもチップ,1134.02,1361,198.0,224536.0
2025-10-21,5,お手軽！冷しぶっかけそば,1134.02,1361,276.0,312990.0
2025-10-21,5,極上はちみつ紅茶Ｃ小袋,1134.02,1361,125.0,141752.0
2025-10-21,5,福かまど　べこ餅,1134.02,1361,165.0,187113.0
2025-10-21,5,ねぎたっぷり！豚肉そば,1134.02,1361,554.0,628247.0
2025-10-21,5,ヱビスビール３５０,1134.02,1361,254.0,288041.0
2025-10-21,5,Ｃ玄米プラス　アーモンド,1134.02,1361,180.0,204124.0
2025-10-21,5,お月見タルト　カスタード,1134.02,1361,276.0,312990.0
2025-10-21,5,爽健美茶　６００,1134.02,1361,158.0,179175.0
2025-10-21,5,鳴門金時ラテ,1134.02,1361,267.0,302783.0
2025-10-21,5,ｉｎゼリーＶカロリーゼロ,1134.02,1361,210.0,238144.0
2025-10-21,5,ヘパリーゼＷハイパー,1134.02,1361,380.0,430928.0
2025-10-21,5,増量特製ダレの炙り焼牛カ,1134.02,1361,625.0,708762.0
2025-10-21,5,増量明太海苔弁当,1134.02,1361,555.0,629381.0
2025-10-21,5,ヤクルトＹ１０００,1134.02,1361,150.0,170103.0
2025-10-21,5,クラッシュ蒟蒻畑ぶどう味,1134.02,1361,183.0,207526.0
2025-10-21,5,ブルガリアＹＯブルーベ,1134.02,1361,168.0,190515.0
2025-10-21,5,ビューティチャージハニー,1134.02,1361,548.0,621443.0
2025-10-21,5,ミックスアイスプラス,1134.02,1361,464.0,526185.0
2025-10-21,5,ＡｐｐｌｅＧＣ＿１万,1134.02,1361,10000.0,11340200.0
2025-10-21,5,馬サブロー,1134.02,1361,500.0,567010.0
2025-10-21,5,コロロ二十世紀梨,1134.02,1361,148.0,167835.0
2025-10-21,5,海老とあさりのスパゲティ,1134.02,1361,499.0,565876.0
2025-10-21,5,ライフガード５００,1134.02,1361,150.0,170103.0
2025-10-21,5,ブロックロス　ユニコーン,1134.02,1361,1700.0,1927834.0
2025-10-21,5,Ｈジョージア　カフェラテ,1134.02,1361,148.0,167835.0
2025-10-21,5,サッポロラガービール３５,1134.02,1361,216.0,244948.0
2025-10-21,5,手巻　チャーシューマヨ,1134.02,1361,185.0,209794.0
2025-10-21,5,大きなおむすび　鮭昆布,1134.02,1361,239.0,271031.0
2025-10-21,5,だし醤油まぶし飯海苔佃煮,1134.02,1361,156.0,176907.0
2025-10-21,5,忍者めし鉄の鎧グレープ味,1134.02,1361,160.0,181443.0
2025-10-21,5,ＢＳラーメン丸銀だこ,1134.02,1361,160.0,181443.0
2025-10-21,5,フェットチーネマスカット,1134.02,1361,112.0,127010.0
2025-10-21,5,ラインＳ２５秋の色黒小,1134.02,1361,390.0,442268.0
2025-10-21,5,ミルクブッセ,1134.02,1361,93.0,105464.0
2025-10-21,5,コーヒーブッセ,1134.02,1361,93.0,105464.0
2025-10-21,5,Ｈ伊右衛門焙じ茶,1134.02,1361,138.0,156495.0
2025-10-21,5,Ｈジョージア　ブラック,1134.02,1361,138.0,156495.0
2025-10-21,5,カフェオレクリームサンド,1134.02,1361,121.0,137216.0
2025-10-21,5,キレートレモンクエン酸,1134.02,1361,175.0,198454.0
2025-10-21,5,チョコパイとろ甘キャラメ,1134.02,1361,138.0,156495.0
2025-10-21,5,午後フルーツティ白ぶどう,1134.02,1361,158.0,179175.0
2025-10-21,5,午後フルーツティオレンジ,1134.02,1361,158.0,179175.0
2025-10-21,5,チョコパイほろ苦ダークカ,1134.02,1361,138.0,156495.0
2025-10-21,5,ガルボほろにがブラックＰ,1134.02,1361,175.0,198454.0
2025-10-21,5,スイートポテト＆ホイップ,1134.02,1361,348.0,394639.0
2025-10-21,5,白玉入りお芋のどら焼き,1134.02,1361,195.0,221134.0
2025-10-21,5,ピザサンド　さつまいも,1134.02,1361,306.0,347010.0
2025-10-21,5,カフェラッテクリーミーラ,1134.02,1361,181.0,205258.0
2025-10-21,5,ふわしゅわショコラスフレ,1134.02,1361,258.0,292577.0
2025-10-21,5,◎クロワッサンワッフル,1134.02,1361,167.0,189381.0
2025-10-21,5,ジャックジンジャーＨＢ３,1134.02,1361,210.0,238144.0
2025-10-21,5,たまご＆海老ブロサンド,1134.02,1361,348.0,394639.0
2025-10-21,5,◎チーズインてりやきバー,1134.02,1361,184.0,208660.0
2025-10-21,5,のむココナッツ杏仁,1134.02,1361,276.0,312990.0
2025-10-21,5,たまごっち　まんまる焼き,1134.02,1361,232.0,263093.0
2025-10-21,5,大粒ラムネ濃い果実ぶどう,1134.02,1361,133.0,150825.0
2025-10-21,5,ブロックロスジークアクス,1134.02,1361,1700.0,1927834.0
2025-10-21,5,サンド寿司サーモンチーズ,1134.02,1361,332.0,376495.0
2025-10-21,5,ダースミルク,1134.02,1361,191.0,216598.0
2025-10-21,5,ショコラキャラメルタルト,1134.02,1361,230.0,260825.0
2025-10-21,5,大きなつくねの醤油パスタ,1134.02,1361,510.0,578350.0
2025-10-21,5,コーンのバター醤油パスタ,1134.02,1361,426.0,483093.0
2025-10-21,5,◎グリルＣヨシダテリヤキ,1134.02,1361,232.0,263093.0
2025-10-21,5,スプバレ豊潤ラガー３５０,1134.02,1361,245.0,277835.0
2025-10-21,5,ハリボーハッピーグレープ,1134.02,1361,198.0,224536.0
2025-10-21,5,野菜を食べよう　タンメン,1134.02,1361,554.0,628247.0
2025-10-21,5,たべっ子グミグレープ＆マ,1134.02,1361,200.0,226804.0
2025-10-21,5,バヤリース果実のど飴,1134.02,1361,220.0,249484.0
2025-10-21,5,豚焼肉弁当（マヨネーズ付,1134.02,1361,499.0,565876.0
2025-10-21,5,ｈａｎａキンモクセイ,1134.02,1361,698.0,791546.0
2025-10-21,5,ちいかわひやキャラ,1134.02,1361,280.0,317526.0
2025-10-21,5,４Ｄグミサンリオキャラ,1134.02,1361,180.0,204124.0
2025-10-21,5,オイコス　ピーチ,1134.02,1361,189.0,214330.0
2025-10-21,5,サンリオグミチュアチャー,1134.02,1361,350.0,396907.0
2025-10-21,5,ブラックサンダー至福のバ,1134.02,1361,60.0,68041.0
2025-10-21,5,その他４口座売上,1134.02,1361,164.0,185979.0
2025-10-21,5,１日分Ｖゼリーピーチ,1134.02,1361,218.0,247216.0
2025-10-21,5,うるおいトラベルセット,1134.02,1361,1680.0,1905154.0
2025-10-21,5,ポップアップス！ハチワレ,1134.02,1361,390.0,442268.0
2025-10-21,5,ポップアップス！うさぎ,1134.02,1361,390.0,442268.0
2025-10-21,5,コロロ巨峰,1134.02,1361,148.0,167835.0
2025-10-21,5,◎ロングデニッシュ（バタ,1134.02,1361,121.0,137216.0
2025-10-21,5,麻辣湯（はるさめ麺）,1134.02,1361,554.0,628247.0
2025-10-21,5,◎ふくちゃん豚骨どんぶり,1134.02,1361,297.0,336804.0
2025-10-21,5,ポケカ拡張インフェルノ,1134.02,1361,164.0,185979.0
2025-10-21,5,５種チーズのドリア,1134.02,1361,499.0,565876.0
2025-10-21,5,新金封　結ちどり,1134.02,1361,500.0,567010.0
2025-10-21,5,チップスターＳバター味,1134.02,1361,158.0,179175.0
2025-10-21,5,レンジかき揚げそば,1134.02,1361,462.0,523917.0
2025-10-21,5,モッチュＳマスカット,1134.02,1361,148.0,167835.0
2025-10-21,5,まるごと和なしのど飴小袋,1134.02,1361,128.0,145155.0
2025-10-21,5,ガルボ紫いもＰＫＰ,1134.02,1361,175.0,198454.0
2025-10-21,5,クランキーＰＪストロベリ,1134.02,1361,175.0,198454.0
2025-10-21,5,漬けぶりおむすび,1134.02,1361,249.0,282371.0
2025-10-21,5,ライオンコーヒーブラック,1134.02,1361,168.0,190515.0
2025-10-21,5,ライオンコーヒカフェオレ,1134.02,1361,178.0,201856.0
2025-10-21,5,◎芋きんつば,1134.02,1361,184.0,208660.0
2025-10-21,5,たっぷりコーンマヨネーズ,1134.02,1361,297.0,336804.0
2025-10-21,5,◎肉たっぷり７種具材豚汁,1134.02,1361,369.0,418453.0
2025-10-21,5,Ｐガーナトリュフキャラメ,1134.02,1361,325.0,368556.0
2025-10-21,5,マミー風味シュークリーム,1134.02,1361,167.0,189381.0
2025-10-21,5,背徳　月見台湾風まぜそば,1134.02,1361,647.0,733711.0
2025-10-21,5,メキシカンチキン雑穀,1134.02,1361,462.0,523917.0
2025-10-21,5,森永れん乳風味クレープ,1134.02,1361,239.0,271031.0
2025-10-21,5,◎ふわもち食感のメープル,1134.02,1361,135.0,153093.0
2025-10-21,5,ライトニング電池充電器,1134.02,1361,2164.0,2454019.0
2025-10-21,5,大きな　月見おむすびマヨ,1134.02,1361,304.0,344742.0
2025-10-21,5,あなご寿司,1134.02,1361,255.0,289175.0
2025-10-21,5,とろ生おいもチーズケーキ,1134.02,1361,230.0,260825.0
2025-10-21,5,きつねおむすび,1134.02,1361,147.0,166701.0
2025-10-21,5,チキンチェダーたまご,1134.02,1361,452.0,512577.0
2025-10-21,5,◎ミニベーコンピザパン４,1134.02,1361,212.0,240412.0
2025-10-21,5,◎ミルクツイスト３本入,1134.02,1361,144.0,163299.0
2025-10-21,5,◎ルイボスティー６００,1134.02,1361,110.0,124742.0
2025-10-21,5,野菜生活青森りんご,1134.02,1361,118.0,133814.0
2025-10-21,5,専おかず全部乗せ！お弁当,1134.02,1361,323.0,366288.0
2025-10-21,5,１９６無糖３種の果実３５,1134.02,1361,161.0,182577.0
2025-10-21,5,◎生コッペパン（モンブラ,1134.02,1361,135.0,153093.0
2025-10-21,5,月見うさぎ,1134.02,1361,90.0,102062.0
2025-10-21,5,◎芋あん豆大福,1134.02,1361,165.0,187113.0
2025-10-21,5,エナジーの塊,1134.02,1361,199.0,225670.0
2025-10-21,5,ちいかわチャームグミ,1134.02,1361,380.0,430928.0
2025-10-21,5,◎ロングスティックパン（,1134.02,1361,158.0,179175.0
2025-10-21,5,いちごドーナツ棒１本,1134.02,1361,74.0,83917.0
2025-10-21,5,マカダミアチョコ沖縄黒糖,1134.02,1361,333.0,377629.0
2025-10-21,5,カフェラッテ,1134.02,1361,181.0,205258.0
2025-10-21,5,グミっちょ夕張メロン,1134.02,1361,238.0,269897.0
2025-10-21,5,◎ボロネーゼ風ラザニア,1134.02,1361,369.0,418453.0
2025-10-21,5,ガパオまぜごはん,1134.02,1361,163.0,184845.0
2025-10-21,5,今治ＴＨ斜ＳＴ　Ｔ紺,1134.02,1361,600.0,680412.0
2025-10-21,5,ＳＤドライクリスタル３５,1134.02,1361,216.0,244948.0
2025-10-21,5,◎ふわふわアソートリン４,1134.02,1361,193.0,218866.0
2025-10-21,5,月見チーズバーガー,1134.02,1361,399.0,452474.0
2025-10-21,5,厚切りロースカツサンド,1134.02,1361,426.0,483093.0
2025-10-21,5,きのこの山ポケットパック,1134.02,1361,161.0,182577.0
2025-10-21,5,暴君ハバネロ１５０粒ハバ,1134.02,1361,176.0,199588.0
2025-10-21,5,Ｈ午後の紅茶ミルクティー,1134.02,1361,159.0,180309.0
2025-10-21,5,たけのこの里ＰＫＰ,1134.02,1361,161.0,182577.0
2025-10-21,6,しらすおむすび,1134.02,1361,165.0,187113.0
2025-10-21,6,Ｍアーモンドチョコレート,1134.02,1361,305.0,345876.0
2025-10-21,6,龍角散ののどすっきりタブ,1134.02,1361,200.0,226804.0
2025-10-21,6,忍者めし鋼グレープ味,1134.02,1361,148.0,167835.0
2025-10-21,6,◎もちもちくるみパン,1134.02,1361,128.0,145155.0
2025-10-21,6,ｉｎゼリーエネルギー,1134.02,1361,210.0,238144.0
2025-10-21,6,◎白生クロワッサン（ダブ,1134.02,1361,156.0,176907.0
2025-10-21,6,モンスター　リッパー,1134.02,1361,213.0,241546.0
2025-10-21,6,◎レモン香るティーソーダ,1134.02,1361,130.0,147423.0
2025-10-21,6,カルピス　ひんやりライチ,1134.02,1361,160.0,181443.0
2025-10-21,6,カルピスウォーター５００,1134.02,1361,160.0,181443.0
2025-10-21,6,トロピカーナアップル,1134.02,1361,120.0,136082.0
2025-10-21,6,ミンティアＢカルピス,1134.02,1361,211.0,239278.0
2025-10-21,6,◎ボディＰレモンミント,1134.02,1361,350.0,396907.0
2025-10-21,6,薬用リップスティック,1134.02,1361,299.0,339072.0
2025-10-21,6,さらさらシートクール,1134.02,1361,295.0,334536.0
2025-10-21,6,◎のむＹＧアサイーボウル,1134.02,1361,184.0,208660.0
2025-10-21,6,Ｚｅｒｏシート携帯,1134.02,1361,328.0,371959.0
2025-10-21,6,レッドブルエナジー２５０,1134.02,1361,198.0,224536.0
2025-10-21,6,ペパーミント１００ＭＬ,1134.02,1361,200.0,226804.0
2025-10-21,6,ヘアリングゴム黒,1134.02,1361,200.0,226804.0
2025-10-21,6,１日分鉄分のむヨーグルト,1134.02,1361,145.0,164433.0
2025-10-21,6,ザバスミルクココア風味,1134.02,1361,181.0,205258.0
2025-10-21,6,イーラインマスクベージュ,1134.02,1361,299.0,339072.0
2025-10-21,6,ブルガリアＹＯ　苺,1134.02,1361,158.0,179175.0
2025-10-21,6,◎カフェラテレギュラー,1134.02,1361,181.0,205258.0
2025-10-21,6,金のミルクキャンディ,1134.02,1361,221.0,250618.0
2025-10-21,6,ミンティアＢリフレッシュ,1134.02,1361,211.0,239278.0
2025-10-21,6,邪払のど飴,1134.02,1361,258.0,292577.0
2025-10-21,6,◎生コッペパン（たまご）,1134.02,1361,128.0,145155.0
2025-10-21,6,キレートクエン酸ゼリー,1134.02,1361,210.0,238144.0
2025-10-21,6,◎もっち歩き（チョコ）,1134.02,1361,125.0,141752.0
2025-10-21,6,ミンティアワイルド＆クー,1134.02,1361,105.0,119072.0
2025-10-21,6,アーモンドＣ香ばしＰＪ,1134.02,1361,175.0,198454.0
2025-10-21,6,ミンティアＢクリスタル,1134.02,1361,211.0,239278.0
2025-10-21,6,ブラックＴひとくちサイズ,1134.02,1361,120.0,136082.0
2025-10-21,6,ジャムグミいちご,1134.02,1361,182.0,206392.0
2025-10-21,6,ぷにキャラグミちいかわ,1134.02,1361,218.0,247216.0
2025-10-21,6,ソルベットグミ白桃味,1134.02,1361,140.0,158763.0
2025-10-21,6,つぶグミカタイソーダ,1134.02,1361,168.0,190515.0
2025-10-21,6,たべっ子グミパイナップル,1134.02,1361,200.0,226804.0
2025-10-21,6,おとうふくんグミ,1134.02,1361,161.0,182577.0
2025-10-21,6,あの日夢見た雲グミ,1134.02,1361,171.0,193917.0
2025-10-21,6,ピュレグミなつももソーダ,1134.02,1361,150.0,170103.0
2025-10-21,6,ポケぷに,1134.02,1361,218.0,247216.0
2025-10-21,6,龍角散のど飴ｍａｘＳＴ,1134.02,1361,160.0,181443.0
2025-10-21,6,忍者めし巨峰,1134.02,1361,125.0,141752.0
2025-10-21,6,即攻元気ゼリー,1134.02,1361,204.0,231340.0
2025-10-21,6,龍角散のど飴スティック,1134.02,1361,140.0,158763.0
2025-10-21,6,のど飴,1134.02,1361,124.0,140618.0
2025-10-21,6,忍者めし鋼マスカット味,1134.02,1361,148.0,167835.0
2025-10-21,6,◎ドライマンゴー,1134.02,1361,276.0,312990.0
2025-10-21,6,◎カリカリ梅無着色小袋,1134.02,1361,184.0,208660.0
2025-10-21,6,大粒ラムネ,1134.02,1361,133.0,150825.0
2025-10-21,6,牛乳パン,1134.02,1361,230.0,260825.0
2025-10-21,6,１本満足プロテイン　ＷＴ,1134.02,1361,171.0,193917.0
2025-10-21,6,シルキータッチ大きめ,1134.02,1361,398.0,451340.0
2025-10-21,6,スマートカラーグレー,1134.02,1361,566.0,641855.0
2025-10-21,6,◎しっとりやわらか食パ６,1134.02,1361,158.0,179175.0
2025-10-21,6,◎ファミマ・ザ・クリーム,1134.02,1361,128.0,145155.0
2025-10-21,6,たまごサンド,1134.02,1361,265.0,300515.0
2025-10-21,6,具だくさん！チキン南蛮,1134.02,1361,221.0,250618.0
2025-10-21,6,具だくさん！チャーシュー,1134.02,1361,215.0,243814.0
2025-10-21,6,キャメＭマスカットＰＬ,1134.02,1361,455.0,515979.0
2025-10-21,6,◎ソフトなチーズクリーム,1134.02,1361,135.0,153093.0
2025-10-21,6,キャメＭベリープルーム,1134.02,1361,455.0,515979.0
2025-10-21,6,◎バタークロワッサンメロ,1134.02,1361,147.0,166701.0
2025-10-21,6,キャメＭコールドプルーム,1134.02,1361,455.0,515979.0
2025-10-21,6,◎チョコチップスナック６,1134.02,1361,135.0,153093.0
2025-10-21,6,◎ファミマ・ザ・メロンパ,1134.02,1361,128.0,145155.0
2025-10-21,6,ラーククラシックＭ,1134.02,1361,491.0,556804.0
2025-10-21,6,ラッキーＥＸカット１４,1134.02,1361,428.0,485361.0
2025-10-21,6,ラッキーＢチルベリー８,1134.02,1361,428.0,485361.0
2025-10-21,6,◎生コッペパン（コロッケ,1134.02,1361,167.0,189381.0
2025-10-21,6,ラッキーストライク,1134.02,1361,564.0,639587.0
2025-10-21,6,◎生コッペパン（焼きそば,1134.02,1361,167.0,189381.0
2025-10-21,6,ラッキーシガリロＳライト,1134.02,1361,428.0,485361.0
2025-10-21,6,◎白生コッペパン（トリプ,1134.02,1361,147.0,166701.0
2025-10-21,6,◎ひと口もち食感チーズ（,1134.02,1361,149.0,168969.0
2025-10-21,6,マルボロ・メン８Ｂ,1134.02,1361,546.0,619175.0
2025-10-21,6,◎もっちパン（ミート＆チ,1134.02,1361,121.0,137216.0
2025-10-21,6,◎お肉たっぷりメンチカツ,1134.02,1361,184.0,208660.0
2025-10-21,6,◎天然水新潟県津南６００,1134.02,1361,110.0,124742.0
2025-10-21,6,◎ミニクリームパン５個入,1134.02,1361,149.0,168969.0
2025-10-21,6,◎ジャスミン茶６００,1134.02,1361,110.0,124742.0
2025-10-21,6,クリームたい焼きカスター,1134.02,1361,165.0,187113.0
2025-10-21,6,アスティーグ肌　Ｍ,1134.02,1361,600.0,680412.0
2025-10-21,6,◎のむヨーグルトプレーン,1134.02,1361,149.0,168969.0
2025-10-21,6,ルーロー飯おむすび,1134.02,1361,194.0,220000.0
2025-10-21,6,グリーンダカラ,1134.02,1361,141.0,159897.0
2025-10-21,6,ウィルキンソン　タンサン,1134.02,1361,112.0,127010.0
2025-10-21,6,チョコラＢＢハイパー,1134.02,1361,380.0,430928.0
2025-10-21,6,◎発酵バター香るチョコク,1134.02,1361,147.0,166701.0
2025-10-21,6,◎ダブルチョコデニッシュ,1134.02,1361,128.0,145155.0
2025-10-21,6,ウコンの力ドリンク,1134.02,1361,191.0,216598.0
2025-10-21,6,リポビタンＤ,1134.02,1361,164.0,185979.0
2025-10-21,6,◎ゴロゴロチョコのクッキ,1134.02,1361,138.0,156495.0
2025-10-21,6,ジョージア　カフェモカ,1134.02,1361,168.0,190515.0
2025-10-21,6,ジョージア　カフェラテ,1134.02,1361,159.0,180309.0
2025-10-21,6,◎しっとりケーキ（チョコ,1134.02,1361,135.0,153093.0
2025-10-21,6,ジョージア　ブラック,1134.02,1361,149.0,168969.0
2025-10-21,6,◎白生フランスパン（つぶ,1134.02,1361,156.0,176907.0
2025-10-21,6,◎天然水長野県安曇野２Ｌ,1134.02,1361,112.0,127010.0
2025-10-21,6,午後の紅茶　レモンティー,1134.02,1361,160.0,181443.0
2025-10-21,6,◎緑茶６００,1134.02,1361,110.0,124742.0
2025-10-21,6,◎ぶどうぱん（シュガーマ,1134.02,1361,128.0,145155.0
2025-10-21,6,◎麦茶６００,1134.02,1361,110.0,124742.0
2025-10-21,6,健康ミネラルむぎ茶,1134.02,1361,158.0,179175.0
2025-10-21,6,◎生スコーン６個入,1134.02,1361,172.0,195051.0
2025-10-21,6,◎アップル香るジャスミン,1134.02,1361,110.0,124742.0
2025-10-21,6,塩バター揚げ焼きくりーむ,1134.02,1361,276.0,312990.0
2025-10-21,6,マルボロ・メン１２Ｂ,1134.02,1361,546.0,619175.0
2025-10-21,6,専ＵＦＯ大盛焼そばパンガ,1134.02,1361,276.0,312990.0
2025-10-21,6,じゃがりこチーズ,1134.02,1361,185.0,209794.0
2025-10-21,6,◎冷やし胡瓜一本漬,1134.02,1361,172.0,195051.0
2025-10-21,6,◎タンスティックレモン,1134.02,1361,184.0,208660.0
2025-10-21,6,メビウスＥＸＬ,1134.02,1361,528.0,598763.0
2025-10-21,6,メビウスＬ,1134.02,1361,528.0,598763.0
2025-10-21,6,メビウスＳＬ１００Ｂ,1134.02,1361,528.0,598763.0
2025-10-21,6,焙煎ごまドレッシング,1134.02,1361,33.0,37423.0
2025-10-21,6,◎半熟ゆでたまご１個,1134.02,1361,98.0,111134.0
2025-10-21,6,ポケカ拡張　ホワイト,1134.02,1361,264.0,299381.0
2025-10-21,6,テリアスムースレギュラー,1134.02,1361,528.0,598763.0
2025-10-21,6,高菜の寿司,1134.02,1361,176.0,199588.0
2025-10-21,6,レジ袋弁当大バイオマス,1134.02,1361,5.0,5670.0
2025-10-21,6,ホープ１０,1134.02,1361,273.0,309587.0
2025-10-21,6,手巻　紀州南高梅,1134.02,1361,158.0,179175.0
2025-10-21,6,手巻　真昆布,1134.02,1361,158.0,179175.0
2025-10-21,6,大きな　僕の梅おかか,1134.02,1361,297.0,336804.0
2025-10-21,6,味付海苔　おかか味噌,1134.02,1361,161.0,182577.0
2025-10-21,6,増量　手巻　紅しゃけ,1134.02,1361,195.0,221134.0
2025-10-21,6,増量　手巻　辛子明太子,1134.02,1361,195.0,221134.0
2025-10-21,6,大きな　昆布とツナマヨ,1134.02,1361,269.0,305051.0
2025-10-21,6,手巻　たらこマヨネーズ,1134.02,1361,188.0,213196.0
2025-10-21,6,豚バラしょうゆ,1134.02,1361,276.0,312990.0
2025-10-21,6,サンドおむすび　牛カルビ,1134.02,1361,328.0,371959.0
2025-10-21,6,手巻　紅しゃけ,1134.02,1361,195.0,221134.0
2025-10-21,6,レジ袋１２号バイオマス,1134.02,1361,3.0,3402.0
2025-10-21,6,ピース・ライト・ＢＯＸ,1134.02,1361,546.0,619175.0
2025-10-21,6,ピアニシモ・アリア・メン,1134.02,1361,519.0,588556.0
2025-10-21,6,◎海鮮スティック明太マヨ,1134.02,1361,167.0,189381.0
2025-10-21,6,センティアＩブラック,1134.02,1361,482.0,546598.0
2025-10-21,6,冷し明太とろろうどん,1134.02,1361,508.0,576082.0
2025-10-21,6,冷したぬきうどん,1134.02,1361,399.0,452474.0
2025-10-21,6,ゆず冷し鶏塩おろしうどん,1134.02,1361,526.0,596495.0
2025-10-21,6,テリアイエローメンソール,1134.02,1361,528.0,598763.0
2025-10-21,6,テリアサンパール,1134.02,1361,528.0,598763.0
2025-10-21,6,テリアシャインパール,1134.02,1361,528.0,598763.0
2025-10-21,6,マルボロ・ボックス,1134.02,1361,546.0,619175.0
2025-10-21,6,シーチキン＆コーンサラダ,1134.02,1361,249.0,282371.0
2025-10-21,6,ケントエス１・１００Ｂ,1134.02,1361,455.0,515979.0
2025-10-21,6,ローストチキンパスタサラ,1134.02,1361,369.0,418453.0
2025-10-21,6,エボルタＮＥＯ単４－４Ｐ,1134.02,1361,659.0,747319.0
2025-10-21,6,ライトニング１．２ｍ,1134.02,1361,1800.0,2041236.0
2025-10-21,6,ＣＲバーナーライター,1134.02,1361,190.0,215464.0
2025-10-21,6,耐風ビニール傘７０,1134.02,1361,862.0,977525.0
2025-10-21,6,ダブルシュー,1134.02,1361,172.0,195051.0
2025-10-21,6,デイリースポーツ東日本,1134.02,1361,146.0,165567.0
2025-10-21,6,冷やして食べるバウム,1134.02,1361,167.0,189381.0
2025-10-21,6,マカロンチョコパッション,1134.02,1361,267.0,302783.0
2025-10-21,6,日刊ゲンダイ,1134.02,1361,164.0,185979.0
2025-10-21,6,日本経済新聞,1134.02,1361,182.0,206392.0
2025-10-21,6,ＡｍａｚｏｎＶＡＲ,1134.02,1361,10000.0,11340200.0
2025-10-21,6,２種のキンパ,1134.02,1361,510.0,578350.0
2025-10-21,6,セブンスター,1134.02,1361,546.0,619175.0
2025-10-21,6,セブンスター・ＢＯＸ,1134.02,1361,546.0,619175.0
2025-10-21,6,手巻　辛子明太子,1134.02,1361,195.0,221134.0
2025-10-21,6,カロリーＭハーフ　バニラ,1134.02,1361,110.0,124742.0
2025-10-21,6,手巻シーチキンマヨネーズ,1134.02,1361,165.0,187113.0
2025-10-21,6,直巻　和風ツナマヨネーズ,1134.02,1361,149.0,168969.0
2025-10-21,6,テリアブラックＭ１０Ｐ,1134.02,1361,5273.0,5979687.0
2025-10-21,6,アサヒ生ビール３５０,1134.02,1361,216.0,244948.0
2025-10-21,6,スーパードライ３５０,1134.02,1361,216.0,244948.0
2025-10-21,6,さばと青じそおむすび,1134.02,1361,139.0,157629.0
2025-10-21,6,テリアＯパール,1134.02,1361,528.0,598763.0
2025-10-21,6,ポケカ拡張　ブラック,1134.02,1361,264.0,299381.0
2025-10-21,6,ポケカ拡張　バトルＰ,1134.02,1361,164.0,185979.0
2025-10-21,6,サラサクリップ　黒,1134.02,1361,99.0,112268.0
2025-10-21,6,ＬＩＢＥＲＡミルク,1134.02,1361,277.0,314124.0
2025-10-21,6,◎しみチョココーン,1134.02,1361,147.0,166701.0
2025-10-21,6,◎チョコシュー,1134.02,1361,128.0,145155.0
2025-10-21,6,もち麦　鮭ひじきしそ風味,1134.02,1361,163.0,184845.0
2025-10-21,6,◎こだわりのフロランタン,1134.02,1361,184.0,208660.0
2025-10-21,6,◎もちもちレモンドーナツ,1134.02,1361,149.0,168969.0
2025-10-21,6,◎濃厚ミルクドーナツ,1134.02,1361,100.0,113402.0
2025-10-21,6,◎焼たまごカレートースト,1134.02,1361,167.0,189381.0
2025-10-21,6,スイートサンダーいちご,1134.02,1361,60.0,68041.0
2025-10-21,6,ブラックサンダー,1134.02,1361,41.0,46495.0
2025-10-21,6,◎大きいウインナー,1134.02,1361,153.0,173505.0
2025-10-21,6,◎大きいあらびきチョリソ,1134.02,1361,153.0,173505.0
2025-10-21,6,パウダー２５０％ハッピー,1134.02,1361,120.0,136082.0
2025-10-21,6,◎ベーコンチーズオニオン,1134.02,1361,149.0,168969.0
2025-10-21,6,Ｆグレイシアラムネわらび,1134.02,1361,156.0,176907.0
2025-10-21,6,じゃがりこサラダ,1134.02,1361,185.0,209794.0
2025-10-21,6,ミンティアコールドスマッ,1134.02,1361,105.0,119072.0
2025-10-21,6,直巻　とり五目,1134.02,1361,165.0,187113.0
2025-10-21,6,ラッキーＳメンソール,1134.02,1361,391.0,443402.0
2025-10-21,6,ラッキーＳダークＭ,1134.02,1361,391.0,443402.0
2025-10-21,6,直巻　明太子マヨネーズ,1134.02,1361,165.0,187113.0
2025-10-21,6,直巻　焼しゃけ,1134.02,1361,158.0,179175.0
2025-10-21,6,レジ袋,1134.02,1361,3.0,3402.0
2025-10-21,6,１９６ＳＴゼロＷレモン３,1134.02,1361,161.0,182577.0
2025-10-21,6,角ハイボール３５０,1134.02,1361,219.0,248350.0
2025-10-21,6,氷結レモン３５０,1134.02,1361,168.0,190515.0
2025-10-21,6,生ハム寿司,1134.02,1361,212.0,240412.0
2025-10-21,6,テリアブラックパープルＭ,1134.02,1361,528.0,598763.0
2025-10-21,6,テリアブラックメンソール,1134.02,1361,528.0,598763.0
2025-10-21,6,手巻寿司　納豆,1134.02,1361,184.0,208660.0
2025-10-21,6,テリアミント,1134.02,1361,528.0,598763.0
2025-10-21,6,手巻寿司　シーチキンマヨ,1134.02,1361,167.0,189381.0
2025-10-21,6,テリアメンソール,1134.02,1361,528.0,598763.0
2025-10-21,6,テリアリッチレギュラー,1134.02,1361,528.0,598763.0
2025-10-21,6,テリアリビエラパール,1134.02,1361,528.0,598763.0
2025-10-21,6,テリアレギュラー,1134.02,1361,528.0,598763.0
2025-10-21,6,鮭はらみおむすび,1134.02,1361,258.0,292577.0
2025-10-21,6,助六寿司,1134.02,1361,482.0,546598.0
2025-10-21,6,テリアＢルビーＭ,1134.02,1361,528.0,598763.0
2025-10-21,6,ネオアークティックＭ,1134.02,1361,455.0,515979.0
2025-10-21,6,高菜たくあんおむすび,1134.02,1361,135.0,153093.0
2025-10-21,6,ラッキーＳダークタバコ,1134.02,1361,391.0,443402.0
2025-10-21,6,◎ハムチーズマヨネーズ２,1134.02,1361,135.0,153093.0
2025-10-21,6,ＭＶコールドＭプルーム,1134.02,1361,455.0,515979.0
2025-10-21,6,まるで桃みたいなケーキ,1134.02,1361,276.0,312990.0
2025-10-21,6,クリームワッフルクッキー,1134.02,1361,260.0,294845.0
2025-10-21,6,調製豆乳,1134.02,1361,105.0,119072.0
2025-10-21,6,テリアパープルメンソール,1134.02,1361,528.0,598763.0
2025-10-21,6,テリアバランスドＲ,1134.02,1361,528.0,598763.0
2025-10-21,6,野菜一日これ一本,1134.02,1361,113.0,128144.0
2025-10-21,6,◎デニッシュブレッド３枚,1134.02,1361,156.0,176907.0
2025-10-21,6,センティアＳバイオレット,1134.02,1361,482.0,546598.0
2025-10-21,6,◎バタークロワッサンメ３,1134.02,1361,156.0,176907.0
2025-10-21,6,センティアＩパープル,1134.02,1361,482.0,546598.0
2025-10-21,6,◎ファミマの牛乳５００,1134.02,1361,175.0,198454.0
2025-10-21,6,サブレサンドバニライチゴ,1134.02,1361,332.0,376495.0
2025-10-21,6,冷しニンニクまぜそば,1134.02,1361,647.0,733711.0
2025-10-21,6,ＳＰＡＭ　タコスミート,1134.02,1361,315.0,357216.0
2025-10-21,6,ＳＰＡＭ　ツナマヨネーズ,1134.02,1361,266.0,301649.0
2025-10-21,6,不明,1134.02,1361,164.0,185979.0
2025-10-21,6,レジ袋４５号バイオマス,1134.02,1361,7.0,7938.0
2025-10-21,6,鮭ほぐし飯（和風だしごは,1134.02,1361,338.0,383299.0
2025-10-21,6,天タレおむすび,1134.02,1361,138.0,156495.0
2025-10-21,6,植物生のスパイシーカレー,1134.02,1361,146.0,165567.0
2025-10-21,6,赤飯おむすび,1134.02,1361,165.0,187113.0
2025-10-21,6,レジ袋２０号バイオマス,1134.02,1361,5.0,5670.0
2025-10-21,6,鶏のうまみ！鶏そぼろ弁当,1134.02,1361,320.0,362886.0
2025-10-21,6,冷しビャンビャン麺,1134.02,1361,510.0,578350.0
2025-10-21,6,ラッキーＳＲタバコ１０Ｐ,1134.02,1361,3910.0,4434018.0
2025-10-21,6,野沢菜いなり寿司,1134.02,1361,179.0,202990.0
2025-10-21,6,国産チキン彩り野菜うどん,1134.02,1361,554.0,628247.0
2025-10-21,6,手巻寿司　ねぎとろ（青ま,1134.02,1361,230.0,260825.0
2025-10-21,6,かぶり寿司　唐揚げ巻,1134.02,1361,283.0,320928.0
2025-10-21,6,塩こんぶおむすび,1134.02,1361,139.0,157629.0
2025-10-21,6,サンド寿司　まぐろたくあ,1134.02,1361,334.0,378763.0
2025-10-21,6,冷たい生パスタ海老トマト,1134.02,1361,499.0,565876.0
2025-10-21,6,ジューシーハムサンド,1134.02,1361,297.0,336804.0
2025-10-21,6,ラッキーＳリッチタバコ,1134.02,1361,391.0,443402.0
2025-10-21,6,テリヤキチキンとたまごＳ,1134.02,1361,323.0,366288.0
2025-10-21,6,ラッキーＳベリーＭ,1134.02,1361,391.0,443402.0
2025-10-21,6,ラッキーＳトロピカルＳ,1134.02,1361,391.0,443402.0
2025-10-21,6,３種チーズとハムのサンド,1134.02,1361,323.0,366288.0
2025-10-21,6,ベコンレタストマトサンド,1134.02,1361,369.0,418453.0
2025-10-21,6,ネオＢベリーハイパー用,1134.02,1361,455.0,515979.0
2025-10-21,6,チキン南蛮サンド,1134.02,1361,369.0,418453.0
2025-10-21,6,ミックスサンド,1134.02,1361,276.0,312990.0
2025-10-21,6,鶏焼肉のバインミー,1134.02,1361,369.0,418453.0
2025-10-21,6,シーチキン＆たまごサラダ,1134.02,1361,239.0,271031.0
2025-10-21,6,棒棒鶏風サラダ,1134.02,1361,406.0,460412.0
2025-10-21,6,和風ドレッシング,1134.02,1361,33.0,37423.0
2025-10-21,6,シャキシャキレタスサンド,1134.02,1361,297.0,336804.0
2025-10-21,6,サメジマブルーソーダ味,1134.02,1361,178.0,201856.0
2025-10-21,6,蒸鶏とねぎのトマトパスタ,1134.02,1361,462.0,523917.0
2025-10-21,6,大きなおむすび唐揚げマヨ,1134.02,1361,290.0,328866.0
2025-10-21,6,本まぐろわさび醤油おむす,1134.02,1361,280.0,317526.0
2025-10-21,6,◎ベーコンペッパーマヨ,1134.02,1361,121.0,137216.0
2025-10-21,6,メビウス,1134.02,1361,528.0,598763.0
2025-10-21,6,シャインマスカットのど飴,1134.02,1361,105.0,119072.0
2025-10-21,6,ぷっちょＳＴメガコーラ,1134.02,1361,118.0,133814.0
2025-10-21,6,ハイチュウグレープ,1134.02,1361,127.0,144021.0
2025-10-21,6,ハイライトメンソール,1134.02,1361,473.0,536391.0
2025-10-21,6,ハイチュウＰシャインマス,1134.02,1361,152.0,172371.0
2025-10-21,6,センティアＦグリーン,1134.02,1361,482.0,546598.0
2025-10-21,6,ハイライト,1134.02,1361,473.0,536391.0
2025-10-21,6,ハイチュウＰ巨峰,1134.02,1361,152.0,172371.0
2025-10-21,6,キャメルクラフトＭ５,1134.02,1361,410.0,464948.0
2025-10-21,6,アメスピＯＭ１,1134.02,1361,382.0,433196.0
2025-10-21,6,アメスピＯＭライト,1134.02,1361,382.0,433196.0
2025-10-21,6,コロロシャインマスカット,1134.02,1361,148.0,167835.0
2025-10-21,6,コーラアップ,1134.02,1361,242.0,274433.0
2025-10-21,6,アメスピライト,1134.02,1361,382.0,433196.0
2025-10-21,6,ハイチュウＰヨーグルト,1134.02,1361,152.0,172371.0
2025-10-21,6,ＭＶスムースＲプルーム,1134.02,1361,455.0,515979.0
2025-10-21,6,◎しみ旨フレンチトースト,1134.02,1361,144.0,163299.0
2025-10-21,6,ＭＶシトラスＯＰプルーム,1134.02,1361,455.0,515979.0
2025-10-21,6,◎もちっとつぶあんドーナ,1134.02,1361,125.0,141752.0
2025-10-21,6,◎ミニフレンチトースト４,1134.02,1361,172.0,195051.0
2025-10-21,6,センティアＤブロンズ,1134.02,1361,482.0,546598.0
2025-10-21,6,センティアＣジェイド,1134.02,1361,482.0,546598.0
2025-10-21,6,センティアクリアシルバー,1134.02,1361,482.0,546598.0
2025-10-21,6,専ＵＦＯプチ焼そばパン４,1134.02,1361,212.0,240412.0
2025-10-21,6,ケントＴＲメンソール,1134.02,1361,437.0,495567.0
2025-10-21,6,◎北海道メロンパン,1134.02,1361,125.0,141752.0
2025-10-21,6,ケントＴメンソール,1134.02,1361,437.0,495567.0
2025-10-21,6,◎生コッペパン（あんバタ,1134.02,1361,135.0,153093.0
2025-10-21,6,◎白生コッペパン（カスタ,1134.02,1361,128.0,145155.0
2025-10-21,6,マルボロ・ブラックＭ８,1134.02,1361,546.0,619175.0
2025-10-21,6,ＭＶＰＧレギュラーウィズ,1134.02,1361,546.0,619175.0
2025-10-21,6,ＭＶＰＧメンソールウィズ,1134.02,1361,546.0,619175.0
2025-10-21,6,ＭＶＧレッドＭウィズ,1134.02,1361,546.0,619175.0
2025-10-21,6,◎ふんわりホットケーキ２,1134.02,1361,128.0,145155.0
2025-10-21,6,◎完熟バナナパンケーキ,1134.02,1361,138.0,156495.0
2025-10-21,6,ＭＶベリーＯＰプルーム,1134.02,1361,455.0,515979.0
2025-10-21,6,◎いちごのクロワッサン（,1134.02,1361,147.0,166701.0
2025-10-21,6,ＭＶブラックＣＭプルーム,1134.02,1361,455.0,515979.0
2025-10-21,6,タフグミグレーピーパンチ,1134.02,1361,238.0,269897.0
2025-10-21,6,はちみつカリンのど飴,1134.02,1361,124.0,140618.0
2025-10-21,6,メビウスワン,1134.02,1361,528.0,598763.0
2025-10-21,6,メビウスＥ１　１００Ｓ,1134.02,1361,455.0,515979.0
2025-10-21,6,◎スーパーＣＨ無糖レモ３,1134.02,1361,119.0,134948.0
2025-10-21,6,おむすびおかずＳ（昆・ツ,1134.02,1361,434.0,492165.0
2025-10-21,6,特撰　白角水割　２５０,1134.02,1361,175.0,198454.0
2025-10-21,6,茉莉花ジャスミン茶割ＪＪ,1134.02,1361,181.0,205258.0
2025-10-21,6,檸檬堂夏のラムネとレモン,1134.02,1361,160.0,181443.0
2025-10-21,6,手巻寿司　サーモン（青ま,1134.02,1361,230.0,260825.0
2025-10-21,6,本搾りライム３５０,1134.02,1361,168.0,190515.0
2025-10-21,6,未来のレサワオリジナル３,1134.02,1361,271.0,307319.0
2025-10-21,6,ルイボスティーハイ３４０,1134.02,1361,181.0,205258.0
2025-10-21,6,手巻寿司　青しそ納豆,1134.02,1361,190.0,215464.0
2025-10-21,6,◎スーパーＣＨグレフル３,1134.02,1361,119.0,134948.0
2025-10-21,6,大関　佳撰ワンカップ,1134.02,1361,219.0,248350.0
2025-10-21,6,金麦３５０,1134.02,1361,180.0,204124.0
2025-10-21,6,いなり寿司３ヶ入,1134.02,1361,276.0,312990.0
2025-10-21,6,ザプレミアムモルツ３５０,1134.02,1361,254.0,288041.0
2025-10-21,6,黒ラベル３５０,1134.02,1361,216.0,244948.0
2025-10-21,6,炙り焼辛子明太子おむすび,1134.02,1361,251.0,284639.0
2025-10-21,6,◎パン・オ・ショコラ４個,1134.02,1361,184.0,208660.0
2025-10-21,6,６種具材の冷し中華,1134.02,1361,536.0,607835.0
2025-10-21,6,センティアＦパープル,1134.02,1361,482.0,546598.0
2025-10-21,6,キシリトール粒フレッシュ,1134.02,1361,178.0,201856.0
2025-10-21,6,大粒ラムネＲすっぱレモン,1134.02,1361,133.0,150825.0
2025-10-21,6,マルボロアイスＢ・Ｍ８,1134.02,1361,546.0,619175.0
2025-10-21,6,マルボロアイスＢ・Ｍ５,1134.02,1361,546.0,619175.0
2025-10-21,6,ベロＭＰＭインテンス,1134.02,1361,291.0,330000.0
2025-10-21,6,◎黒胡椒香るチーズフラン,1134.02,1361,184.0,208660.0
2025-10-21,6,ケント・１・１００ＢＯＸ,1134.02,1361,473.0,536391.0
2025-10-21,6,◎ファミマ・ザ・カレーパ,1134.02,1361,139.0,157629.0
2025-10-21,6,ケントエス・スパーク１,1134.02,1361,455.0,515979.0
2025-10-21,6,◎手巻きソーセージドーナ,1134.02,1361,158.0,179175.0
2025-10-21,6,マルボロゴールドＢ,1134.02,1361,546.0,619175.0
2025-10-21,6,キシリトール粒グレープ,1134.02,1361,178.0,201856.0
2025-10-21,6,キシリトール粒ライムミン,1134.02,1361,178.0,201856.0
2025-10-21,6,Ｗ・Ｃ・ホワイト・５,1134.02,1361,491.0,556804.0
2025-10-21,6,メビＰＭＯＰＰ１１００,1134.02,1361,528.0,598763.0
2025-10-21,6,メビウスＳＬ,1134.02,1361,528.0,598763.0
2025-10-21,6,フリスクＦＦマスカット,1134.02,1361,278.0,315258.0
2025-10-21,6,ヨーグレットミニ,1134.02,1361,150.0,170103.0
2025-10-21,6,メビウスＥＭＯＰＰ５Ｓ,1134.02,1361,455.0,515979.0
2025-10-21,6,メロンソーダアップ,1134.02,1361,242.0,274433.0
2025-10-21,6,ラムネアップ,1134.02,1361,242.0,274433.0
2025-10-21,6,サンスポ（サンケ,1134.02,1361,164.0,185979.0
2025-10-21,6,コンパクトＳ２４．５ｃｍ,1134.02,1361,230.0,260825.0
2025-10-21,6,忍者めしラムネ,1134.02,1361,125.0,141752.0
2025-10-21,6,週刊少年ジャンプ,1134.02,1361,282.0,319794.0
2025-10-21,6,男梅グミ,1134.02,1361,143.0,162165.0
2025-10-21,6,週　刊　文　春,1134.02,1361,464.0,526185.0
2025-10-21,6,◎ドライみかん,1134.02,1361,276.0,312990.0
2025-10-21,6,ヤングマガジン,1134.02,1361,464.0,526185.0
2025-10-21,6,◎ドライりんご,1134.02,1361,276.0,312990.0
2025-10-21,6,◎５種のナッツ＆フルーツ,1134.02,1361,198.0,224536.0
2025-10-21,6,◎おしゃぶり昆布,1134.02,1361,172.0,195051.0
2025-10-21,6,ＢＩＣ電子ライター,1134.02,1361,170.0,192783.0
2025-10-21,6,◎やみつき種ぬき干し梅,1134.02,1361,175.0,198454.0
2025-10-21,6,コンパクトＳ２１．５ｃｍ,1134.02,1361,230.0,260825.0
2025-10-21,6,◎除菌ハンディＷティシュ,1134.02,1361,164.0,185979.0
2025-10-21,6,コカ・コーラ　３００,1134.02,1361,110.0,124742.0
2025-10-21,6,◎みるくバターまんじゅう,1134.02,1361,144.0,163299.0
2025-10-21,6,◎パイまんじゅうつぶあん,1134.02,1361,153.0,173505.0
2025-10-21,6,ピュレグミＰ白桃,1134.02,1361,180.0,204124.0
2025-10-21,6,ピュレグミＰマスカット,1134.02,1361,180.0,204124.0
2025-10-21,6,ピュレグミグレープ味,1134.02,1361,150.0,170103.0
2025-10-21,6,◎紅はるかの熟成干し芋,1134.02,1361,260.0,294845.0
2025-10-21,6,龍角散ののどすっきり飴袋,1134.02,1361,280.0,317526.0
2025-10-21,6,まい塩あめ小袋,1134.02,1361,138.0,156495.0
2025-10-21,6,今治ＴＨドット,1134.02,1361,600.0,680412.0
2025-10-21,6,ハンカチＳＴ,1134.02,1361,600.0,680412.0
2025-10-21,6,婦人ショートＳ白,1134.02,1361,390.0,442268.0
2025-10-21,6,ひざ下２足ヌードベージュ,1134.02,1361,500.0,567010.0
2025-10-21,6,邪払のど飴小袋,1134.02,1361,119.0,134948.0
2025-10-21,6,◎ばんそうこうＭサイズ,1134.02,1361,362.0,410515.0
2025-10-21,6,プリッツ旨サラダ,1134.02,1361,131.0,148557.0
2025-10-21,6,◎チョコマシュマロ,1134.02,1361,139.0,157629.0
2025-10-21,6,◎ミニバタークッキー,1134.02,1361,128.0,145155.0
2025-10-21,6,シルキータッチふつう,1134.02,1361,398.0,451340.0
2025-10-21,6,◎練乳はちみつドーナツ,1134.02,1361,147.0,166701.0
2025-10-21,6,◎こだわりのマドレーヌ,1134.02,1361,147.0,166701.0
2025-10-21,6,ソフトタンポンコンパクト,1134.02,1361,282.0,319794.0
2025-10-21,6,◎こだわりのワッフル,1134.02,1361,144.0,163299.0
2025-10-21,6,今治ＴＨＳＴ／青橙,1134.02,1361,600.0,680412.0
2025-10-21,6,ジェットスリーム０．５,1134.02,1361,150.0,170103.0
2025-10-21,6,リングメモＡ７Ｂ罫,1134.02,1361,208.0,235876.0
2025-10-21,6,ハリボーハッピーコーラ,1134.02,1361,198.0,224536.0
2025-10-21,6,東スポ（東京スポーツ）,1134.02,1361,164.0,185979.0
2025-10-21,6,ドデカミンＢＩＧ,1134.02,1361,149.0,168969.0
2025-10-21,6,今治ＴＨネイビーＭＩＸ,1134.02,1361,600.0,680412.0
2025-10-21,6,◎ミニ羊羹　煉,1134.02,1361,91.0,103196.0
2025-10-21,6,ペプシコーラ　６００,1134.02,1361,130.0,147423.0
2025-10-21,6,無香料ケープ　ＳＨ　小,1134.02,1361,300.0,340206.0
2025-10-21,6,◎贅沢バウムクーヘン,1134.02,1361,202.0,229072.0
2025-10-21,6,◎とろけるチョコミントＣ,1134.02,1361,139.0,157629.0
2025-10-21,6,◎４種のフルーツケーキ,1134.02,1361,156.0,176907.0
2025-10-21,6,バナナバウムクーヘン,1134.02,1361,139.0,157629.0
2025-10-21,6,さらさらシートせっけん,1134.02,1361,295.0,334536.0
2025-10-21,6,ベースブレッドシナモン,1134.02,1361,260.0,294845.0
2025-10-21,6,ビオレふくだけＣうるおい,1134.02,1361,341.0,386701.0
2025-10-21,6,ベースブレッドチョコ,1134.02,1361,260.0,294845.0
2025-10-21,6,ベースブレッドメープル,1134.02,1361,260.0,294845.0
2025-10-21,6,天然水きりっとヨグ,1134.02,1361,159.0,180309.0
2025-10-21,6,Ｆリーフィアロールケーキ,1134.02,1361,165.0,187113.0
2025-10-21,6,梅のり巻,1134.02,1361,142.0,161031.0
2025-10-21,6,耐風ビニール傘６５,1134.02,1361,705.0,799484.0
2025-10-21,6,ＣＷワンタッチ開閉折傘,1134.02,1361,2014.0,2283916.0
2025-10-21,6,レインコートＬ,1134.02,1361,687.0,779072.0
2025-10-21,6,アクオグリーンミント,1134.02,1361,170.0,192783.0
2025-10-21,6,アクオクリアブルーミント,1134.02,1361,170.0,192783.0
2025-10-21,6,◎春雨スープ担々麺味,1134.02,1361,167.0,189381.0
2025-10-21,6,◎とん汁,1134.02,1361,167.0,189381.0
2025-10-21,6,Ｆレモンクリームのロール,1134.02,1361,153.0,173505.0
2025-10-21,6,クリアクリーントラベル,1134.02,1361,323.0,366288.0
2025-10-21,6,◎濃厚チョコパウンド,1134.02,1361,213.0,241546.0
2025-10-21,6,モンスターエナジーボトル,1134.02,1361,297.0,336804.0
2025-10-21,6,おっとっとうすしお味,1134.02,1361,131.0,148557.0
2025-10-21,6,チップスターＳうすしお味,1134.02,1361,144.0,163299.0
2025-10-21,6,アクエリアス５００,1134.02,1361,160.0,181443.0
2025-10-21,6,チップスターＳコンソメ味,1134.02,1361,144.0,163299.0
2025-10-21,6,サントリー天然水　２Ｌ,1134.02,1361,131.0,148557.0
2025-10-21,6,天然水１Ｌ,1134.02,1361,168.0,190515.0
2025-10-21,6,◎キャラメルコーン,1134.02,1361,119.0,134948.0
2025-10-21,6,◎ＢＳラーメン丸チキン味,1134.02,1361,119.0,134948.0
2025-10-21,6,◎天然水新潟県津南３７０,1134.02,1361,100.0,113402.0
2025-10-21,6,ＳＯＹＪＯＹ　黒ゴマ,1134.02,1361,125.0,141752.0
2025-10-21,6,◎きんつば,1134.02,1361,158.0,179175.0
2025-10-21,6,ウェルチ　１房分のぶどう,1134.02,1361,160.0,181443.0
2025-10-21,6,天然水きりっと果実,1134.02,1361,159.0,180309.0
2025-10-21,6,玉ねぎせん,1134.02,1361,158.0,179175.0
2025-10-21,6,贅沢保湿ポケットＴ,1134.02,1361,169.0,191649.0
2025-10-21,6,◎チョコミントタルト,1134.02,1361,176.0,199588.0
2025-10-21,6,◎チョコミントロール,1134.02,1361,167.0,189381.0
2025-10-21,6,◎水に流せるポケットＴ,1134.02,1361,133.0,150825.0
2025-10-21,6,◎紀州南高梅茎わかめ,1134.02,1361,158.0,179175.0
2025-10-21,6,◎種ぬきはちみつ干し梅,1134.02,1361,158.0,179175.0
2025-10-21,6,今治ＴＨ２５夏の色白,1134.02,1361,600.0,680412.0
2025-10-21,6,１本満足シリアルチョコ,1134.02,1361,152.0,172371.0
2025-10-21,6,１本満足シリアルブラック,1134.02,1361,152.0,172371.0
2025-10-21,6,爽健美茶３００,1134.02,1361,110.0,124742.0
2025-10-21,6,おーいお茶緑茶　３５０,1134.02,1361,110.0,124742.0
2025-10-21,6,１本満足シリアルホワイト,1134.02,1361,152.0,172371.0
2025-10-21,6,伊右衛門特茶,1134.02,1361,170.0,192783.0
2025-10-21,6,ヘルシア緑茶　３５０ｍｌ,1134.02,1361,180.0,204124.0
2025-10-21,6,Ｃ玄米ブラン　ブルーベリ,1134.02,1361,155.0,175773.0
2025-10-21,6,クラフトボスイタリアーノ,1134.02,1361,159.0,180309.0
2025-10-21,6,Ｃ玄米ブランメープル,1134.02,1361,155.0,175773.0
2025-10-21,6,モーニングマアムバニラ,1134.02,1361,130.0,147423.0
2025-10-21,6,◎玄米茶　６００,1134.02,1361,110.0,124742.0
2025-10-21,6,◎台湾烏龍茶　６００,1134.02,1361,110.0,124742.0
2025-10-21,6,ｉｎゼリーマルチビタミン,1134.02,1361,210.0,238144.0
2025-10-21,6,Ｃ１０００ビタミンレモン,1134.02,1361,130.0,147423.0
2025-10-21,6,◎ピーチマンゴールイボス,1134.02,1361,110.0,124742.0
2025-10-21,6,オロナミンＣ,1134.02,1361,135.0,153093.0
2025-10-21,6,ヘパリーゼＷ,1134.02,1361,276.0,312990.0
2025-10-21,6,い・ろ・は・す５４０,1134.02,1361,118.0,133814.0
2025-10-21,6,カロリＭハーフチーズ味,1134.02,1361,110.0,124742.0
2025-10-21,6,クラフトボス　ミルクラテ,1134.02,1361,166.0,188247.0
2025-10-21,6,伊右衛門　６００,1134.02,1361,158.0,179175.0
2025-10-21,6,午後の紅茶　ミルクティー,1134.02,1361,160.0,181443.0
2025-10-21,6,◎オレンジ香アールグレイ,1134.02,1361,110.0,124742.0
2025-10-21,6,きのこベーコン醤油パスタ,1134.02,1361,434.0,492165.0
2025-10-21,6,小岩井　Ｔｈｅカフェオレ,1134.02,1361,159.0,180309.0
2025-10-21,6,おーいお茶濃く香るほうじ,1134.02,1361,158.0,179175.0
2025-10-21,6,クラフトボスブラック,1134.02,1361,149.0,168969.0
2025-10-21,6,ウィルキンソン　レモン,1134.02,1361,112.0,127010.0
2025-10-21,6,クラフトボス　ラテ,1134.02,1361,159.0,180309.0
2025-10-21,6,除菌アルコールタオル,1134.02,1361,238.0,269897.0
2025-10-21,6,１００％　オレンジ,1134.02,1361,168.0,190515.0
2025-10-21,6,カルピス　ザ　リッチ,1134.02,1361,160.0,181443.0
2025-10-21,6,フェイシャルペーパー,1134.02,1361,250.0,283505.0
2025-10-21,6,ｉｎバーザクザクビター,1134.02,1361,170.0,192783.0
2025-10-21,6,ｉｎバー　ベイクドチョコ,1134.02,1361,170.0,192783.0
2025-10-21,6,カシミヤＥＸポケット,1134.02,1361,162.0,183711.0
2025-10-21,6,カロリＭハーフチョコ,1134.02,1361,110.0,124742.0
2025-10-21,6,アイルＣＲ電子ライター,1134.02,1361,159.0,180309.0
2025-10-21,6,カロリーＭハーフフルーツ,1134.02,1361,110.0,124742.0
2025-10-21,6,◎有機栽培の恵み天津甘栗,1134.02,1361,165.0,187113.0
2025-10-21,6,アクエリアス　９５０,1134.02,1361,166.0,188247.0
2025-10-21,6,はだおもい２３ｃｍ,1134.02,1361,253.0,286907.0
2025-10-21,6,コンパクトＳ３０．５ｃｍ,1134.02,1361,230.0,260825.0
2025-10-21,6,イーラインマスクピンク,1134.02,1361,299.0,339072.0
2025-10-21,6,プリングルズサワクリＳ,1134.02,1361,158.0,179175.0
2025-10-21,6,スタイルフィットグレー,1134.02,1361,410.0,464948.0
2025-10-21,6,スタイルフィットＯＬ,1134.02,1361,410.0,464948.0
2025-10-21,6,じゃがビーバターしょうゆ,1134.02,1361,164.0,185979.0
2025-10-21,6,ストロングサワーＣオニオ,1134.02,1361,155.0,175773.0
2025-10-21,6,超快適マスクふつう,1134.02,1361,350.0,396907.0
2025-10-21,6,超快適マスクやや大きめ,1134.02,1361,350.0,396907.0
2025-10-21,6,超快適マスク小さめ,1134.02,1361,350.0,396907.0
2025-10-21,6,７ＤＡＹＳマスク大きめ,1134.02,1361,298.0,337938.0
2025-10-21,6,◎香ばしいバタピー,1134.02,1361,167.0,189381.0
2025-10-21,6,フリクションノックＢＫ,1134.02,1361,230.0,260825.0
2025-10-21,6,◎薫製したうずらたまご,1134.02,1361,249.0,282371.0
2025-10-21,6,富士通ＰＲＥ　単４－４Ｐ,1134.02,1361,528.0,598763.0
2025-10-21,6,◎素焼きミックスナッツ,1134.02,1361,360.0,408247.0
2025-10-21,6,◎ＰＣ濃いめのり塩,1134.02,1361,139.0,157629.0
2025-10-21,6,◎ハンディウェットティシ,1134.02,1361,117.0,132680.0
2025-10-21,6,グリーンダカラ麦茶６８０,1134.02,1361,148.0,167835.0
2025-10-21,6,◎ジュワっとした塩バター,1134.02,1361,130.0,147423.0
2025-10-21,6,ベースブレッドミルク,1134.02,1361,260.0,294845.0
2025-10-21,6,メビウス・ワン・ＢＯＸ,1134.02,1361,528.0,598763.0
2025-10-21,6,カントリーＭミニバニラ,1134.02,1361,121.0,137216.0
2025-10-21,6,ミニたべっ子塩バター味,1134.02,1361,160.0,181443.0
2025-10-21,6,ｅ－ｍａのどグレープ小袋,1134.02,1361,118.0,133814.0
2025-10-21,6,金のミルク小袋,1134.02,1361,138.0,156495.0
2025-10-21,6,塩分チャージタブ小袋塩レ,1134.02,1361,140.0,158763.0
2025-10-21,6,ネオＣＬタバコハイパー用,1134.02,1361,455.0,515979.0
2025-10-21,6,キャメルクラフト６,1134.02,1361,410.0,464948.0
2025-10-21,6,ＭＶＧパープルＭウィズ,1134.02,1361,546.0,619175.0
2025-10-21,6,ＭＶアップルＯＰプルーム,1134.02,1361,455.0,515979.0
2025-10-21,6,ＭＶシャープＣＭプルーム,1134.02,1361,455.0,515979.0
2025-10-21,6,◎チョコチップクッキー,1134.02,1361,128.0,145155.0
2025-10-21,6,ＭＶディープＲプルーム,1134.02,1361,455.0,515979.0
2025-10-21,6,◎ちいさなオールレーズン,1134.02,1361,128.0,145155.0
2025-10-21,6,◎ガトーショコラ風チョコ,1134.02,1361,165.0,187113.0
2025-10-21,6,ＭＶペア―ＯＰプルーム,1134.02,1361,455.0,515979.0
2025-10-21,6,ベースブレッドこしあん,1134.02,1361,276.0,312990.0
2025-10-21,6,ベースブレッドオレンジ,1134.02,1361,276.0,312990.0
2025-10-21,6,◎スティックサラミ,1134.02,1361,110.0,124742.0
2025-10-21,6,◎おつまみイカフライ,1134.02,1361,110.0,124742.0
2025-10-21,6,週刊　モーニング,1134.02,1361,428.0,485361.0
2025-10-21,6,ジャパンニューズ,1134.02,1361,137.0,155361.0
2025-10-21,6,スポーツ報知東日本,1134.02,1361,164.0,185979.0
2025-10-21,6,東京新聞,1134.02,1361,128.0,145155.0
2025-10-21,6,毎日新聞,1134.02,1361,146.0,165567.0
2025-10-21,6,茨城新聞,1134.02,1361,137.0,155361.0
2025-10-21,6,堅ぶつ揚げとうもろこし味,1134.02,1361,128.0,145155.0
2025-10-21,6,ガルボつぶ練り苺ＰＫＰ,1134.02,1361,175.0,198454.0
2025-10-21,6,テリアフュージョンＭ,1134.02,1361,528.0,598763.0
2025-10-21,6,テリアブラックイエローＭ,1134.02,1361,528.0,598763.0
2025-10-21,6,チョコあーんぱん袋,1134.02,1361,121.0,137216.0
2025-10-21,6,産経新聞,1134.02,1361,128.0,145155.0
2025-10-21,6,タフグミ梅マニア,1134.02,1361,238.0,269897.0
2025-10-21,6,テリアトロピカルＭ,1134.02,1361,528.0,598763.0
2025-10-21,6,ＡｐｐｌｅＧＣ＿ＶＡＲ,1134.02,1361,3250.0,3685565.0
2025-10-21,6,ラッキーＥＸカット６,1134.02,1361,428.0,485361.0
2025-10-21,6,キャメルリッチプルーム,1134.02,1361,455.0,515979.0
2025-10-21,6,ソイチキン根菜ラップ,1134.02,1361,369.0,418453.0
2025-10-21,6,ガルボポケットパック,1134.02,1361,175.0,198454.0
2025-10-21,6,クランキーＰＪクランチＣ,1134.02,1361,175.0,198454.0
2025-10-21,6,センティアＴイエロー,1134.02,1361,482.0,546598.0
2025-10-21,6,◎カリカリ梅赤小袋,1134.02,1361,184.0,208660.0
2025-10-21,6,一番搾りホワイト３５０,1134.02,1361,216.0,244948.0
2025-10-21,6,未来のレサワプレーン３４,1134.02,1361,271.0,307319.0
2025-10-21,6,ガーナザクほろ塩ミルＰＪ,1134.02,1361,177.0,200722.0
2025-10-21,6,ひとくちルマンド,1134.02,1361,162.0,183711.0
2025-10-21,6,センティアＳゴールド,1134.02,1361,482.0,546598.0
2025-10-21,6,スニッカーズピーナッツ,1134.02,1361,150.0,170103.0
2025-10-21,6,◎こだわりのフィナンシェ,1134.02,1361,135.0,153093.0
2025-10-21,6,ツナたまごサンド,1134.02,1361,246.0,278969.0
2025-10-21,6,ちびサワーズドリンクアソ,1134.02,1361,211.0,239278.0
2025-10-21,6,メントスグレープ,1134.02,1361,120.0,136082.0
2025-10-21,6,スッパイスッパイマン大作,1134.02,1361,139.0,157629.0
2025-10-21,6,ミンティアＢ濃苺,1134.02,1361,211.0,239278.0
2025-10-21,6,シゲキックス梅ソルト味,1134.02,1361,120.0,136082.0
2025-10-21,6,植物生まれマスカットグミ,1134.02,1361,148.0,167835.0
2025-10-21,6,ザ・クレープ　生チョコ,1134.02,1361,230.0,260825.0
2025-10-21,6,さけるチーズプレーン,1134.02,1361,141.0,159897.0
2025-10-21,6,ナカミグミもも味,1134.02,1361,168.0,190515.0
2025-10-21,6,◎生コッペパン（ツナ＆ポ,1134.02,1361,149.0,168969.0
2025-10-21,6,◎いちごモッチ,1134.02,1361,139.0,157629.0
2025-10-21,6,◎アップルクリームデニッ,1134.02,1361,135.0,153093.0
2025-10-21,6,◎たっぷりクリームデニッ,1134.02,1361,116.0,131546.0
2025-10-21,6,クロレッツＸＰ　オリジナ,1134.02,1361,180.0,204124.0
2025-10-21,6,ミンティアドライハード,1134.02,1361,105.0,119072.0
2025-10-21,6,ミンティアＢシャイニーピ,1134.02,1361,211.0,239278.0
2025-10-21,6,果汁グミぶどう,1134.02,1361,152.0,172371.0
2025-10-21,6,ピュレグミレモン味,1134.02,1361,150.0,170103.0
2025-10-21,6,◎サラダチキンＳハーブ,1134.02,1361,172.0,195051.0
2025-10-21,6,◎グリルチキンＢＰ,1134.02,1361,221.0,250618.0
2025-10-21,6,野菜生活シークヮーサー,1134.02,1361,118.0,133814.0
2025-10-21,6,トマトジュース食塩無添加,1134.02,1361,113.0,128144.0
2025-10-21,6,エッセンシャルズ鉄分,1134.02,1361,152.0,172371.0
2025-10-21,6,エッセンシャルズビタミン,1134.02,1361,152.0,172371.0
2025-10-21,6,ネクターピーチティー,1134.02,1361,193.0,218866.0
2025-10-21,6,◎カフェラテ　砂糖不使用,1134.02,1361,181.0,205258.0
2025-10-21,6,のむフルーチェイチゴ,1134.02,1361,249.0,282371.0
2025-10-21,6,◎のむヨーグルトいちご,1134.02,1361,162.0,183711.0
2025-10-21,6,ＯＡＴＳＩＤＥプレーン,1134.02,1361,128.0,145155.0
2025-10-21,6,激シゲキックスソーダ,1134.02,1361,120.0,136082.0
2025-10-21,6,◎サラダチキンＳスモーク,1134.02,1361,172.0,195051.0
2025-10-21,6,ブレンドＳ,1134.02,1361,135.0,153093.0
2025-10-21,6,◎グリルチキンやきとり,1134.02,1361,221.0,250618.0
2025-10-21,6,アイスコーヒーＳ,1134.02,1361,135.0,153093.0
2025-10-21,6,◎おつまみかまぼこチーズ,1134.02,1361,173.0,196185.0
2025-10-21,6,◎豆腐と枝豆のひじき和え,1134.02,1361,239.0,271031.0
2025-10-21,6,◎特製ダレの味付けたまご,1134.02,1361,304.0,344742.0
2025-10-21,6,豚しゃぶのパスタサラダ,1134.02,1361,369.0,418453.0
2025-10-21,6,豚しゃぶおろしパスタサラ,1134.02,1361,369.0,418453.0
2025-10-21,6,彩りサラダチキンサンド,1134.02,1361,399.0,452474.0
2025-10-21,6,ゆでたまご＆ハムミックス,1134.02,1361,323.0,366288.0
2025-10-21,6,焦がし醤油風グリルチキン,1134.02,1361,369.0,418453.0
2025-10-21,6,ラッキーＥＸカット１０,1134.02,1361,428.0,485361.0
2025-10-21,6,◎チョコツイスト３本入,1134.02,1361,144.0,163299.0
2025-10-21,6,生ハムとルッコラ,1134.02,1361,462.0,523917.0
2025-10-21,6,◎生コッペパン（ダブルピ,1134.02,1361,135.0,153093.0
2025-10-21,6,おいしい牛乳２００ＭＬ,1134.02,1361,133.0,150825.0
2025-10-21,6,◎白生クリームパン（ダブ,1134.02,1361,147.0,166701.0
2025-10-21,6,◎炙りいかそうめん,1134.02,1361,193.0,218866.0
2025-10-21,6,Ｗ・Ｃホワイト１・１００,1134.02,1361,491.0,556804.0
2025-10-21,6,チップスターＳ梅しそ味,1134.02,1361,158.0,179175.0
2025-10-21,6,◎フランクロール,1134.02,1361,184.0,208660.0
2025-10-21,6,メビＰメンＯＰＰ８,1134.02,1361,528.0,598763.0
2025-10-21,6,今治ＴＨ千鳥,1134.02,1361,600.0,680412.0
2025-10-21,6,つかめる実験！ふしぎ玉,1134.02,1361,180.0,204124.0
2025-10-21,6,三次元マスクふつう,1134.02,1361,350.0,396907.0
2025-10-21,6,メビウスＥＸＬＢ,1134.02,1361,528.0,598763.0
2025-10-21,6,グミチョコ苺,1134.02,1361,233.0,264227.0
2025-10-21,6,マカダミアＰＪカラメリゼ,1134.02,1361,175.0,198454.0
2025-10-21,6,たべっ子ラムネレモン味,1134.02,1361,150.0,170103.0
2025-10-21,6,ポテトＣおたくのマヨ味,1134.02,1361,190.0,215464.0
2025-10-21,6,ケントＮＳインテンスリＦ,1134.02,1361,500.0,567010.0
2025-10-21,6,メビウスＥＭＯＰＰ１Ｓ,1134.02,1361,455.0,515979.0
2025-10-21,6,３色そぼろ＆チキン南蛮弁,1134.02,1361,580.0,657732.0
2025-10-21,6,海苔巻おかき,1134.02,1361,228.0,258557.0
2025-10-21,6,レジ袋４５号,1134.02,1361,7.0,7938.0
2025-10-21,6,◎マシマシ紅しょうがせん,1134.02,1361,119.0,134948.0
2025-10-21,6,◎おこめチップスのりしお,1134.02,1361,249.0,282371.0
2025-10-21,6,メビウス１・１００ＢＯＸ,1134.02,1361,528.0,598763.0
2025-10-21,6,◎ミニクッキー,1134.02,1361,128.0,145155.0
2025-10-21,6,グリーンガム,1134.02,1361,138.0,156495.0
2025-10-21,6,◎黒ごまミニアスパラガス,1134.02,1361,119.0,134948.0
2025-10-21,6,健康のど飴梅小袋,1134.02,1361,128.0,145155.0
2025-10-21,6,メビＰメンＯＰＰ５,1134.02,1361,528.0,598763.0
2025-10-21,6,富士通ＰＲＥ　単３－４Ｐ,1134.02,1361,528.0,598763.0
2025-10-21,6,オリオンドラフト３５０,1134.02,1361,216.0,244948.0
2025-10-21,6,週刊少年マガジン,1134.02,1361,364.0,412783.0
2025-10-21,6,ｉｎバープロテインバニラ,1134.02,1361,170.0,192783.0
2025-10-21,6,◎ひとくちこしあん大福５,1134.02,1361,156.0,176907.0
2025-10-21,6,ミルク餅,1134.02,1361,130.0,147423.0
2025-10-21,6,◎有明産の海苔,1134.02,1361,121.0,137216.0
2025-10-21,6,まるごとりんごのど飴小袋,1134.02,1361,128.0,145155.0
2025-10-21,6,キットカットバー,1134.02,1361,140.0,158763.0
2025-10-21,6,グミだよ。レモネード味,1134.02,1361,166.0,188247.0
2025-10-21,6,カンデミーナＷ電撃ライチ,1134.02,1361,200.0,226804.0
2025-10-21,6,◎スパイシービーフジャー,1134.02,1361,156.0,176907.0
2025-10-21,6,ＢＳラーメンおつまみ,1134.02,1361,131.0,148557.0
2025-10-21,6,ケントトゥルータバコ,1134.02,1361,437.0,495567.0
2025-10-21,6,フェットチーネＰピーチパ,1134.02,1361,148.0,167835.0
2025-10-21,6,◎超暴君ハバネロ,1134.02,1361,128.0,145155.0
2025-10-21,6,◎ノアールミニ,1134.02,1361,119.0,134948.0
2025-10-21,6,スティックのりＰＩＴ,1134.02,1361,232.0,263093.0
2025-10-21,6,ケントＴリッチタバコ,1134.02,1361,437.0,495567.0
2025-10-21,6,クロレッツＸＰシャープミ,1134.02,1361,180.0,204124.0
2025-10-21,6,クールループド,1134.02,1361,455.0,515979.0
2025-10-21,6,ラーク・マイルド・ＢＯＸ,1134.02,1361,491.0,556804.0
2025-10-21,6,週　刊　プ　ロ　レ　ス,1134.02,1361,573.0,649793.0
2025-10-21,6,◎しっとりバウムクーヘン,1134.02,1361,167.0,189381.0
2025-10-21,6,◎つぶあんどら焼き,1134.02,1361,144.0,163299.0
2025-10-21,6,今治ＴＨドット／黒青,1134.02,1361,600.0,680412.0
2025-10-21,6,アメスピＯＬゴールド,1134.02,1361,382.0,433196.0
2025-10-21,6,ビッグ　コミック,1134.02,1361,437.0,495567.0
2025-10-21,6,グランドジャンプ,1134.02,1361,437.0,495567.0
2025-10-21,6,◎ばかうけたっぷり青のり,1134.02,1361,110.0,124742.0
2025-10-21,6,ニベアディープモイスチャ,1134.02,1361,533.0,604433.0
2025-10-21,6,ホロチャージホロライブＧ,1134.02,1361,260.0,294845.0
2025-10-21,6,トロピカーナオレンジ,1134.02,1361,150.0,170103.0
2025-10-21,6,１本満足プロテインチョコ,1134.02,1361,171.0,193917.0
2025-10-21,6,プロテインバー　チョコ,1134.02,1361,180.0,204124.0
2025-10-21,6,堅あげポテトうすしお味,1134.02,1361,179.0,202990.0
2025-10-21,6,氷結グレープフルーツ３５,1134.02,1361,168.0,190515.0
2025-10-21,6,読売新聞,1134.02,1361,164.0,185979.0
2025-10-21,6,週刊ベースボール,1134.02,1361,564.0,639587.0
2025-10-21,6,明治Ｒ－１ドリンク,1134.02,1361,149.0,168969.0
2025-10-21,6,◎瀬戸内レモンピール,1134.02,1361,167.0,189381.0
2025-10-21,6,雑貨（雑誌便）,1134.02,1361,2490.0,2823710.0
2025-10-21,6,マルボロ・メン４Ｂ,1134.02,1361,546.0,619175.0
2025-10-21,6,Ｗ・Ｃレッド８・ＢＯＸ,1134.02,1361,491.0,556804.0
2025-10-21,6,ネオＢワイルドベリー,1134.02,1361,455.0,515979.0
2025-10-21,6,ポリッピーしお味,1134.02,1361,120.0,136082.0
2025-10-21,6,特撰月餅,1134.02,1361,140.0,158763.0
2025-10-21,6,ＭＶＰＧフローズンウィズ,1134.02,1361,546.0,619175.0
2025-10-21,6,ふわもち生大福　コーヒー,1134.02,1361,138.0,156495.0
2025-10-21,6,ラー油四川風麻婆焼そば,1134.02,1361,499.0,565876.0
2025-10-21,6,サラサクリップ　赤,1134.02,1361,99.0,112268.0
2025-10-21,6,エボコールドＭ　ＰＬＭ,1134.02,1361,500.0,567010.0
2025-10-21,6,べスティＥＸ首振り,1134.02,1361,100.0,113402.0
2025-10-21,6,野菜スティック味噌マヨ,1134.02,1361,276.0,312990.0
2025-10-21,6,冷たい明太カルボナーラ,1134.02,1361,499.0,565876.0
2025-10-21,6,フレッシュ野菜サラダ,1134.02,1361,199.0,225670.0
2025-10-21,6,ミニチーズおかきお好み焼,1134.02,1361,147.0,166701.0
2025-10-21,6,メビウスＥＯＰＰ８,1134.02,1361,455.0,515979.0
2025-10-21,6,週刊少年サンデー,1134.02,1361,346.0,392371.0
2025-10-21,6,セロテープ小巻直線カッタ,1134.02,1361,220.0,249484.0
2025-10-21,6,メビウスＢ,1134.02,1361,528.0,598763.0
2025-10-21,6,洗顔シート　石けんの香り,1134.02,1361,246.0,278969.0
2025-10-21,6,ラーク・ＢＯＸ,1134.02,1361,491.0,556804.0
2025-10-21,6,日刊ゲンダイ　通常版,1134.02,1361,164.0,185979.0
2025-10-21,6,ＡｐｐｌｅＧＣ　ＶＡＲ,1134.02,1361,5000.0,5670100.0
2025-10-21,6,ＭＶマスカットＯＰＰＬＭ,1134.02,1361,455.0,515979.0
2025-10-21,6,タフグミｍｉｎｉデュオ,1134.02,1361,238.0,269897.0
2025-10-21,6,フェイシャルＰアイス,1134.02,1361,250.0,283505.0
2025-10-21,6,パリジャンサンドハムチズ,1134.02,1361,323.0,366288.0
2025-10-21,6,レインボーキューブグミ,1134.02,1361,198.0,224536.0
2025-10-21,6,冷しとろろそば,1134.02,1361,508.0,576082.0
2025-10-21,6,メビウス１００Ｂ,1134.02,1361,528.0,598763.0
2025-10-21,6,◎グリルチキン梅しそ,1134.02,1361,221.0,250618.0
2025-10-21,6,午後の紅茶　ストレート,1134.02,1361,160.0,181443.0
2025-10-21,6,ネオアイスドＭハイパー,1134.02,1361,455.0,515979.0
2025-10-21,6,じゃがりこＬ明太もんじゃ,1134.02,1361,218.0,247216.0
2025-10-21,6,◎ふんわりカステラ,1134.02,1361,119.0,134948.0
2025-10-21,6,プロテインピーナッツバタ,1134.02,1361,249.0,282371.0
2025-10-21,6,ＭＶアロマＲプルーム,1134.02,1361,473.0,536391.0
2025-10-21,6,さけるチーズとうがらし味,1134.02,1361,141.0,159897.0
2025-10-21,6,◎麻辣花生,1134.02,1361,128.0,145155.0
2025-10-21,6,無限そら豆濃塩ポーク,1134.02,1361,158.0,179175.0
2025-10-21,6,ＡｐｐｌｅＧＣ１．５千,1134.02,1361,1500.0,1701030.0
2025-10-21,6,冷シート　フローラル,1134.02,1361,462.0,523917.0
2025-10-21,6,ポカリスエット５００,1134.02,1361,150.0,170103.0
2025-10-21,6,ポッキーチョコレート,1134.02,1361,207.0,234742.0
2025-10-21,6,メビウスＥ６　１００Ｓ,1134.02,1361,455.0,515979.0
2025-10-21,6,オイコス　ストロベリー,1134.02,1361,189.0,214330.0
2025-10-21,6,センティアＣグリーン,1134.02,1361,482.0,546598.0
2025-10-21,6,デイリースポーツ,1134.02,1361,146.0,165567.0
2025-10-21,6,ハムレタスたまごサンド,1134.02,1361,265.0,300515.0
2025-10-21,6,◎高地栽培バナナ１本,1134.02,1361,130.0,147423.0
2025-10-21,6,ＣＷ晴雨兼用ミニ折傘,1134.02,1361,2014.0,2283916.0
2025-10-21,6,濃い大満足みかん,1134.02,1361,239.0,271031.0
2025-10-21,6,塩分チャージタブレッツ,1134.02,1361,238.0,269897.0
2025-10-21,6,ケントＴベリーブースト,1134.02,1361,437.0,495567.0
2025-10-21,6,朝日新聞,1134.02,1361,164.0,185979.0
2025-10-21,6,１９６無糖Ｗパイン３５,1134.02,1361,161.0,182577.0
2025-10-21,6,ケントＮＳブライトタバコ,1134.02,1361,500.0,567010.0
2025-10-21,6,◎グリルチキンゆず七味,1134.02,1361,221.0,250618.0
2025-10-21,6,エボベリーＣＲ　ＰＬＭ,1134.02,1361,500.0,567010.0
2025-10-21,6,メビウスＳＬＢ,1134.02,1361,528.0,598763.0
2025-10-21,6,エボディープＲ　ＰＬＭ,1134.02,1361,500.0,567010.0
2025-10-21,6,ＳｐｏｒｔｓＧｒａｐｈｉ,1134.02,1361,746.0,845979.0
2025-10-21,6,少年チャンピオン,1134.02,1361,364.0,412783.0
2025-10-21,6,紳士リブＳ黒,1134.02,1361,390.0,442268.0
2025-10-21,6,文庫,1134.02,1361,600.0,680412.0
2025-10-21,6,ヤング　ジャンプ,1134.02,1361,428.0,485361.0
2025-10-21,6,フリスクペパーミント,1134.02,1361,235.0,266495.0
2025-10-21,6,テリアルビーレギュラー,1134.02,1361,528.0,598763.0
2025-10-21,6,週　刊　新　潮,1134.02,1361,464.0,526185.0
2025-10-21,6,◎２種の醤油仕上げ柿ピー,1134.02,1361,167.0,189381.0
2025-10-21,6,三次元マスク大きめ,1134.02,1361,350.0,396907.0
2025-10-21,6,顔体用シート　ゴミポケ,1134.02,1361,280.0,317526.0
2025-10-21,6,炙り焼　鳥めし弁当,1134.02,1361,526.0,596495.0
2025-10-21,6,今治ＴＨ　ハート,1134.02,1361,637.0,722371.0
2025-10-21,6,スポニチ東日本,1134.02,1361,164.0,185979.0
2025-10-21,6,ざるそば,1134.02,1361,417.0,472886.0
2025-10-21,6,◎塩揚げ餅,1134.02,1361,128.0,145155.0
2025-10-21,6,ラッキーＳベリーＢ,1134.02,1361,391.0,443402.0
2025-10-21,6,◎チョコチップスコーン,1134.02,1361,149.0,168969.0
2025-10-21,6,週　刊　実　話,1134.02,1361,519.0,588556.0
2025-10-21,6,チ－ズインカレ－ハンバ－,1134.02,1361,184.0,208660.0
2025-10-21,6,マルボロミディアムＢＯＸ,1134.02,1361,546.0,619175.0
2025-10-21,6,ＧＰｌａｙバリアブル,1134.02,1361,3000.0,3402060.0
2025-10-21,6,ソフトワン使い切り１回分,1134.02,1361,121.0,137216.0
2025-10-21,6,ソルティライチ,1134.02,1361,163.0,184845.0
2025-10-21,6,果汁グミ弾力プラスいちご,1134.02,1361,225.0,255154.0
2025-10-21,6,綴じノートＢ５Ａ罫,1134.02,1361,208.0,235876.0
2025-10-21,6,ニッカン東日本（日刊スポ,1134.02,1361,164.0,185979.0
2025-10-21,6,クリニカハミガキ　ミニ,1134.02,1361,91.0,103196.0
2025-10-21,6,アメリカヘアピン,1134.02,1361,280.0,317526.0
2025-10-21,6,午後の紅茶おいしい無糖,1134.02,1361,158.0,179175.0
2025-10-21,6,折りたたみセットコーム,1134.02,1361,491.0,556804.0
2025-10-21,6,極冷感　フリージア,1134.02,1361,462.0,523917.0
2025-10-21,6,回転焼（抹茶あん）２個入,1134.02,1361,147.0,166701.0
2025-10-21,6,冷しぶっかけ豚肉うどん,1134.02,1361,554.0,628247.0
2025-10-21,6,クリニカトラベルセット,1134.02,1361,330.0,374227.0
2025-10-21,6,かっぱえびせん鳴門の塩,1134.02,1361,158.0,179175.0
2025-10-21,6,プレミアムルック清水白桃,1134.02,1361,270.0,306185.0
2025-10-21,6,ポテトチップス大人の夏味,1134.02,1361,158.0,179175.0
2025-10-21,6,フリスクＣＢフレッシュＭ,1134.02,1361,278.0,315258.0
2025-10-21,6,◎あたりめ　小,1134.02,1361,147.0,166701.0
2025-10-21,6,ハッピーターンスパイス,1134.02,1361,120.0,136082.0
2025-10-21,6,◎チョコマカダミアクッキ,1134.02,1361,184.0,208660.0
2025-10-21,6,アイスコーヒーＭ,1134.02,1361,223.0,252886.0
2025-10-21,6,Ｆ謹製塩豆大福,1134.02,1361,167.0,189381.0
2025-10-21,6,◎トルティーヤＣタコス味,1134.02,1361,128.0,145155.0
2025-10-21,6,ミニ冷し中華,1134.02,1361,369.0,418453.0
2025-10-21,6,競馬ブック,1134.02,1361,500.0,567010.0
2025-10-21,6,週刊　漫画タイムス,1134.02,1361,364.0,412783.0
2025-10-21,6,ＢＳおつまみ激辛チキン,1134.02,1361,136.0,154227.0
2025-10-21,6,東スポ競馬特別版,1134.02,1361,228.0,258557.0
2025-10-21,6,キャメルクラフト１２,1134.02,1361,410.0,464948.0
2025-10-21,6,メビウスＳＴ１　１００,1134.02,1361,528.0,598763.0
2025-10-21,6,アロンアルフア速効多用途,1134.02,1361,501.0,568144.0
2025-10-21,6,◎風味が豊かなチーズ鱈小,1134.02,1361,172.0,195051.0
2025-10-21,6,ライトニング用イヤホン,1134.02,1361,3255.0,3691235.0
2025-10-21,6,ＭＶＭミントＭプルーム,1134.02,1361,455.0,515979.0
2025-10-21,6,◎春雨スープかきたま,1134.02,1361,167.0,189381.0
2025-10-21,6,ピアニシモ・プレシアメン,1134.02,1361,519.0,588556.0
2025-10-21,6,ハイマッキー　太字　黒,1134.02,1361,136.0,154227.0
2025-10-21,6,ミックスアイス,1134.02,1361,464.0,526185.0
2025-10-21,6,コミック,1134.02,1361,520.0,589690.0
2025-10-21,6,海味鮮,1134.02,1361,120.0,136082.0
2025-10-21,6,漫　画　ゴラク,1134.02,1361,500.0,567010.0
2025-10-21,6,ビッグコミックオリジナル,1134.02,1361,437.0,495567.0
2025-10-21,6,もっちりクリームロール,1134.02,1361,313.0,354948.0
2025-10-21,6,塩チョコタルト,1134.02,1361,258.0,292577.0
2025-10-21,6,雑誌（地元発行紙）,1134.02,1361,228.0,258557.0
2025-10-21,6,アクアリッチ　エッセンス,1134.02,1361,880.0,997938.0
2025-10-21,6,ベロブリージーマンゴーＭ,1134.02,1361,291.0,330000.0
2025-10-21,6,噛むブレスケアレモン,1134.02,1361,385.0,436598.0
2025-10-21,6,月刊　少年マガジン,1134.02,1361,637.0,722371.0
2025-10-21,6,マッキー　極細　黒,1134.02,1361,111.0,125876.0
2025-10-21,6,ネオＢレッドフルーツ,1134.02,1361,455.0,515979.0
2025-10-21,6,技のこだ割り濃厚醤油,1134.02,1361,138.0,156495.0
2025-10-21,6,さけるチーズスモーク味,1134.02,1361,141.0,159897.0
2025-10-21,6,冷シート　無香,1134.02,1361,462.0,523917.0
2025-10-21,6,大盛　明太子スパゲティ,1134.02,1361,554.0,628247.0
2025-10-21,6,ブレンドＭ,1134.02,1361,204.0,231340.0
2025-10-21,6,スポーツ報知,1134.02,1361,164.0,185979.0
2025-10-21,6,日刊スポーツ,1134.02,1361,164.0,185979.0
2025-10-21,6,競馬エイト,1134.02,1361,591.0,670206.0
2025-10-21,6,ゼロチョコレートクリスプ,1134.02,1361,220.0,249484.0
2025-10-21,6,◎ドライもも,1134.02,1361,276.0,312990.0
2025-10-21,6,メビウスＥＸＬ１００Ｂ,1134.02,1361,528.0,598763.0
2025-10-21,6,キャメルクラフト１,1134.02,1361,410.0,464948.0
2025-10-21,6,今治ＴＨＣグラデーション,1134.02,1361,600.0,680412.0
2025-10-21,6,今治ＴＨ　ストライプＢＧ,1134.02,1361,637.0,722371.0
2025-10-21,6,テリアメンソール１０Ｐ,1134.02,1361,5273.0,5979687.0
2025-10-21,6,オイコスドリンク　カフェ,1134.02,1361,248.0,281237.0
2025-10-21,6,明治ヨーグルトＲ－１,1134.02,1361,144.0,163299.0
2025-10-21,6,ネオＢマスカッット,1134.02,1361,455.0,515979.0
2025-10-21,6,夏ポテト紀州の南高梅味,1134.02,1361,179.0,202990.0
2025-10-21,6,ＧＰｌａｙ５０００,1134.02,1361,5000.0,5670100.0
2025-10-21,6,スパッシュラムネレモン,1134.02,1361,147.0,166701.0
2025-10-21,6,ラッキーＳトロピカルＢ,1134.02,1361,391.0,443402.0
2025-10-21,6,スフレ・プリン,1134.02,1361,306.0,347010.0
2025-10-21,6,スポーツニッポン,1134.02,1361,164.0,185979.0
2025-10-21,6,エボルタＮＥＯ単３－４Ｐ,1134.02,1361,659.0,747319.0
2025-10-21,6,アスティーグ肌　Ｌ,1134.02,1361,600.0,680412.0
2025-10-21,6,消しゴム　ＭＯＮＯ,1134.02,1361,110.0,124742.0
2025-10-21,6,キャップ付鉛筆３Ｐ,1134.02,1361,180.0,204124.0
2025-10-21,6,ケント・１・ＫＳ・ＢＯＸ,1134.02,1361,473.0,536391.0
2025-10-21,6,スーパーグリップシャープ,1134.02,1361,100.0,113402.0
2025-10-21,6,ショートＳ灰緑／白小,1134.02,1361,390.0,442268.0
2025-10-21,6,ソルティグレフルグミ,1134.02,1361,184.0,208660.0
2025-10-21,6,うまイチュウ青りんご味,1134.02,1361,127.0,144021.0
2025-10-21,6,ペタグーシャインマスカッ,1134.02,1361,150.0,170103.0
2025-10-21,6,クールマイルド・ＢＯＸ,1134.02,1361,528.0,598763.0
2025-10-21,6,マロッシュラムネ味,1134.02,1361,159.0,180309.0
2025-10-21,6,アポロマイスタイル,1134.02,1361,247.0,280103.0
2025-10-21,6,◎夏のベイクドチーズＣ,1134.02,1361,138.0,156495.0
2025-10-21,6,パイの実レアチーズケーキ,1134.02,1361,238.0,269897.0
2025-10-21,6,ビッグコミックスピリッツ,1134.02,1361,464.0,526185.0
2025-10-21,6,塩キャラメルプリン,1134.02,1361,230.0,260825.0
2025-10-21,6,クロレッツＸＰ　クリアミ,1134.02,1361,180.0,204124.0
2025-10-21,6,ライトニング電池式６本,1134.02,1361,2346.0,2660411.0
2025-10-21,6,多当仏　御霊前,1134.02,1361,87.0,98660.0
2025-10-21,6,テリヤキチキンたまごコぺ,1134.02,1361,323.0,366288.0
2025-10-21,6,ワンピデッキシャンクス,1134.02,1361,500.0,567010.0
2025-10-21,6,◎ばんそうこう３サイズ,1134.02,1361,362.0,410515.0
2025-10-21,6,◎塩キャラメルケーキタ３,1134.02,1361,167.0,189381.0
2025-10-21,6,Ｃボス　地中海スカッシュ,1134.02,1361,166.0,188247.0
2025-10-21,6,マッチ　５００,1134.02,1361,150.0,170103.0
2025-10-21,6,テリアスムースＲ１０Ｐ,1134.02,1361,5273.0,5979687.0
2025-10-21,6,こだわり酒場のレモン３５,1134.02,1361,161.0,182577.0
2025-10-21,6,狩人めしエナジードリンク,1134.02,1361,125.0,141752.0
2025-10-21,6,サントリー生ビール３５０,1134.02,1361,212.0,240412.0
2025-10-21,6,北海道生ビール３５０,1134.02,1361,216.0,244948.0
2025-10-21,6,◎やわらか燻製さきいか,1134.02,1361,184.0,208660.0
2025-10-21,6,◎とうふとわかめ,1134.02,1361,121.0,137216.0
2025-10-21,6,青磯海苔　まぐろたくあん,1134.02,1361,187.0,212062.0
2025-10-21,6,ザバスチョコレート２００,1134.02,1361,205.0,232474.0
2025-10-21,6,大粒ラムネアイスボックス,1134.02,1361,161.0,182577.0
2025-10-21,6,男梅サワー梅涼し３５０,1134.02,1361,187.0,212062.0
2025-10-21,6,もち麦　新生姜とわかめ,1134.02,1361,163.0,184845.0
2025-10-21,6,紳士くるぶし丈Ｓ黒,1134.02,1361,390.0,442268.0
2025-10-21,6,ショートＳ灰緑／白大,1134.02,1361,390.0,442268.0
2025-10-21,6,漬け真鯛おむすび,1134.02,1361,260.0,294845.0
2025-10-21,6,こってり炒飯おむすび,1134.02,1361,166.0,188247.0
2025-10-21,6,手巻寿司　ばくだん納豆,1134.02,1361,207.0,234742.0
2025-10-21,6,茶流彩彩　コーン茶,1134.02,1361,110.0,124742.0
2025-10-21,6,◎どかっとベーコンチーズ,1134.02,1361,139.0,157629.0
2025-10-21,6,ＢＩＧあらびきソーセージ,1134.02,1361,150.0,170103.0
2025-10-21,6,◎クランベリー＆チーズク,1134.02,1361,147.0,166701.0
2025-10-21,6,◎塩バターパン（チョコク,1134.02,1361,156.0,176907.0
2025-10-21,6,３種のミックスサンド,1134.02,1361,298.0,337938.0
2025-10-21,6,ネオＢトロピカルハイパー,1134.02,1361,455.0,515979.0
2025-10-21,6,ブラックＴココナッツ小袋,1134.02,1361,128.0,145155.0
2025-10-21,6,ぷっちょＳＴ瀬戸内レモン,1134.02,1361,118.0,133814.0
2025-10-21,6,みんなのレモネード,1134.02,1361,212.0,240412.0
2025-10-21,6,オレンジもちとろクリーム,1134.02,1361,184.0,208660.0
2025-10-21,6,まるごとバナナ,1134.02,1361,260.0,294845.0
2025-10-21,6,８×４ロールオンせっけん,1134.02,1361,641.0,726907.0
2025-10-21,6,ノンシュガー塩果実キャン,1134.02,1361,211.0,239278.0
2025-10-21,6,◎ふんわりとしたパンケ８,1134.02,1361,172.0,195051.0
2025-10-21,6,つくね＆鶏そぼろごはん,1134.02,1361,313.0,354948.0
2025-10-21,6,ＩＱＯＳｉＯＭブラック,1134.02,1361,3619.0,4104018.0
2025-10-21,6,◎焼きカレーパン３個入,1134.02,1361,184.0,208660.0
2025-10-21,6,プライドポテト神戸ビーフ,1134.02,1361,168.0,190515.0
2025-10-21,6,堅あげ焼きとうもろこし,1134.02,1361,179.0,202990.0
2025-10-21,6,◎Ｆボスブラック　４５０,1134.02,1361,130.0,147423.0
2025-10-21,6,コアラのマーチ練乳ミルク,1134.02,1361,177.0,200722.0
2025-10-21,6,ＰＧスパイシーチキンＳ缶,1134.02,1361,168.0,190515.0
2025-10-21,6,ハニーミルクティー,1134.02,1361,230.0,260825.0
2025-10-21,6,果汁グミすいか,1134.02,1361,152.0,172371.0
2025-10-21,6,カスタムプラスＥＸ首振り,1134.02,1361,398.0,451340.0
2025-10-21,6,ツナとたまごサンド,1134.02,1361,265.0,300515.0
2025-10-21,6,◎塩チョコフィナンシェ,1134.02,1361,167.0,189381.0
2025-10-21,6,大盛豚肉とねぎの塩焼そば,1134.02,1361,554.0,628247.0
2025-10-21,6,純連冷し味噌ラーメン,1134.02,1361,599.0,679278.0
2025-10-21,6,フルーツの沼メロン＆白桃,1134.02,1361,230.0,260825.0
2025-10-21,6,トルティーヤ豚生姜ハムチ,1134.02,1361,369.0,418453.0
2025-10-21,6,ぷっちょイカゲーム第二弾,1134.02,1361,193.0,218866.0
2025-10-21,6,Ｗ・Ｃホワイト３ＢＯＸ,1134.02,1361,491.0,556804.0
2025-10-21,6,毎日新聞（１都６県静０１,1134.02,1361,,
2025-10-21,6,東京スポーツ（１都６県静,1134.02,1361,,
2025-10-21,6,東京新聞（１都６県静０１,1134.02,1361,,
2025-10-21,6,スポーツ報知（関東東北北,1134.02,1361,,
2025-10-21,6,日刊ゲンダイ（１都６県静,1134.02,1361,,
2025-10-21,6,納豆細巻寿司（２巻増量）,1134.02,1361,389.0,441134.0
2025-10-21,6,ＪＴニューヨーク（旧：ヘ,1134.02,1361,,
2025-10-21,6,読売新聞（１都６県静０１,1134.02,1361,,
2025-10-21,6,日本経済新聞（静０５）,1134.02,1361,,
2025-10-21,6,朝日新聞（宮山梨静０５以,1134.02,1361,,
2025-10-21,6,ＴｈｅＪａｐａｎＮｅｗｓ,1134.02,1361,,
2025-10-21,6,産経新聞（宮山梨静０５以,1134.02,1361,,
2025-10-21,6,プロテインキャラメル,1134.02,1361,249.0,282371.0
2025-10-21,6,キャメルクラフトＭＢ５,1134.02,1361,410.0,464948.0
2025-10-21,6,◎どかっとテリマヨチキン,1134.02,1361,135.0,153093.0
2025-10-21,6,スポニチ（山梨静０５以外,1134.02,1361,,
2025-10-21,6,デイリースポーツ（１都６,1134.02,1361,,
2025-10-21,6,サンスポ（山梨静０５以外,1134.02,1361,,
2025-10-21,6,日刊スポ（山梨静０５以外,1134.02,1361,,
2025-10-21,6,婦人リブＳ白,1134.02,1361,390.0,442268.0
2025-10-21,6,◎こだわりのバタークッキ,1134.02,1361,239.0,271031.0
2025-10-21,6,Ｆはちみつ＆マーガリンの,1134.02,1361,147.0,166701.0
2025-10-21,6,男梅シート,1134.02,1361,200.0,226804.0
2025-10-21,6,ＧＰｌａｙ３０００,1134.02,1361,3000.0,3402060.0
2025-10-21,6,Ｓスター１０Ｂ,1134.02,1361,546.0,619175.0
2025-10-21,6,オイコス　パッションフル,1134.02,1361,189.0,214330.0
2025-10-21,6,コーヒー用氷Ｓ,1134.02,1361,,
2025-10-21,6,◎冷スープかぼちゃと人参,1134.02,1361,332.0,376495.0
2025-10-21,6,ＣＷ晴雨兼用スリム折傘,1134.02,1361,2014.0,2283916.0
2025-10-21,6,セブンスター１０Ｐ,1134.02,1361,5455.0,6186079.0
2025-10-21,6,フライドチキン＆ハンバー,1134.02,1361,555.0,629381.0
2025-10-21,6,ケントエス・スパーク５,1134.02,1361,455.0,515979.0
2025-10-21,6,Ｃ玄米ブラン贅沢ミルク,1134.02,1361,180.0,204124.0
2025-10-21,6,Ｃ玄米ブラン　カカオ,1134.02,1361,155.0,175773.0
2025-10-21,6,ブルガリアＹＯマスカット,1134.02,1361,185.0,209794.0
2025-10-21,6,激辛韓国風焼そば,1134.02,1361,510.0,578350.0
2025-10-21,6,◎フルーツＣ塩レモン,1134.02,1361,276.0,312990.0
2025-10-21,6,沖縄黒糖のブラウにゃー,1134.02,1361,220.0,249484.0
2025-10-21,6,カントリーＭ塩バニラアイ,1134.02,1361,145.0,164433.0
2025-10-21,6,シングルモルト白州１８０,1134.02,1361,1950.0,2211339.0
2025-10-21,6,週刊ＴＶガイド（関東版）,1134.02,1361,,
2025-10-21,6,その他３口座売上,1134.02,1361,649.0,735979.0
2025-10-21,6,竹箸　５００膳,1134.02,1361,,
2025-10-21,6,ＴＶＬＩＦＥ　首都圏版,1134.02,1361,,
2025-10-21,6,コーヒー用氷Ｍ,1134.02,1361,,
2025-10-21,6,ａｎａｎ（アンアン）,1134.02,1361,,
2025-10-21,6,コーヒーリッドＭ,1134.02,1361,,
2025-10-21,6,今治ＴＨフジＲ２５,1134.02,1361,637.0,722371.0
2025-10-21,6,ストローレスリッド,1134.02,1361,,
2025-10-21,6,しあわせ素肌ミニ夜用,1134.02,1361,162.0,183711.0
2025-10-21,6,ニンフィアゼリードリンク,1134.02,1361,249.0,282371.0
2025-10-21,6,新・値下シール３０円,1134.02,1361,,
2025-10-21,6,ＣＷ折りたたみ耐風傘,1134.02,1361,2014.0,2283916.0
2025-10-21,6,サンデー毎日,1134.02,1361,600.0,680412.0
2025-10-21,6,カフェカップＳ,1134.02,1361,,
2025-10-21,6,塩分チャージタブ小袋,1134.02,1361,140.0,158763.0
2025-10-21,6,週刊　女性セブン,1134.02,1361,482.0,546598.0
2025-10-21,6,第１０７回全国高校野球選,1134.02,1361,,
2025-10-21,6,お泊まりスキンケアセット,1134.02,1361,380.0,430928.0
2025-10-21,6,楽天ギフトバリアブル,1134.02,1361,10500.0,11907210.0
2025-10-21,6,ＡＥＲＡ（アエラ）,1134.02,1361,591.0,670206.0
2025-10-21,6,なめらか食感水ようかん,1134.02,1361,158.0,179175.0
2025-10-21,6,トマトベーコンパスタサラ,1134.02,1361,389.0,441134.0
2025-10-21,6,ベ　ス　ト　カ　ー,1134.02,1361,537.0,608969.0
2025-10-21,6,ポケカ拡張ステラ,1134.02,1361,164.0,185979.0
2025-10-21,6,ベロＢマンゴーＭ５Ｐ,1134.02,1361,1455.0,1649999.0
2025-10-21,6,明太マヨいか天,1134.02,1361,130.0,147423.0
2025-10-21,6,マウスＷクリア８０ＭＬ,1134.02,1361,200.0,226804.0
2025-10-21,6,こんがりパンポタージュ,1134.02,1361,170.0,192783.0
2025-10-21,6,クラフトテープ　１巻,1134.02,1361,,
2025-10-21,6,タリーズブラック３９０,1134.02,1361,158.0,179175.0
2025-10-21,6,アルバトロス・ビュー,1134.02,1361,,
2025-10-21,6,テリアレギュラー１０Ｐ,1134.02,1361,5273.0,5979687.0
2025-10-21,6,発注レジ袋１２号バイオマ,1134.02,1361,,
2025-10-21,6,ショコラ＆ホイップパイ,1134.02,1361,239.0,271031.0
2025-10-21,6,ビッグコミックスペリオー,1134.02,1361,464.0,526185.0
2025-10-21,6,ネイビーやまがた県民手帳,1134.02,1361,500.0,567010.0
2025-10-21,6,塩レモンクッキーシュー,1134.02,1361,204.0,231340.0
2025-10-21,6,アスティーグ黒　Ｍ,1134.02,1361,600.0,680412.0
2025-10-21,6,しょうが香る冷し薬味そば,1134.02,1361,,
2025-10-21,6,明太海苔弁当,1134.02,1361,555.0,629381.0
2025-10-21,6,東京スポーツ競馬特別版,1134.02,1361,,
2025-10-21,6,夏ポテト対馬の浜御塩味,1134.02,1361,179.0,202990.0
2025-10-21,6,優馬（関東山形福島）,1134.02,1361,,
2025-10-21,6,日刊競馬（関東山形福島）,1134.02,1361,,
2025-10-21,6,勝馬（関東山形福島）,1134.02,1361,,
2025-10-21,6,競友（関東福島）,1134.02,1361,,
2025-10-21,6,競馬エイト（関東福島）,1134.02,1361,,
2025-10-21,6,競馬ブック（関東山形福島,1134.02,1361,,
2025-10-21,6,馬サブロー（１都６県宮城,1134.02,1361,,
2025-10-21,6,研究（関東山形福島）,1134.02,1361,,
2025-10-21,6,リルＨリキッドＣ,1134.02,1361,73.0,82783.0
2025-10-21,6,ネックバンドイヤホン　黒,1134.02,1361,3164.0,3588039.0
2025-10-21,6,天使のチーズケーキ,1134.02,1361,230.0,260825.0
2025-10-21,6,プレジデント,1134.02,1361,,
2025-10-21,6,ＰＯＳレジロール５０巻,1134.02,1361,,
2025-10-21,6,ペーパータオルＢＳ,1134.02,1361,,
2025-10-21,6,ＪＴオンサンデー（旧：ジ,1134.02,1361,,
2025-10-21,6,コーヒーフレッシュ,1134.02,1361,,
2025-10-21,6,ダーク豆（ＵＣＣ）,1134.02,1361,,
2025-10-21,6,ピース（２０本）,1134.02,1361,546.0,619175.0
2025-10-21,6,２５０円スポーツ,1134.02,1361,228.0,258557.0
2025-10-21,6,ワンピデッキ緑黄ヤマト,1134.02,1361,500.0,567010.0
2025-10-21,6,ワンピデッキ紫黒ルフィ,1134.02,1361,500.0,567010.0
2025-10-21,6,婦人クルーＳ黒,1134.02,1361,390.0,442268.0
2025-10-21,6,ワンピデッキ　バギー,1134.02,1361,500.0,567010.0
2025-10-21,6,ハミガキハブラシセット,1134.02,1361,448.0,508041.0
2025-10-21,6,ＬストライクＢ,1134.02,1361,564.0,639587.0
2025-10-21,6,備蓄米１Ｋｇ,1134.02,1361,,
2025-10-21,6,ｉｎバー　ベイクドビター,1134.02,1361,170.0,192783.0
2025-10-21,6,２ＷＡＹマーカーピンク,1134.02,1361,180.0,204124.0
2025-10-21,6,ガムシロップ,1134.02,1361,,
2025-10-21,6,備蓄米　１ｋｇ,1134.02,1361,360.0,408247.0
2025-10-21,6,堅ぶつ旨塩,1134.02,1361,128.0,145155.0
2025-10-21,6,◎人気のミックスナッツ,1134.02,1361,360.0,408247.0
2025-10-21,6,うるおいさらっとジェル,1134.02,1361,248.0,281237.0
2025-10-21,6,ワンピデッキジュエリー,1134.02,1361,500.0,567010.0
2025-10-21,6,Ｃボス　フルーツエード,1134.02,1361,143.0,162165.0
2025-10-21,6,紅茶花伝　ミルクティー,1134.02,1361,155.0,175773.0
2025-10-21,6,週刊　プレイボーイ,1134.02,1361,591.0,670206.0
2025-10-21,6,今治ＴＨ２５春の色白,1134.02,1361,600.0,680412.0
2025-10-21,6,週　刊　大　衆,1134.02,1361,437.0,495567.0
2025-10-21,6,サクレグミレモン＆梨,1134.02,1361,208.0,235876.0
2025-10-21,6,つぶ塩梅,1134.02,1361,158.0,179175.0
2025-10-21,6,パーラメント１００ＢＯＸ,1134.02,1361,564.0,639587.0
2025-10-21,6,あの夏のラムネグミ,1134.02,1361,167.0,189381.0
2025-10-21,6,濃厚カスタードシュー,1134.02,1361,156.0,176907.0
2025-10-21,6,オレンジパンチ３５０,1134.02,1361,161.0,182577.0
2025-10-21,6,全粒粉サラダチキンたまご,1134.02,1361,369.0,418453.0
2025-10-21,6,パリジャン３種ミート,1134.02,1361,348.0,394639.0
2025-10-21,6,センテＩブラック１０Ｐ,1134.02,1361,4819.0,5464842.0
2025-10-21,6,炭火焼うなぎおむすび,1134.02,1361,369.0,418453.0
2025-10-21,6,海鮮サラダおむすび,1134.02,1361,147.0,166701.0
2025-10-21,6,おろしタツタ弁当（わかめ,1134.02,1361,598.0,678144.0
2025-10-21,6,ビーフハンバーグのロコモ,1134.02,1361,647.0,733711.0
2025-10-21,6,ＳＰＡＭ　玉子焼き,1134.02,1361,313.0,354948.0
2025-10-21,6,週刊　東洋経済,1134.02,1361,864.0,979793.0
2025-10-21,6,エ　コ　ノ　ミ　ス　ト,1134.02,1361,,
2025-10-21,6,テリアリッチＲ１０Ｐ,1134.02,1361,5273.0,5979687.0
2025-10-21,6,ＹＯＵＮＧ　ＫＩＮＧ（ヤ,1134.02,1361,464.0,526185.0
2025-10-21,6,野菜生活巨峰,1134.02,1361,118.0,133814.0
2025-10-21,6,ブーストバイツ,1134.02,1361,240.0,272165.0
2025-10-21,6,専炭治郎の抹茶クリームロ,1134.02,1361,158.0,179175.0
2025-10-21,6,銀鮭と煮物の幕の内弁当,1134.02,1361,555.0,629381.0
2025-10-21,6,鬼滅の刃フルーツオレ,1134.02,1361,249.0,282371.0
2025-10-21,6,アサイーボウルドリンク,1134.02,1361,249.0,282371.0
2025-10-21,6,◎生スコーン６個入（チー,1134.02,1361,172.0,195051.0
2025-10-21,6,サンド寿司　サーモン,1134.02,1361,334.0,378763.0
2025-10-21,6,Ｆ伊之助のほわほわ大福,1134.02,1361,125.0,141752.0
2025-10-21,6,Ｆ水柱の水まんじゅう（ラ,1134.02,1361,149.0,168969.0
2025-10-21,6,◎マラサダ（マカダミアチ,1134.02,1361,147.0,166701.0
2025-10-21,6,専胡蝶しのぶの藤色メロン,1134.02,1361,165.0,187113.0
2025-10-21,6,◎Ｆボス　ラテ　４５０,1134.02,1361,139.0,157629.0
2025-10-21,6,新Ｅプリンター用インク青,1134.02,1361,,
2025-10-21,6,◎レモネードソーダ,1134.02,1361,186.0,210928.0
2025-10-21,6,翠ジンソーダ３５０,1134.02,1361,194.0,220000.0
2025-10-21,6,ＳＰＡ！（スパ！）,1134.02,1361,573.0,649793.0
2025-10-21,6,半熟たまご大盛冷しうどん,1134.02,1361,554.0,628247.0
2025-10-21,6,ライオンカフェオレ,1134.02,1361,208.0,235876.0
2025-10-21,6,台湾風まぜそば,1134.02,1361,599.0,679278.0
2025-10-21,6,週刊女性自身,1134.02,1361,500.0,567010.0
2025-10-21,6,週刊ゴルフダイジェスト,1134.02,1361,573.0,649793.0
2025-10-21,6,クア・アイナテリチキン,1134.02,1361,369.0,418453.0
2025-10-21,6,フライドサイミン,1134.02,1361,,
2025-10-21,6,週刊アサヒ芸能,1134.02,1361,564.0,639587.0
2025-10-21,6,マカダミアパンケーキ,1134.02,1361,323.0,366288.0
2025-10-21,6,ＦＬＡＳＨ　（フラッシュ,1134.02,1361,664.0,752989.0
2025-10-21,6,ミンティアグレープ,1134.02,1361,105.0,119072.0
2025-10-21,6,健康のど飴冷やし飴小袋,1134.02,1361,138.0,156495.0
2025-10-21,6,コアラのマーチいちご,1134.02,1361,164.0,185979.0
2025-10-21,6,◎ハムエッグデニッシュ２,1134.02,1361,135.0,153093.0
2025-10-21,6,週　刊　女　性,1134.02,1361,,
2025-10-21,6,透明プリン？マンゴー？,1134.02,1361,194.0,220000.0
2025-10-21,6,青ねぎと蒸し鶏のパスタ,1134.02,1361,462.0,523917.0
2025-10-21,6,２０品目のサラダ,1134.02,1361,276.0,312990.0
2025-10-21,6,ベロＭＰミントＸインテン,1134.02,1361,310.0,351546.0
2025-10-21,6,◎りんごカスタードデニ４,1134.02,1361,167.0,189381.0
2025-10-21,6,◎ハムチーズクロワッサン,1134.02,1361,135.0,153093.0
2025-10-21,6,紳士ショートＳ黒,1134.02,1361,390.0,442268.0
2025-10-21,6,ラインＳ２５夏の色白大,1134.02,1361,390.0,442268.0
2025-10-21,6,カルピスＰマンゴーピーチ,1134.02,1361,170.0,192783.0
2025-10-21,6,ブリーフ団イカ墨まぜそば,1134.02,1361,369.0,418453.0
2025-10-21,6,江頭　激辛豚骨ラーメン,1134.02,1361,369.0,418453.0
2025-10-21,6,ラークウルトラ１・１００,1134.02,1361,491.0,556804.0
2025-10-21,6,◎ひとくち濃厚梅だれせん,1134.02,1361,139.0,157629.0
2025-10-21,6,ミニチーズおかきガーリッ,1134.02,1361,150.0,170103.0
2025-10-21,6,◎瀬戸内レモンのドーナツ,1134.02,1361,139.0,157629.0
2025-10-21,6,キリン晴れ風３５０,1134.02,1361,216.0,244948.0
2025-10-21,6,Ｇファイトシャープ芯ＨＢ,1134.02,1361,200.0,226804.0
2025-10-21,6,最強王図鑑激闘バトルグミ,1134.02,1361,193.0,218866.0
2025-10-21,6,すっぱいぶどうグミ,1134.02,1361,100.0,113402.0
2025-10-21,6,レインコートＭ,1134.02,1361,687.0,779072.0
2025-10-21,6,オイコス　レモン＆ハニー,1134.02,1361,179.0,202990.0
2025-10-21,6,４５Ｌ半透明ゴミ袋,1134.02,1361,,
2025-10-21,6,レジ従業員金庫引継ノート,1134.02,1361,,
2025-10-21,6,◎生コッペパン（ハムカツ,1134.02,1361,167.0,189381.0
2025-10-21,6,振って塩こんぶキャベツ,1134.02,1361,221.0,250618.0
2025-10-21,6,センティアＦエメラルド,1134.02,1361,482.0,546598.0
2025-10-21,6,サンカット　ＵＶスプレー,1134.02,1361,798.0,904948.0
2025-10-21,6,抹茶シベリア３個入,1134.02,1361,230.0,260825.0
2025-10-21,6,ライト豆（ＵＣＣ）,1134.02,1361,,
2025-10-21,6,ターザン,1134.02,1361,728.0,825567.0
2025-10-21,6,ジャージー牛乳プリン,1134.02,1361,178.0,201856.0
2025-10-21,6,ＡｐｐｌｅＧＣ＿５千,1134.02,1361,5000.0,5670100.0
2025-10-21,6,ベロスピッフィーＳミント,1134.02,1361,291.0,330000.0
2025-10-21,6,センテＣシルバー１０Ｐ,1134.02,1361,4819.0,5464842.0
2025-10-21,6,電卓　１２桁,1134.02,1361,1280.0,1451546.0
2025-10-21,6,ライトニングイヤホン変換,1134.02,1361,1982.0,2247628.0
2025-10-21,6,ＦＲＩＤＡＹ（フライデー,1134.02,1361,710.0,805154.0
2025-10-21,6,オレンジページ,1134.02,1361,544.0,616907.0
2025-10-21,6,ミルクソースのシフォン,1134.02,1361,369.0,418453.0
2025-10-21,6,ネオチルドＭハイパー用,1134.02,1361,455.0,515979.0
2025-10-21,6,カーセンサー東日本版,1134.02,1361,,
2025-10-21,6,Ｗｅｄｇｅ（ウェッジ）,1134.02,1361,,
2025-10-21,6,週　刊　ポ　ス　ト,1134.02,1361,519.0,588556.0
2025-10-21,6,ＵＳＢーＣ用イヤホン黒,1134.02,1361,2164.0,2454019.0
2025-10-21,6,Ｎｅｗｔｏｎ（ニュートン,1134.02,1361,1082.0,1227010.0
2025-10-21,6,パリパリ麺サラダ,1134.02,1361,369.0,418453.0
2025-10-21,6,カーセンサー首都圏版,1134.02,1361,,
2025-10-21,6,新Ｅプリンター用インク赤,1134.02,1361,,
2025-10-21,6,新Ｅプリンター用インク黒,1134.02,1361,,
2025-10-21,6,ネオＢマスカット,1134.02,1361,455.0,515979.0
2025-10-21,6,ＩＱＯＳｉＯＢブルー,1134.02,1361,3619.0,4104018.0
2025-10-21,6,クール・ＢＯＸ,1134.02,1361,528.0,598763.0
2025-10-21,6,アルカリ水クリーナ－詰替,1134.02,1361,,
2025-10-21,6,やまがた県民手帳ブラック,1134.02,1361,500.0,567010.0
2025-10-21,6,ごまだれ冷し中華,1134.02,1361,554.0,628247.0
2025-10-21,6,Ｓスター７Ｂ,1134.02,1361,546.0,619175.0
2025-10-21,6,綾鷹　濃い緑茶　６５０,1134.02,1361,158.0,179175.0
2025-10-21,6,ＵＳＢ－Ｃ電池充電器,1134.02,1361,1710.0,1939174.0
2025-10-21,6,氷結無糖スモモ３５０,1134.02,1361,168.0,190515.0
2025-10-21,6,ゼロシュガーフリーチョコ,1134.02,1361,220.0,249484.0
2025-10-21,6,トッポ,1134.02,1361,209.0,237010.0
2025-10-21,6,コーヒーリッド黒Ｓ,1134.02,1361,,
2025-10-21,6,カフェカップＭ,1134.02,1361,,
2025-10-21,6,◎フルーツミックス５００,1134.02,1361,112.0,127010.0
2025-10-21,6,◎南高梅うす塩個食,1134.02,1361,131.0,148557.0
2025-10-21,6,◎南高梅はちみつ入個食,1134.02,1361,131.0,148557.0
2025-10-21,6,◎生コッペパン（厚ぎりと,1134.02,1361,230.0,260825.0
2025-10-21,6,綾鷹　６５０,1134.02,1361,158.0,179175.0
2025-10-21,6,サントリー天然水　５５０,1134.02,1361,118.0,133814.0
2025-10-21,6,烏龍茶　６００,1134.02,1361,158.0,179175.0
2025-10-21,6,鮭わかめおむすび,1134.02,1361,139.0,157629.0
2025-10-21,6,つぶグミＰ濃厚マンゴー,1134.02,1361,198.0,224536.0
2025-10-21,6,ケント・６・１００ＢＯＸ,1134.02,1361,473.0,536391.0
2025-10-21,6,４Ｄグミ旅路のマジックア,1134.02,1361,221.0,250618.0
2025-10-21,6,モチド富良野メロン味,1134.02,1361,171.0,193917.0
2025-10-21,6,三ツ矢　ひんやり和梨,1134.02,1361,160.0,181443.0
2025-10-21,6,備蓄米　２Ｋｇ,1134.02,1361,,
2025-10-21,6,◎生コッペパン（チョコバ,1134.02,1361,135.0,153093.0
2025-10-21,6,ビスコ発酵バター,1134.02,1361,156.0,176907.0
2025-10-21,6,銀座ライオンビヤ３５０,1134.02,1361,216.0,244948.0
2025-10-21,6,◎プリンみたいなパン,1134.02,1361,119.0,134948.0
2025-10-21,6,善逸たまごＢＯＸＤ２,1134.02,1361,425.0,481958.0
2025-10-21,6,炭治郎＆義勇おむ２,1134.02,1361,369.0,418453.0
2025-10-21,6,はみでたチキンカツバーガ,1134.02,1361,369.0,418453.0
2025-10-21,6,国チキンとゴーダとたまご,1134.02,1361,443.0,502371.0
2025-10-21,6,海苔監修　手巻たまごかけ,1134.02,1361,185.0,209794.0
2025-10-21,6,手巻ベーコン＆コーンマヨ,1134.02,1361,184.0,208660.0
2025-10-21,6,◎桃大福,1134.02,1361,147.0,166701.0
2025-10-21,6,まるで鶏皮のようなＰＣ,1134.02,1361,176.0,199588.0
2025-10-21,6,Ｌｉｐｔｏｎチャームグミ,1134.02,1361,350.0,396907.0
2025-10-21,6,◎サーターアンダギー６個,1134.02,1361,165.0,187113.0
2025-10-21,6,週　刊　現　代,1134.02,1361,546.0,619175.0
2025-10-21,6,７０Ｌ半透明ゴミ袋,1134.02,1361,,
2025-10-21,6,スウェディッシュキャンデ,1134.02,1361,498.0,564742.0
2025-10-21,6,一粒梅おむすび,1134.02,1361,241.0,273299.0
2025-10-21,6,大粒ラムネ強炭酸シュワコ,1134.02,1361,133.0,150825.0
2025-10-21,6,きりっと果実　ピンクＧＦ,1134.02,1361,159.0,180309.0
2025-10-21,6,サラダラップチキンサルサ,1134.02,1361,348.0,394639.0
2025-10-21,6,新旧両用）ペーパフィルタ,1134.02,1361,,
2025-10-21,6,くりーむパン　カスタード,1134.02,1361,260.0,294845.0
2025-10-21,6,◎桃パウンドケーキ,1134.02,1361,165.0,187113.0
2025-10-21,6,めっちゃふくらむフーセン,1134.02,1361,158.0,179175.0
2025-10-21,6,しゃりｉｎグミソーダ味,1134.02,1361,168.0,190515.0
2025-10-21,6,すだち明太クリームうどん,1134.02,1361,462.0,523917.0
2025-10-21,6,岩下の新生姜いなり寿司,1134.02,1361,185.0,209794.0
2025-10-21,6,◎のむヨーグルトメロン,1134.02,1361,195.0,221134.0
2025-10-21,6,レモンチーズケーキ,1134.02,1361,156.0,176907.0
2025-10-21,6,バター醤油パスタ,1134.02,1361,426.0,483093.0
2025-10-21,6,りんごの目覚め,1134.02,1361,276.0,312990.0
2025-10-21,6,ミンティア宮崎日向夏,1134.02,1361,105.0,119072.0
2025-10-21,6,生ラムネ玉,1134.02,1361,152.0,172371.0
2025-10-21,6,タリーズ　無糖ラテ,1134.02,1361,170.0,192783.0
2025-10-21,6,名札バッジ　２個入,1134.02,1361,,
2025-10-21,6,フエラムネサイダー第２弾,1134.02,1361,138.0,156495.0
2025-10-21,6,たべっ子水族館ソルティ,1134.02,1361,170.0,192783.0
2025-10-21,6,マーブルパウチ,1134.02,1361,215.0,243814.0
2025-10-21,6,ドリトス激辛ナチョチーズ,1134.02,1361,180.0,204124.0
2025-10-21,6,ピンクグレープフルーツア,1134.02,1361,186.0,210928.0
2025-10-21,6,野菜生活ベリーサラダ,1134.02,1361,113.0,128144.0
2025-10-21,6,フルーツこれ１本ビタミン,1134.02,1361,150.0,170103.0
2025-10-21,6,Ｙｏｕｎｇ　ｃｈａｍｐｉ,1134.02,1361,410.0,464948.0
2025-10-21,6,ゆず塩ラーメンサラダ,1134.02,1361,389.0,441134.0
2025-10-21,6,◎お好み焼＆塩焼そば,1134.02,1361,,
2025-10-21,6,牛スープの旨み盛岡風冷麺,1134.02,1361,536.0,607835.0
2025-10-21,6,冷し鶏天タルタルうどん,1134.02,1361,599.0,679278.0
2025-10-21,6,オレンジ,1134.02,1361,315.0,357216.0
2025-10-21,6,グレープフルーツ,1134.02,1361,276.0,312990.0
2025-10-21,6,ラインＳＣ白１９－２２,1134.02,1361,390.0,442268.0
2025-10-21,6,備蓄米　２ｋｇ,1134.02,1361,700.0,793814.0
2025-10-21,6,◎オクラわかめとろり豆腐,1134.02,1361,258.0,292577.0
2025-10-21,6,コロネクッキー,1134.02,1361,71.0,80515.0
2025-10-21,6,フルーツサラダヨーグルト,1134.02,1361,230.0,260825.0
2025-10-21,6,野菜生活１００オリジナル,1134.02,1361,113.0,128144.0
2025-10-21,6,クラッシュ蒟蒻畑りんご味,1134.02,1361,183.0,207526.0
2025-10-21,6,ビスコ,1134.02,1361,156.0,176907.0
2025-10-21,6,サラダチキンロール,1134.02,1361,399.0,452474.0
2025-10-21,6,グローＨプロサクラＥＤ,1134.02,1361,3619.0,4104018.0
2025-10-21,6,ザ・クレープチョコバナナ,1134.02,1361,249.0,282371.0
2025-10-21,6,こだわりカレー,1134.02,1361,367.0,416185.0
2025-10-21,6,コーヒーゼリーパフェ,1134.02,1361,313.0,354948.0
2025-10-21,6,チョコラＳＰ　グレフル＆,1134.02,1361,149.0,168969.0
2025-10-21,6,キレート　ＭＵＫＵＭＩ,1134.02,1361,158.0,179175.0
2025-10-21,6,ワンピカードＢＥＳＴ２,1134.02,1361,500.0,567010.0
2025-10-21,6,アスティーグ黒　Ｌ,1134.02,1361,600.0,680412.0
2025-10-21,6,慶弔サインペン（筆文字）,1134.02,1361,250.0,283505.0
2025-10-21,6,モンスターエナジー,1134.02,1361,213.0,241546.0
2025-10-21,6,ヒヤロン,1134.02,1361,180.0,204124.0
2025-10-21,6,ラインＳ２５夏の色白小,1134.02,1361,390.0,442268.0
2025-10-21,6,冷し鶏ねぎそば,1134.02,1361,599.0,679278.0
2025-10-21,6,０．０１ゼロワン,1134.02,1361,900.0,1020618.0
2025-10-21,6,イープラス　発券,1134.02,1361,165.0,187113.0
2025-10-21,6,ダブルフロマージュ　２個,1134.02,1361,426.0,483093.0
2025-10-21,6,ＵＳＢ－Ｃ１．２ｍ,1134.02,1361,1255.0,1423195.0
2025-10-21,6,サンドおむすび　豚焼肉,1134.02,1361,323.0,366288.0
2025-10-21,6,ハイチュウＰメロン,1134.02,1361,152.0,172371.0
2025-10-21,6,マッチビタミンみかん,1134.02,1361,150.0,170103.0
2025-10-21,6,◎ハムチーズエッグマフィ,1134.02,1361,156.0,176907.0
2025-10-21,6,直巻　炙り焼　牛タン,1134.02,1361,199.0,225670.0
2025-10-21,6,具だくさん炙り焼鶏つくね,1134.02,1361,213.0,241546.0
2025-10-21,6,コミック乱,1134.02,1361,546.0,619175.0
2025-10-21,6,カニカママカロニサラダ,1134.02,1361,239.0,271031.0
2025-10-21,6,じゅるるマンゴー,1134.02,1361,221.0,250618.0
2025-10-21,6,コク旨たまごサンド,1134.02,1361,276.0,312990.0
2025-10-21,6,むっち実グミオレンジ味,1134.02,1361,198.0,224536.0
2025-10-21,6,たまご海老ブロコリサンド,1134.02,1361,348.0,394639.0
2025-10-21,6,カンデミーナ電撃マスカッ,1134.02,1361,200.0,226804.0
2025-10-21,6,◎ホットサンド（ハム＆チ,1134.02,1361,158.0,179175.0
2025-10-21,6,ウィルキンソンＥＸグレプ,1134.02,1361,117.0,132680.0
2025-10-21,6,生茶ほうじ煎茶,1134.02,1361,158.0,179175.0
2025-10-21,6,サーモン寿司,1134.02,1361,237.0,268763.0
2025-10-21,6,フレンチクルーラーミルク,1134.02,1361,193.0,218866.0
2025-10-21,6,ちいかわステッカーグミ,1134.02,1361,180.0,204124.0
2025-10-21,6,激モロコシフライドアラレ,1134.02,1361,158.0,179175.0
2025-10-21,6,んぽちゃむグミ,1134.02,1361,180.0,204124.0
2025-10-21,6,じゃがりこ肉じゃがｂｉｔ,1134.02,1361,129.0,146289.0
2025-10-21,6,１９６レモン３５０,1134.02,1361,161.0,182577.0
2025-10-21,6,ねるねるねるねドリンク,1134.02,1361,276.0,312990.0
2025-10-21,6,ポケカ拡張ナイトワンダ,1134.02,1361,164.0,185979.0
2025-10-21,6,ホームパイチビムーホ,1134.02,1361,140.0,158763.0
2025-10-21,6,野菜生活Ｓベリー＆ざくろ,1134.02,1361,178.0,201856.0
2025-10-21,6,テリヤキチキンとたまご,1134.02,1361,332.0,376495.0
2025-10-21,6,スーパー大麦安曇野わさび,1134.02,1361,181.0,205258.0
2025-10-21,6,◎つぶつぶいちご蒸しＣ,1134.02,1361,135.0,153093.0
2025-10-21,6,鶏そぼろ野沢菜醤油パスタ,1134.02,1361,369.0,418453.0
2025-10-21,6,ヨーグレットグミブルーベ,1134.02,1361,140.0,158763.0
2025-10-21,6,冷し明太クリームうどん,1134.02,1361,445.0,504639.0
2025-10-21,6,◎ツイストサンド（カスタ,1134.02,1361,128.0,145155.0
2025-10-21,6,野菜食べよう冷しタンメン,1134.02,1361,554.0,628247.0
2025-10-21,6,ポケぷにソーダ,1134.02,1361,218.0,247216.0
2025-10-21,6,チョコチャンクスコーン,1134.02,1361,119.0,134948.0
2025-10-21,6,窯出しとろけるプリン,1134.02,1361,195.0,221134.0
2025-10-21,6,香ばし炒めの玉子炒飯,1134.02,1361,341.0,386701.0
2025-10-21,6,ＢＳおつまみ焼そば味スパ,1134.02,1361,136.0,154227.0
2025-10-21,6,ナイキ　ラバーグローブＬ,1134.02,1361,498.0,564742.0
2025-10-21,6,冷し担担麺,1134.02,1361,462.0,523917.0
2025-10-21,6,はちみつとりんごのケーキ,1134.02,1361,276.0,312990.0
2025-10-21,6,センテＦグリーン１０Ｐ,1134.02,1361,4819.0,5464842.0
2025-10-21,6,３種チーズのミートソース,1134.02,1361,599.0,679278.0
2025-10-21,6,ピュレフルーツりんご,1134.02,1361,268.0,303917.0
2025-10-21,6,巨峰大福（白こしあん）,1134.02,1361,188.0,213196.0
2025-10-21,6,すッパイチュウレモン味,1134.02,1361,127.0,144021.0
2025-10-21,6,てんこ盛弁当,1134.02,1361,598.0,678144.0
2025-10-21,6,ナイキ　ラバーグローブＭ,1134.02,1361,498.0,564742.0
2025-10-21,6,厚切りポテトペッパー,1134.02,1361,142.0,161031.0
2025-10-21,6,ハイチュウ人気ミックス,1134.02,1361,127.0,144021.0
2025-10-21,6,コロコロハイチュウ,1134.02,1361,127.0,144021.0
2025-10-21,6,黒わらび餅,1134.02,1361,178.0,201856.0
2025-10-21,6,メガシャキ,1134.02,1361,239.0,271031.0
2025-10-21,6,ポケカ拡張メガシンフォ,1134.02,1361,164.0,185979.0
2025-10-21,6,ポケカ拡張メガブレイブ,1134.02,1361,164.0,185979.0
2025-10-21,6,イープラス　入金,1134.02,1361,16455.0,18660299.0
2025-10-21,6,夏のミルクシュー,1134.02,1361,138.0,156495.0
2025-10-21,6,ふわしゅわスフレレモン,1134.02,1361,249.0,282371.0
2025-10-21,6,ラッキーＳベリーＳ,1134.02,1361,391.0,443402.0
2025-10-21,6,グローＨプロオニキスＰ,1134.02,1361,3619.0,4104018.0
2025-10-21,6,エボＴバナナＣＰＬＭ,1134.02,1361,500.0,567010.0
2025-10-21,6,エボＴベリーＣＰＬＭ,1134.02,1361,500.0,567010.0
2025-10-21,6,マウススプレークールＭ,1134.02,1361,251.0,284639.0
2025-10-21,6,おーいお茶緑茶　６００,1134.02,1361,158.0,179175.0
2025-10-21,6,◎のむヨーグルトパイン,1134.02,1361,158.0,179175.0
2025-10-21,6,ルーローハン風パスタサラ,1134.02,1361,417.0,472886.0
2025-10-21,6,１９６白桃３５０,1134.02,1361,161.0,182577.0
2025-10-21,6,履歴書用紙,1134.02,1361,309.0,350412.0
2025-10-21,6,メガライフガード　７００,1134.02,1361,150.0,170103.0
2025-10-21,6,１９６マスカット３５０,1134.02,1361,161.0,182577.0
2025-10-21,6,ケントＮＳダークＦ,1134.02,1361,500.0,567010.0
2025-10-21,6,ワンピデッキ　ティーチ,1134.02,1361,500.0,567010.0
2025-10-21,6,ソフト携帯吸殻入れ,1134.02,1361,273.0,309587.0
2025-10-21,6,リチウム５０００ｍＡｈ,1134.02,1361,2982.0,3381648.0
2025-10-21,6,ユニアリ　ワンパンマン,1134.02,1361,350.0,396907.0
2025-10-21,6,多当祝　御祝,1134.02,1361,87.0,98660.0
2025-10-21,6,碧Ａｏ海薫るＨＢ３５０,1134.02,1361,350.0,396907.0
2025-10-21,6,ポケピファンピカチュウ,1134.02,1361,3164.0,3588039.0
2025-10-21,6,タフグミビッグバンピーチ,1134.02,1361,238.0,269897.0
2025-10-21,6,もちっとガブリマスカット,1134.02,1361,143.0,162165.0
2025-10-21,6,ＭＶＰＧレギュウィズ６Ｐ,1134.02,1361,3273.0,3711647.0
2025-10-21,6,テリアＯパール１０Ｐ,1134.02,1361,5273.0,5979687.0
2025-10-21,6,ふんわりたまごのオムライ,1134.02,1361,276.0,312990.0
2025-10-21,6,韓国風海苔佃煮おむすび,1134.02,1361,147.0,166701.0
2025-10-21,6,ラークスーパー５,1134.02,1361,491.0,556804.0
2025-10-21,6,青しそ高菜おむすび,1134.02,1361,139.0,157629.0
2025-10-21,6,ツメキリ　Ｓ,1134.02,1361,480.0,544330.0
2025-10-21,6,ビタミン野菜,1134.02,1361,113.0,128144.0
2025-10-21,6,ポケぷにフルーツ,1134.02,1361,218.0,247216.0
2025-10-21,6,◎ジューシーソーセージパ,1134.02,1361,135.0,153093.0
2025-10-21,6,炙り豚焼肉マヨネーズ,1134.02,1361,276.0,312990.0
2025-10-21,6,おーいお茶濃い茶６００,1134.02,1361,158.0,179175.0
2025-10-21,6,細ーいじゃがビーサワクリ,1134.02,1361,164.0,185979.0
2025-10-21,6,テリアＢルビーＭ１０Ｐ,1134.02,1361,5273.0,5979687.0
2025-10-21,6,Ｃ１０００コラーゲン＆,1134.02,1361,147.0,166701.0
2025-10-21,6,カニカマの寿司,1134.02,1361,174.0,197319.0
2025-10-21,6,いかめしおむすび,1134.02,1361,258.0,292577.0
2025-10-21,6,モッチュ白桃味,1134.02,1361,148.0,167835.0
2025-10-21,6,テリアミント１０Ｐ,1134.02,1361,5273.0,5979687.0
2025-10-21,6,◎増量うす焼せんべい,1134.02,1361,147.0,166701.0
2025-10-21,6,ポテロング,1134.02,1361,162.0,183711.0
2025-10-21,6,カルピス　リンゴ＆洋梨,1134.02,1361,160.0,181443.0
2025-10-21,6,ごろごろゆでたまごサンド,1134.02,1361,369.0,418453.0
2025-10-21,6,◎ふんわりもっちパン（チ,1134.02,1361,128.0,145155.0
2025-10-21,6,ミンティアＢブラック,1134.02,1361,211.0,239278.0
2025-10-21,6,増量チキンパスタサラダ,1134.02,1361,369.0,418453.0
2025-10-21,6,島星シトラスエール３５０,1134.02,1361,306.0,347010.0
2025-10-21,6,アーモンド効果プロテイン,1134.02,1361,198.0,224536.0
2025-10-21,6,小枝チョコクッキーサンド,1134.02,1361,239.0,271031.0
2025-10-21,6,冷たい生パスタツナトマト,1134.02,1361,499.0,565876.0
2025-10-21,6,◎レアチーズデニッシュ,1134.02,1361,147.0,166701.0
2025-10-21,6,にゃんともチーズ塩バニラ,1134.02,1361,230.0,260825.0
2025-10-21,6,ザクザクやみつきクランキ,1134.02,1361,198.0,224536.0
2025-10-21,6,増量ロースかつカレー,1134.02,1361,555.0,629381.0
2025-10-21,6,＊Ｆハイキューまんじゅう,1134.02,1361,172.0,195051.0
2025-10-21,6,ペタグーソーダ,1134.02,1361,150.0,170103.0
2025-10-21,6,超急速２ｉｎ１Ｃ＆Ｌ１ｍ,1134.02,1361,2346.0,2660411.0
2025-10-21,6,トマトジュースプレミアム,1134.02,1361,148.0,167835.0
2025-10-21,6,玉子焼＆ハムサンド,1134.02,1361,323.0,366288.0
2025-10-21,6,２種チーズとハムサンド,1134.02,1361,323.0,366288.0
2025-10-21,6,かぶり寿司　甘辛そぼろマ,1134.02,1361,283.0,320928.0
2025-10-21,6,◎増量チョコビスケット,1134.02,1361,139.0,157629.0
2025-10-21,6,マーブル,1134.02,1361,184.0,208660.0
2025-10-21,6,ラーク・１００・ＢＯＸ,1134.02,1361,491.0,556804.0
2025-10-21,6,１９６無糖冷凍みかん３５,1134.02,1361,161.0,182577.0
2025-10-21,6,メビウスワン１００Ｂ１０,1134.02,1361,5273.0,5979687.0
2025-10-21,6,◎ミニメンチカツバーガ３,1134.02,1361,195.0,221134.0
2025-10-21,6,野菜マシマシ冷し中華,1134.02,1361,647.0,733711.0
2025-10-21,6,ミンティアＢＣマイルド,1134.02,1361,210.0,238144.0
2025-10-21,6,塩おむすび,1134.02,1361,129.0,146289.0
2025-10-21,6,ミンティアＢＦピーチ,1134.02,1361,211.0,239278.0
2025-10-21,6,ミンティアＢＦレモン,1134.02,1361,211.0,239278.0
2025-10-21,6,カロリーメイトチョコ,1134.02,1361,220.0,249484.0
2025-10-21,6,カロリーメイト　バニラ,1134.02,1361,220.0,249484.0
2025-10-21,6,ゼロプロテインチョコ,1134.02,1361,198.0,224536.0
2025-10-21,6,カントリーＭマロンケーキ,1134.02,1361,180.0,204124.0
2025-10-21,6,カンロザストロングソーダ,1134.02,1361,200.0,226804.0
2025-10-21,6,◎増量大盛たこ焼き,1134.02,1361,554.0,628247.0
2025-10-21,6,フリクション３スリムＢＫ,1134.02,1361,541.0,613505.0
2025-10-21,6,パイの実,1134.02,1361,237.0,268763.0
2025-10-21,6,ゼログラノーラチョコ,1134.02,1361,198.0,224536.0
2025-10-21,6,ペタグーグレープ,1134.02,1361,150.0,170103.0
2025-10-21,6,ＩＱＯＳｉＯＤバイオレ,1134.02,1361,3619.0,4104018.0
2025-10-21,6,テリアＢトロピカルＭ,1134.02,1361,528.0,598763.0
2025-10-21,6,カレーせんオリジナルスパ,1134.02,1361,138.0,156495.0
2025-10-21,6,花椒香る　麻婆焼そばＤ２,1134.02,1361,554.0,628247.0
2025-10-21,6,ジャパンタイムズ,1134.02,1361,273.0,309587.0
2025-10-21,6,たまごっち　めじるし２,1134.02,1361,300.0,340206.0
2025-10-21,6,ワンピカード　師弟の絆,1134.02,1361,200.0,226804.0
2025-10-21,6,アポロチョコレート,1134.02,1361,184.0,208660.0
2025-10-21,6,テリアＢフューシャＭ,1134.02,1361,528.0,598763.0
2025-10-21,6,勝馬,1134.02,1361,500.0,567010.0
2025-10-21,6,おむすび２個（鮭・昆布）,1134.02,1361,313.0,354948.0
2025-10-21,6,クッキークリームクレープ,1134.02,1361,332.0,376495.0
2025-10-21,6,きのこの山のジクカール,1134.02,1361,263.0,298247.0
2025-10-21,6,アーモンド・ブリーズ微糖,1134.02,1361,128.0,145155.0
2025-10-21,6,チーズあじカカールアーモ,1134.02,1361,230.0,260825.0
2025-10-21,6,◎増量かーるいチーズスナ,1134.02,1361,128.0,145155.0
2025-10-21,6,三ツ矢サイダー５００,1134.02,1361,160.0,181443.0
2025-10-21,6,栄養強化型　１日分の野菜,1134.02,1361,131.0,148557.0
2025-10-21,6,ぶどうきゃん,1134.02,1361,128.0,145155.0
2025-10-21,6,大きなロール焼そばたまご,1134.02,1361,369.0,418453.0
2025-10-21,6,シーザーパスタサラダ,1134.02,1361,389.0,441134.0
2025-10-21,6,納豆細巻寿司（５巻増量）,1134.02,1361,389.0,441134.0
2025-10-21,6,わさび海苔　野沢菜わさび,1134.02,1361,175.0,198454.0
2025-10-21,6,さばほぐしごはん,1134.02,1361,332.0,376495.0
2025-10-21,6,ねるねるねるねゼリー,1134.02,1361,276.0,312990.0
2025-10-21,6,たまごボーロっち２,1134.02,1361,350.0,396907.0
2025-10-21,6,グミだよ。ピーチフラッペ,1134.02,1361,166.0,188247.0
2025-10-21,6,◎３種フルーツとナッツ,1134.02,1361,165.0,187113.0
2025-10-21,6,◎でっかいカレーたまごパ,1134.02,1361,139.0,157629.0
2025-10-21,6,◎チョコバナナロール,1134.02,1361,156.0,176907.0
2025-10-21,6,シゲキックスグレープ,1134.02,1361,120.0,136082.0
2025-10-21,6,天使のグミ甘熟マンゴー味,1134.02,1361,170.0,192783.0
2025-10-21,6,かむかむレモン,1134.02,1361,150.0,170103.0
2025-10-21,6,梨スムージー,1134.02,1361,193.0,218866.0
2025-10-21,6,のむアサイーボウル,1134.02,1361,188.0,213196.0
2025-10-21,6,ミルキーバニラアイス味,1134.02,1361,170.0,192783.0
2025-10-21,6,ウェルチ　マスカットＳＰ,1134.02,1361,160.0,181443.0
2025-10-21,6,ゆず鶏だしミニ塩ラーメン,1134.02,1361,399.0,452474.0
2025-10-21,6,コク旨醤油だれの油そば,1134.02,1361,499.0,565876.0
2025-10-21,6,くりーむメロンパン,1134.02,1361,276.0,312990.0
2025-10-21,6,ネバネバと大根のサラダ,1134.02,1361,297.0,336804.0
2025-10-21,6,麻辣湯,1134.02,1361,248.0,281237.0
2025-10-21,6,ポケピファンワッカネズミ,1134.02,1361,3164.0,3588039.0
2025-10-21,6,シフォンマンゴー＆ピーチ,1134.02,1361,250.0,283505.0
2025-10-21,6,ふわもち生大福　きなこ,1134.02,1361,138.0,156495.0
2025-10-21,6,生クリームパイコロネ,1134.02,1361,204.0,231340.0
2025-10-21,6,コカ・コーラゼロ５００,1134.02,1361,170.0,192783.0
2025-10-21,6,ケント１・１００Ｂ１０Ｐ,1134.02,1361,4728.0,5361647.0
2025-10-21,6,生茶６００,1134.02,1361,158.0,179175.0
2025-10-21,6,アリィージェルＵＶミニ,1134.02,1361,1346.0,1526391.0
2025-10-21,6,ｉｎゼリーＥＮ　ブドウ糖,1134.02,1361,210.0,238144.0
2025-10-21,6,その他１０口座売上,1134.02,1361,228.0,258557.0
2025-10-21,6,優馬,1134.02,1361,591.0,670206.0
2025-10-21,6,◎増量しみチョココーン,1134.02,1361,147.0,166701.0
2025-10-21,6,◎クルーラーリングドー８,1134.02,1361,184.0,208660.0
2025-10-21,6,◎クラウンメロンパン,1134.02,1361,139.0,157629.0
2025-10-21,6,◎つぶあんぱん北海道小豆,1134.02,1361,121.0,137216.0
2025-10-21,6,大きなチーズカレーパン（,1134.02,1361,184.0,208660.0
2025-10-21,6,梅づくしおむすび,1134.02,1361,172.0,195051.0
2025-10-21,6,もち麦　枝豆ゆかり,1134.02,1361,163.0,184845.0
2025-10-21,6,青磯海苔　漬けサーモン,1134.02,1361,199.0,225670.0
2025-10-21,6,三ツ矢　特濃アップル,1134.02,1361,160.0,181443.0
2025-10-21,6,ＧＰｌａｙ１０００,1134.02,1361,1000.0,1134020.0
2025-10-21,6,堅あげ極味玉ねぎ黒胡椒,1134.02,1361,196.0,222268.0
2025-10-21,6,秋味３５０,1134.02,1361,216.0,244948.0
2025-10-21,6,黒チャーハンおむすび,1134.02,1361,175.0,198454.0
2025-10-21,6,トルティーヤケバブチキン,1134.02,1361,369.0,418453.0
2025-10-21,6,ピュアポテト濃いのり塩,1134.02,1361,155.0,175773.0
2025-10-21,6,マシマシ焼もろこしせん,1134.02,1361,148.0,167835.0
2025-10-21,6,増量　天使のチーズケーキ,1134.02,1361,230.0,260825.0
2025-10-21,6,ＩＱＯＳｉＯＳモデル,1134.02,1361,3619.0,4104018.0
2025-10-21,6,ｉｎゼリートリプルＥ,1134.02,1361,210.0,238144.0
2025-10-21,6,ＳＰＡＭむすび　玉子焼き,1134.02,1361,320.0,362886.0
2025-10-21,6,蒸し鶏ラー油ネギ冷うどん,1134.02,1361,499.0,565876.0
2025-10-21,6,大きな具材ミックスサント,1134.02,1361,399.0,452474.0
2025-10-21,6,手巻寿司　梅ゆかり納豆,1134.02,1361,189.0,214330.0
2025-10-21,6,大きいバウムクーヘン,1134.02,1361,221.0,250618.0
2025-10-21,6,パリジャン　ハム＆チーズ,1134.02,1361,350.0,396907.0
2025-10-21,6,大きいフィナンシェ,1134.02,1361,221.0,250618.0
2025-10-21,6,◎メロンクリームパン４,1134.02,1361,156.0,176907.0
2025-10-21,6,サンド寿司　まぐろたたき,1134.02,1361,332.0,376495.0
2025-10-21,6,白いたべっ子おさつバター,1134.02,1361,180.0,204124.0
2025-10-21,6,大きなたまごづくしサンド,1134.02,1361,369.0,418453.0
2025-10-21,6,ウィルキンソンマスカット,1134.02,1361,138.0,156495.0
2025-10-21,6,◎北海道メロンのコロネ,1134.02,1361,135.0,153093.0
2025-10-21,6,ミニプラグ用イヤホン,1134.02,1361,1528.0,1732783.0
2025-10-21,6,マスカットのど飴小袋,1134.02,1361,138.0,156495.0
2025-10-21,6,じゃがりこＬヤンニョム,1134.02,1361,218.0,247216.0
2025-10-21,6,カレーコロッケバ－ガ－（,1134.02,1361,167.0,189381.0
2025-10-21,6,檸檬堂白ぶどうレモン３５,1134.02,1361,160.0,181443.0
2025-10-21,6,増量麻婆豆腐ごはん,1134.02,1361,462.0,523917.0
2025-10-21,6,ファミマ・ザ・ナポリタン,1134.02,1361,406.0,460412.0
2025-10-21,6,フルーチェグミイチゴ,1134.02,1361,184.0,208660.0
2025-10-21,6,ガルボチョコパウチ,1134.02,1361,270.0,306185.0
2025-10-21,6,冷たいパスタチキンバジル,1134.02,1361,499.0,565876.0
2025-10-21,6,ポケピファンポッチャマ,1134.02,1361,3164.0,3588039.0
2025-10-21,6,チキングリル弁当,1134.02,1361,555.0,629381.0
2025-10-21,6,辛口回鍋肉焼そば,1134.02,1361,536.0,607835.0
2025-10-21,6,パステルのプリンマドレー,1134.02,1361,220.0,249484.0
2025-10-21,6,ピュアポテト塩と岩塩,1134.02,1361,155.0,175773.0
2025-10-21,6,いちごミルク,1134.02,1361,269.0,305051.0
2025-10-21,6,甘辛醤油たれ唐揚弁当,1134.02,1361,555.0,629381.0
2025-10-21,6,ワンピカード意志,1134.02,1361,200.0,226804.0
2025-10-21,6,ビオレトラベルセット,1134.02,1361,620.0,703092.0
2025-10-21,6,ノンオイル青じそドレッシ,1134.02,1361,28.0,31753.0
2025-10-21,6,◎プリンみたいなパンケー,1134.02,1361,138.0,156495.0
2025-10-21,6,１９６王林３５０,1134.02,1361,161.0,182577.0
2025-10-21,6,オイコス　プレーン加糖,1134.02,1361,179.0,202990.0
2025-10-21,6,ＩＱＯＳｉＤバイオレット,1134.02,1361,6346.0,7196491.0
2025-10-21,6,柿安監修　牛すきおむすび,1134.02,1361,258.0,292577.0
2025-10-21,6,ＧＩＮＯＮレモン３５０,1134.02,1361,167.0,189381.0
2025-10-21,6,◎ラベルレス天然水安曇箱,1134.02,1361,489.0,554536.0
2025-10-21,6,一番搾り糖質ゼロ３５０,1134.02,1361,216.0,244948.0
2025-10-21,6,オニポテスナック,1134.02,1361,248.0,281237.0
2025-10-21,6,しゃりｉｎグミみかん,1134.02,1361,168.0,190515.0
2025-10-21,6,ググッタＳマスカット味,1134.02,1361,199.0,225670.0
2025-10-21,6,とろみーグミぶどう味,1134.02,1361,184.0,208660.0
2025-10-21,6,果汁グミシチリアレモン,1134.02,1361,152.0,172371.0
2025-10-21,6,◎ベーコン＆チーズデニッ,1134.02,1361,158.0,179175.0
2025-10-21,6,桃マカロン,1134.02,1361,249.0,282371.0
2025-10-21,6,梅蒸し鶏あったかそうめん,1134.02,1361,399.0,452474.0
2025-10-21,6,千里眼　ニンニクまぜそば,1134.02,1361,647.0,733711.0
2025-10-21,6,ナッツフルーツカッサータ,1134.02,1361,258.0,292577.0
2025-10-21,6,ＳＤブラックピンク３５０,1134.02,1361,216.0,244948.0
2025-10-21,6,大きな　鮭マヨと生たらこ,1134.02,1361,276.0,312990.0
2025-10-21,6,クリーミーほうじ茶ラテ,1134.02,1361,181.0,205258.0
2025-10-21,6,ハムカツサンド,1134.02,1361,297.0,336804.0
2025-10-21,6,◎たまご蒸しパン４個入,1134.02,1361,172.0,195051.0
2025-10-21,6,しゃりぷにょ梅グミ,1134.02,1361,170.0,192783.0
2025-10-21,6,もちゅグミ温州みかん味,1134.02,1361,184.0,208660.0
2025-10-21,6,むちもっちバナナグミ,1134.02,1361,180.0,204124.0
2025-10-21,6,プリン！？シュー,1134.02,1361,138.0,156495.0
2025-10-21,6,◎ジュワっとしたチーズ塩,1134.02,1361,139.0,157629.0
2025-10-21,6,たっぷりハムサンド,1134.02,1361,323.0,366288.0
2025-10-21,6,野菜生活マスカット,1134.02,1361,118.0,133814.0
2025-10-21,6,◎たっぷりマロンクリーム,1134.02,1361,147.0,166701.0
2025-10-21,6,◎生スコーン６個入（スイ,1134.02,1361,172.0,195051.0
2025-10-21,6,モンブランのサンダー,1134.02,1361,50.0,56701.0
2025-10-21,6,にじピグチップスうすしお,1134.02,1361,230.0,260825.0
2025-10-21,6,◎バウムクーヘン（４）,1134.02,1361,239.0,271031.0
2025-10-21,6,ブルーベリーサンド,1134.02,1361,195.0,221134.0
2025-10-21,6,ハガキフリー,1134.02,1361,200.0,226804.0
2025-10-21,6,ＢＩＯ　ブルーベリーミッ,1134.02,1361,168.0,190515.0
2025-10-21,6,半熟玉子冷ぶっかけうどん,1134.02,1361,399.0,452474.0
2025-10-21,6,ヴイックスのど飴シトラス,1134.02,1361,238.0,269897.0
2025-10-21,6,多当　　御見舞,1134.02,1361,87.0,98660.0
2025-10-21,6,しゃり蔵ザクザクッラー油,1134.02,1361,120.0,136082.0
2025-10-21,6,赤肉メロンミルク,1134.02,1361,267.0,302783.0
2025-10-21,6,完熟トマトベーコンパスタ,1134.02,1361,536.0,607835.0
2025-10-21,6,ＰＧスイートチリＳ缶,1134.02,1361,168.0,190515.0
2025-10-21,6,唐揚巻（マヨネーズ付）,1134.02,1361,462.0,523917.0
2025-10-21,6,クリーム＆コーヒーゼリー,1134.02,1361,135.0,153093.0
2025-10-21,6,ＵＳＢ－Ｃ電池式６本,1134.02,1361,1800.0,2041236.0
2025-10-21,6,甜面醤の旨ジャージャー麺,1134.02,1361,499.0,565876.0
2025-10-21,6,パリジャンサンドチキンべ,1134.02,1361,350.0,396907.0
2025-10-21,6,ケントＮＳスムースＦ,1134.02,1361,500.0,567010.0
2025-10-21,6,スパイシーチキン野菜サラ,1134.02,1361,554.0,628247.0
2025-10-21,6,充電器５０００ｍＡｈ,1134.02,1361,2982.0,3381648.0
2025-10-21,6,キャラパキ発掘恐竜,1134.02,1361,110.0,124742.0
2025-10-21,6,食べマスおぱんちゅうさぎ,1134.02,1361,350.0,396907.0
2025-10-21,6,海老マヨネーズおむすび,1134.02,1361,239.0,271031.0
2025-10-21,6,さけるグミハロウィン,1134.02,1361,120.0,136082.0
2025-10-21,6,◎シャルドネ香るティー,1134.02,1361,110.0,124742.0
2025-10-21,6,スニッカーズハーフＳアー,1134.02,1361,158.0,179175.0
2025-10-21,6,大きな　肉そぼろ卵黄ソー,1134.02,1361,297.0,336804.0
2025-10-21,6,ヱビス和奏３５０,1134.02,1361,272.0,308453.0
2025-10-21,6,タフグミＰＲＯローヤル,1134.02,1361,359.0,407113.0
2025-10-21,6,ヴァルトメンソールＣＬ,1134.02,1361,528.0,598763.0
2025-10-21,6,グロー・ヒーロ・ルビー,1134.02,1361,3619.0,4104018.0
2025-10-21,6,◎サクサク食感のミニチ５,1134.02,1361,184.0,208660.0
2025-10-21,6,ＧＯＤＩＶＡドリンク,1134.02,1361,397.0,450206.0
2025-10-21,6,伝説のケバブ風味ポテトＣ,1134.02,1361,193.0,218866.0
2025-10-21,6,北海道なまらでっかいシュ,1134.02,1361,315.0,357216.0
2025-10-21,6,クラッシュ蒟蒻畑みかん味,1134.02,1361,183.0,207526.0
2025-10-21,6,ＦＭオリジナル安食ロール,1134.02,1361,369.0,418453.0
2025-10-21,6,レッツハロウィンつぶグミ,1134.02,1361,158.0,179175.0
2025-10-21,6,◎ピリ辛明太フランス（か,1134.02,1361,135.0,153093.0
2025-10-21,6,◎和風ツナパン,1134.02,1361,135.0,153093.0
2025-10-21,6,ハラペーニョチキンチェダ,1134.02,1361,443.0,502371.0
2025-10-21,6,全粒粉サラダチキンとハム,1134.02,1361,369.0,418453.0
2025-10-21,6,◎ピスタチオいちごケーキ,1134.02,1361,230.0,260825.0
2025-10-21,6,焼ベーコン寿司,1134.02,1361,230.0,260825.0
2025-10-21,6,ちいかわ黒猫ミニバッグ,1134.02,1361,1000.0,1134020.0
2025-10-21,6,ごろっと白桃ケーキ,1134.02,1361,297.0,336804.0
2025-10-21,6,さくふわきなこもちぼーる,1134.02,1361,150.0,170103.0
2025-10-21,6,◎白生コッペパン（レアチ,1134.02,1361,153.0,173505.0
2025-10-21,6,秋のフルーツこれ一本,1134.02,1361,118.0,133814.0
2025-10-21,6,◎キャラメルバニラメロン,1134.02,1361,172.0,195051.0
2025-10-21,6,３１マスコットつきグミ２,1134.02,1361,350.0,396907.0
2025-10-21,6,◎ショコラクッキー,1134.02,1361,212.0,240412.0
2025-10-21,6,ピュレグミＰふじりんご,1134.02,1361,180.0,204124.0
2025-10-21,6,たぬきおむすび,1134.02,1361,138.0,156495.0
2025-10-21,6,わた雪みたいなレアチーズ,1134.02,1361,315.0,357216.0
2025-10-21,6,スイートポテトスティック,1134.02,1361,212.0,240412.0
2025-10-21,6,ハリボープリマヴェーラ,1134.02,1361,198.0,224536.0
2025-10-21,6,ザバスミルクキャラメル,1134.02,1361,222.0,251752.0
2025-10-21,6,パーラメントＥＸＬ１００,1134.02,1361,564.0,639587.0
2025-10-21,6,チャーシュー冷しまぜそば,1134.02,1361,599.0,679278.0
2025-10-21,6,氷結無糖ゆずＳＰ３５０,1134.02,1361,168.0,190515.0
2025-10-21,6,スティックモンブラン,1134.02,1361,249.0,282371.0
2025-10-21,6,１９６無糖ピンクＧＦ３５,1134.02,1361,161.0,182577.0
2025-10-21,6,◎アールグレイクロワッサ,1134.02,1361,172.0,195051.0
2025-10-21,6,ラーメン荘　豚ラーメン,1134.02,1361,647.0,733711.0
2025-10-21,6,◎ハムチーズデニッシュ４,1134.02,1361,184.0,208660.0
2025-10-21,6,ヴァルトダークタバコ,1134.02,1361,528.0,598763.0
2025-10-21,6,ヴァルトメロンクリック,1134.02,1361,528.0,598763.0
2025-10-21,6,ドラキュラへんしんグミ,1134.02,1361,350.0,396907.0
2025-10-21,6,わさびいなり寿司,1134.02,1361,178.0,201856.0
2025-10-21,6,ちいかわ花占いグミ,1134.02,1361,230.0,260825.0
2025-10-21,6,ねぎ塩チキン醤油まぶし飯,1134.02,1361,555.0,629381.0
2025-10-21,6,紫いもミルクティー,1134.02,1361,190.0,215464.0
2025-10-21,6,ＢＳラーメン柿の種ミック,1134.02,1361,110.0,124742.0
2025-10-21,6,焼まろん,1134.02,1361,215.0,243814.0
2025-10-21,6,ウィルキンソンＥＸ　ＧＦ,1134.02,1361,117.0,132680.0
2025-10-21,6,ミンティア瀬戸田レモン,1134.02,1361,105.0,119072.0
2025-10-21,6,北海道リッチミルクプリン,1134.02,1361,399.0,452474.0
2025-10-21,6,焼ほし芋,1134.02,1361,195.0,221134.0
2025-10-21,6,冷しすだちおろしうどん,1134.02,1361,510.0,578350.0
2025-10-21,6,テリヤキチキンのサラダ,1134.02,1361,397.0,450206.0
2025-10-21,6,和牛カラムーチョわさび,1134.02,1361,155.0,175773.0
2025-10-21,6,きのことベーコンのドリア,1134.02,1361,526.0,596495.0
2025-10-21,6,ｂｉｔｌｏｔガンダム,1134.02,1361,680.0,771134.0
2025-10-21,6,ポケカメガゲンガーｅｘ,1134.02,1361,1637.0,1856391.0
2025-10-21,6,ポケカメガディアンシー,1134.02,1361,1637.0,1856391.0
2025-10-21,6,◎トマトコンソメスープ,1134.02,1361,350.0,396907.0
2025-10-21,6,◎４種きのこクリームスー,1134.02,1361,426.0,483093.0
2025-10-21,6,Ａｐｐｌｅチャージ,1134.02,1361,10500.0,11907210.0
2025-10-21,6,ＨＷ変顔キャンディ,1134.02,1361,400.0,453608.0
2025-10-21,6,週末版ジャパンタイムズ,1134.02,1361,364.0,412783.0
2025-10-21,6,魚ギョッと釣りグミ,1134.02,1361,70.0,79381.0
2025-10-21,6,じゃりむちグミピーチＳ,1134.02,1361,175.0,198454.0
2025-10-21,6,スターバックス　ブラック,1134.02,1361,168.0,190515.0
2025-10-21,6,フリスクＦＦみかん,1134.02,1361,278.0,315258.0
2025-10-21,6,アップルパンチ３５０,1134.02,1361,161.0,182577.0
2025-10-21,6,山ちゃん監修　海老天むす,1134.02,1361,276.0,312990.0
2025-10-21,6,スヌーピークッキーサンド,1134.02,1361,369.0,418453.0
2025-10-21,6,◎塩バターケーキタルト,1134.02,1361,147.0,166701.0
2025-10-21,6,ＳＰＡＭ　玉子焼き明太子,1134.02,1361,369.0,418453.0
2025-10-21,6,ヴァルトＩメンソールＣＬ,1134.02,1361,528.0,598763.0
2025-10-21,6,スターバックスカフェラテ,1134.02,1361,178.0,201856.0
2025-10-21,6,グローＨＧブラック,1134.02,1361,1346.0,1526391.0
2025-10-21,6,ガイコツグミグレープ味,1134.02,1361,230.0,260825.0
2025-10-21,6,モンストロマーブルガム,1134.02,1361,100.0,113402.0
2025-10-21,6,ぷっちょ袋ＨＷアソート,1134.02,1361,210.0,238144.0
2025-10-21,6,宇都宮線・高崎線チップス,1134.02,1361,156.0,176907.0
2025-10-21,6,つくねおむすび,1134.02,1361,276.0,312990.0
2025-10-21,6,ヴァルトＩベリークリック,1134.02,1361,528.0,598763.0
2025-10-21,6,おーいお茶濃茶ストロング,1134.02,1361,158.0,179175.0
2025-10-21,6,ちぎれるブリオッシュパン,1134.02,1361,147.0,166701.0
2025-10-21,6,鮭金ごまおむすび,1134.02,1361,139.0,157629.0
2025-10-21,6,ピュレグミラ・フランス,1134.02,1361,150.0,170103.0
2025-10-21,6,チュッパサワーバイトグミ,1134.02,1361,158.0,179175.0
2025-10-21,6,味付海苔　ベーコンマヨ,1134.02,1361,184.0,208660.0
2025-10-21,6,バナナカスタードブリュレ,1134.02,1361,350.0,396907.0
2025-10-21,6,◎生コッペパン（オムナポ,1134.02,1361,184.0,208660.0
2025-10-21,6,◎伊右衛門　濃い緑茶,1134.02,1361,121.0,137216.0
2025-10-21,6,チョコクリームたい焼き,1134.02,1361,176.0,199588.0
2025-10-21,6,専スヌーピーチョコドーナ,1134.02,1361,156.0,176907.0
2025-10-21,6,ヴァルトベリークリック,1134.02,1361,528.0,598763.0
2025-10-21,6,鶏天うどん,1134.02,1361,599.0,679278.0
2025-10-21,6,チキンカツサンド,1134.02,1361,399.0,452474.0
2025-10-21,6,ルーシーのレモネード,1134.02,1361,184.0,208660.0
2025-10-21,6,ブルガリアＹＯさくらんぼ,1134.02,1361,195.0,221134.0
2025-10-21,6,たべっ子ラムネみかん,1134.02,1361,150.0,170103.0
2025-10-21,6,さつまりこ焼きいも,1134.02,1361,185.0,209794.0
2025-10-21,6,◎焦がしバターのクロワッ,1134.02,1361,121.0,137216.0
2025-10-21,6,モッチ生ドーナツ生チョコ,1134.02,1361,184.0,208660.0
2025-10-21,6,カンデミーナＳＰベスト,1134.02,1361,200.0,226804.0
2025-10-21,6,ＦチャーリーＢロール,1134.02,1361,165.0,187113.0
2025-10-21,6,ルックア・ラ・モード,1134.02,1361,200.0,226804.0
2025-10-21,6,ルックホワイトラバーズ,1134.02,1361,200.0,226804.0
2025-10-21,6,くりーむパン　和栗,1134.02,1361,269.0,305051.0
2025-10-21,6,Ｐルックシャインマスカッ,1134.02,1361,270.0,306185.0
2025-10-21,6,海老とブロッコリーロール,1134.02,1361,369.0,418453.0
2025-10-21,6,かぶり寿司　旨辛唐揚げ巻,1134.02,1361,283.0,320928.0
2025-10-21,6,Ｐルック生キャラメル,1134.02,1361,270.0,306185.0
2025-10-21,6,来来亭監修　冷し中華,1134.02,1361,554.0,628247.0
2025-10-21,6,野菜生活Ｓアサイーバナナ,1134.02,1361,178.0,201856.0
2025-10-21,6,ポテトＣ感謝のほたてしお,1134.02,1361,157.0,178041.0
2025-10-21,6,ぷっちょＳＴ有田みかん,1134.02,1361,118.0,133814.0
2025-10-21,6,ａｍｉ活ゼリーピングレ味,1134.02,1361,210.0,238144.0
2025-10-21,6,ベーコンとレタスのサラダ,1134.02,1361,332.0,376495.0
2025-10-21,6,カカオ味わうショコララテ,1134.02,1361,230.0,260825.0
2025-10-21,6,スッパイマンちいかわ一番,1134.02,1361,200.0,226804.0
2025-10-21,6,天津あんかけ焼そば,1134.02,1361,554.0,628247.0
2025-10-21,6,ヴァルトミントクリック,1134.02,1361,528.0,598763.0
2025-10-21,6,生パスタ　カルボナーラ,1134.02,1361,499.0,565876.0
2025-10-21,6,プルームオーラＪブラック,1134.02,1361,2710.0,3073194.0
2025-10-21,6,帆立と鰹の昆布水つけ麺,1134.02,1361,600.0,680412.0
2025-10-21,6,秋のフルーツスムージー,1134.02,1361,193.0,218866.0
2025-10-21,6,Ｗ・Ｃホワイト５・１０Ｐ,1134.02,1361,4910.0,5568038.0
2025-10-21,6,ＧＰｌａｙ１００００,1134.02,1361,10000.0,11340200.0
2025-10-21,6,白身フライごはん,1134.02,1361,276.0,312990.0
2025-10-21,6,カルピス　Ｐグレープ,1134.02,1361,170.0,192783.0
2025-10-21,6,◎なすトマトソースグラタ,1134.02,1361,508.0,576082.0
2025-10-21,6,０１：ＢＥ：ＦＩＲＳＴ,1134.02,1361,0.0,0.0
2025-10-21,6,コミック乱ツインズ,1134.02,1361,528.0,598763.0
2025-10-21,6,いなり寿司５ヶ入,1134.02,1361,443.0,502371.0
2025-10-21,6,◎根菜入つくね和風スープ,1134.02,1361,406.0,460412.0
2025-10-21,6,もち明太チーズドリア,1134.02,1361,491.0,556804.0
2025-10-21,6,シングルモルト山崎１８０,1134.02,1361,1950.0,2211339.0
2025-10-21,6,グミチョコボールぶどう味,1134.02,1361,199.0,225670.0
2025-10-21,6,Ｈ綾鷹,1134.02,1361,128.0,145155.0
2025-10-21,6,Ｈ伊右衛門５００,1134.02,1361,138.0,156495.0
2025-10-21,6,堅あげポテト鬼旨ブラック,1134.02,1361,190.0,215464.0
2025-10-21,6,三陸産わかめおむすび,1134.02,1361,139.0,157629.0
2025-10-21,6,大きな　チキンとタルタル,1134.02,1361,304.0,344742.0
2025-10-21,6,サンドおむすび炙り焼チキ,1134.02,1361,352.0,399175.0
2025-10-21,6,ベースブレッドさつまいも,1134.02,1361,260.0,294845.0
2025-10-21,6,伊右衛門　京都サイダー,1134.02,1361,158.0,179175.0
2025-10-21,6,紅はるかのスイートポテト,1134.02,1361,264.0,299381.0
2025-10-21,6,スイートポテトロール,1134.02,1361,276.0,312990.0
2025-10-21,6,◎どかっと満足パン（ベー,1134.02,1361,230.0,260825.0
2025-10-21,6,掘って発見スイートポテト,1134.02,1361,341.0,386701.0
2025-10-21,6,メントスＤＵＯブラッドオ,1134.02,1361,163.0,184845.0
2025-10-21,6,カジッテミカン＆レモン,1134.02,1361,228.0,258557.0
2025-10-21,6,大盛！野菜スティック,1134.02,1361,369.0,418453.0
2025-10-21,6,スーパー大麦　梅ひじき,1134.02,1361,175.0,198454.0
2025-10-21,6,野菜生活北海道メロン,1134.02,1361,138.0,156495.0
2025-10-21,6,おーいお茶濃い茶１Ｌ,1134.02,1361,176.0,199588.0
2025-10-21,6,カジッテグレープ＆マスカ,1134.02,1361,228.0,258557.0
2025-10-21,6,生パスタ海老トマトクリム,1134.02,1361,508.0,576082.0
2025-10-21,6,◎スイートポテトタルトデ,1134.02,1361,158.0,179175.0
2025-10-21,6,青磯海苔　まぐろたたき,1134.02,1361,199.0,225670.0
2025-10-21,6,◎スイートポテト蒸しケ４,1134.02,1361,176.0,199588.0
2025-10-21,6,まいたけおこわ,1134.02,1361,185.0,209794.0
2025-10-21,6,◎どかっとパン（テリマヨ,1134.02,1361,135.0,153093.0
2025-10-21,6,鎌倉コロッケサンド,1134.02,1361,297.0,336804.0
2025-10-21,6,◎生フランスパン（おいも,1134.02,1361,156.0,176907.0
2025-10-21,6,◎おいものパウンドケーキ,1134.02,1361,167.0,189381.0
2025-10-21,6,ワイルドターキーＨＢ３５,1134.02,1361,238.0,269897.0
2025-10-21,6,サラダチキンのサラダ,1134.02,1361,239.0,271031.0
2025-10-21,6,ハムチーズとツナサンド,1134.02,1361,323.0,366288.0
2025-10-21,6,◎はちみつすいーとぽてと,1134.02,1361,176.0,199588.0
2025-10-21,6,ロリポップＣちいかわ黒猫,1134.02,1361,300.0,340206.0
2025-10-21,6,◎おいものマドレーヌ,1134.02,1361,167.0,189381.0
2025-10-21,6,シャンゴ監修　ベスビオ,1134.02,1361,582.0,660000.0
2025-10-21,6,ポケカ拡張　ロケット団,1134.02,1361,164.0,185979.0
2025-10-21,6,手巻寿司　３種のねばねば,1134.02,1361,190.0,215464.0
2025-10-21,6,グミチョコボール苺,1134.02,1361,199.0,225670.0
2025-10-21,6,増量３色そぼろ＆チキン南,1134.02,1361,580.0,657732.0
2025-10-21,6,◎紅はるかのおいもチップ,1134.02,1361,198.0,224536.0
2025-10-21,6,お手軽！冷しぶっかけそば,1134.02,1361,276.0,312990.0
2025-10-21,6,極上はちみつ紅茶Ｃ小袋,1134.02,1361,125.0,141752.0
2025-10-21,6,福かまど　べこ餅,1134.02,1361,165.0,187113.0
2025-10-21,6,ねぎたっぷり！豚肉そば,1134.02,1361,554.0,628247.0
2025-10-21,6,ヱビスビール３５０,1134.02,1361,254.0,288041.0
2025-10-21,6,Ｃ玄米プラス　アーモンド,1134.02,1361,180.0,204124.0
2025-10-21,6,お月見タルト　カスタード,1134.02,1361,276.0,312990.0
2025-10-21,6,爽健美茶　６００,1134.02,1361,158.0,179175.0
2025-10-21,6,鳴門金時ラテ,1134.02,1361,267.0,302783.0
2025-10-21,6,ｉｎゼリーＶカロリーゼロ,1134.02,1361,210.0,238144.0
2025-10-21,6,ヘパリーゼＷハイパー,1134.02,1361,380.0,430928.0
2025-10-21,6,増量特製ダレの炙り焼牛カ,1134.02,1361,625.0,708762.0
2025-10-21,6,増量明太海苔弁当,1134.02,1361,555.0,629381.0
2025-10-21,6,ヤクルトＹ１０００,1134.02,1361,150.0,170103.0
2025-10-21,6,クラッシュ蒟蒻畑ぶどう味,1134.02,1361,183.0,207526.0
2025-10-21,6,ブルガリアＹＯブルーベ,1134.02,1361,168.0,190515.0
2025-10-21,6,ビューティチャージハニー,1134.02,1361,548.0,621443.0
2025-10-21,6,ミックスアイスプラス,1134.02,1361,464.0,526185.0
2025-10-21,6,ＡｐｐｌｅＧＣ＿１万,1134.02,1361,10000.0,11340200.0
2025-10-21,6,馬サブロー,1134.02,1361,500.0,567010.0
2025-10-21,6,コロロ二十世紀梨,1134.02,1361,148.0,167835.0
2025-10-21,6,海老とあさりのスパゲティ,1134.02,1361,499.0,565876.0
2025-10-21,6,ライフガード５００,1134.02,1361,150.0,170103.0
2025-10-21,6,ブロックロス　ユニコーン,1134.02,1361,1700.0,1927834.0
2025-10-21,6,Ｈジョージア　カフェラテ,1134.02,1361,148.0,167835.0
2025-10-21,6,サッポロラガービール３５,1134.02,1361,216.0,244948.0
2025-10-21,6,手巻　チャーシューマヨ,1134.02,1361,185.0,209794.0
2025-10-21,6,大きなおむすび　鮭昆布,1134.02,1361,239.0,271031.0
2025-10-21,6,だし醤油まぶし飯海苔佃煮,1134.02,1361,156.0,176907.0
2025-10-21,6,忍者めし鉄の鎧グレープ味,1134.02,1361,160.0,181443.0
2025-10-21,6,ＢＳラーメン丸銀だこ,1134.02,1361,160.0,181443.0
2025-10-21,6,フェットチーネマスカット,1134.02,1361,112.0,127010.0
2025-10-21,6,ラインＳ２５秋の色黒小,1134.02,1361,390.0,442268.0
2025-10-21,6,ミルクブッセ,1134.02,1361,93.0,105464.0
2025-10-21,6,コーヒーブッセ,1134.02,1361,93.0,105464.0
2025-10-21,6,Ｈ伊右衛門焙じ茶,1134.02,1361,138.0,156495.0
2025-10-21,6,Ｈジョージア　ブラック,1134.02,1361,138.0,156495.0
2025-10-21,6,カフェオレクリームサンド,1134.02,1361,121.0,137216.0
2025-10-21,6,キレートレモンクエン酸,1134.02,1361,175.0,198454.0
2025-10-21,6,チョコパイとろ甘キャラメ,1134.02,1361,138.0,156495.0
2025-10-21,6,午後フルーツティ白ぶどう,1134.02,1361,158.0,179175.0
2025-10-21,6,午後フルーツティオレンジ,1134.02,1361,158.0,179175.0
2025-10-21,6,チョコパイほろ苦ダークカ,1134.02,1361,138.0,156495.0
2025-10-21,6,ガルボほろにがブラックＰ,1134.02,1361,175.0,198454.0
2025-10-21,6,スイートポテト＆ホイップ,1134.02,1361,348.0,394639.0
2025-10-21,6,白玉入りお芋のどら焼き,1134.02,1361,195.0,221134.0
2025-10-21,6,ピザサンド　さつまいも,1134.02,1361,306.0,347010.0
2025-10-21,6,カフェラッテクリーミーラ,1134.02,1361,181.0,205258.0
2025-10-21,6,ふわしゅわショコラスフレ,1134.02,1361,258.0,292577.0
2025-10-21,6,◎クロワッサンワッフル,1134.02,1361,167.0,189381.0
2025-10-21,6,ジャックジンジャーＨＢ３,1134.02,1361,210.0,238144.0
2025-10-21,6,たまご＆海老ブロサンド,1134.02,1361,348.0,394639.0
2025-10-21,6,◎チーズインてりやきバー,1134.02,1361,184.0,208660.0
2025-10-21,6,のむココナッツ杏仁,1134.02,1361,276.0,312990.0
2025-10-21,6,たまごっち　まんまる焼き,1134.02,1361,232.0,263093.0
2025-10-21,6,大粒ラムネ濃い果実ぶどう,1134.02,1361,133.0,150825.0
2025-10-21,6,ブロックロスジークアクス,1134.02,1361,1700.0,1927834.0
2025-10-21,6,サンド寿司サーモンチーズ,1134.02,1361,332.0,376495.0
2025-10-21,6,ダースミルク,1134.02,1361,191.0,216598.0
2025-10-21,6,ショコラキャラメルタルト,1134.02,1361,230.0,260825.0
2025-10-21,6,大きなつくねの醤油パスタ,1134.02,1361,510.0,578350.0
2025-10-21,6,コーンのバター醤油パスタ,1134.02,1361,426.0,483093.0
2025-10-21,6,◎グリルＣヨシダテリヤキ,1134.02,1361,232.0,263093.0
2025-10-21,6,スプバレ豊潤ラガー３５０,1134.02,1361,245.0,277835.0
2025-10-21,6,ハリボーハッピーグレープ,1134.02,1361,198.0,224536.0
2025-10-21,6,野菜を食べよう　タンメン,1134.02,1361,554.0,628247.0
2025-10-21,6,たべっ子グミグレープ＆マ,1134.02,1361,200.0,226804.0
2025-10-21,6,バヤリース果実のど飴,1134.02,1361,220.0,249484.0
2025-10-21,6,豚焼肉弁当（マヨネーズ付,1134.02,1361,499.0,565876.0
2025-10-21,6,ｈａｎａキンモクセイ,1134.02,1361,698.0,791546.0
2025-10-21,6,ちいかわひやキャラ,1134.02,1361,280.0,317526.0
2025-10-21,6,４Ｄグミサンリオキャラ,1134.02,1361,180.0,204124.0
2025-10-21,6,オイコス　ピーチ,1134.02,1361,189.0,214330.0
2025-10-21,6,サンリオグミチュアチャー,1134.02,1361,350.0,396907.0
2025-10-21,6,ブラックサンダー至福のバ,1134.02,1361,60.0,68041.0
2025-10-21,6,その他４口座売上,1134.02,1361,164.0,185979.0
2025-10-21,6,１日分Ｖゼリーピーチ,1134.02,1361,218.0,247216.0
2025-10-21,6,うるおいトラベルセット,1134.02,1361,1680.0,1905154.0
2025-10-21,6,ポップアップス！ハチワレ,1134.02,1361,390.0,442268.0
2025-10-21,6,ポップアップス！うさぎ,1134.02,1361,390.0,442268.0
2025-10-21,6,コロロ巨峰,1134.02,1361,148.0,167835.0
2025-10-21,6,◎ロングデニッシュ（バタ,1134.02,1361,121.0,137216.0
2025-10-21,6,麻辣湯（はるさめ麺）,1134.02,1361,554.0,628247.0
2025-10-21,6,◎ふくちゃん豚骨どんぶり,1134.02,1361,297.0,336804.0
2025-10-21,6,ポケカ拡張インフェルノ,1134.02,1361,164.0,185979.0
2025-10-21,6,５種チーズのドリア,1134.02,1361,499.0,565876.0
2025-10-21,6,新金封　結ちどり,1134.02,1361,500.0,567010.0
2025-10-21,6,チップスターＳバター味,1134.02,1361,158.0,179175.0
2025-10-21,6,レンジかき揚げそば,1134.02,1361,462.0,523917.0
2025-10-21,6,モッチュＳマスカット,1134.02,1361,148.0,167835.0
2025-10-21,6,まるごと和なしのど飴小袋,1134.02,1361,128.0,145155.0
2025-10-21,6,ガルボ紫いもＰＫＰ,1134.02,1361,175.0,198454.0
2025-10-21,6,クランキーＰＪストロベリ,1134.02,1361,175.0,198454.0
2025-10-21,6,漬けぶりおむすび,1134.02,1361,249.0,282371.0
2025-10-21,6,ライオンコーヒーブラック,1134.02,1361,168.0,190515.0
2025-10-21,6,ライオンコーヒカフェオレ,1134.02,1361,178.0,201856.0
2025-10-21,6,◎芋きんつば,1134.02,1361,184.0,208660.0
2025-10-21,6,たっぷりコーンマヨネーズ,1134.02,1361,297.0,336804.0
2025-10-21,6,◎肉たっぷり７種具材豚汁,1134.02,1361,369.0,418453.0
2025-10-21,6,Ｐガーナトリュフキャラメ,1134.02,1361,325.0,368556.0
2025-10-21,6,マミー風味シュークリーム,1134.02,1361,167.0,189381.0
2025-10-21,6,背徳　月見台湾風まぜそば,1134.02,1361,647.0,733711.0
2025-10-21,6,メキシカンチキン雑穀,1134.02,1361,462.0,523917.0
2025-10-21,6,森永れん乳風味クレープ,1134.02,1361,239.0,271031.0
2025-10-21,6,◎ふわもち食感のメープル,1134.02,1361,135.0,153093.0
2025-10-21,6,ライトニング電池充電器,1134.02,1361,2164.0,2454019.0
2025-10-21,6,大きな　月見おむすびマヨ,1134.02,1361,304.0,344742.0
2025-10-21,6,あなご寿司,1134.02,1361,255.0,289175.0
2025-10-21,6,とろ生おいもチーズケーキ,1134.02,1361,230.0,260825.0
2025-10-21,6,きつねおむすび,1134.02,1361,147.0,166701.0
2025-10-21,6,チキンチェダーたまご,1134.02,1361,452.0,512577.0
2025-10-21,6,◎ミニベーコンピザパン４,1134.02,1361,212.0,240412.0
2025-10-21,6,◎ミルクツイスト３本入,1134.02,1361,144.0,163299.0
2025-10-21,6,◎ルイボスティー６００,1134.02,1361,110.0,124742.0
2025-10-21,6,野菜生活青森りんご,1134.02,1361,118.0,133814.0
2025-10-21,6,専おかず全部乗せ！お弁当,1134.02,1361,323.0,366288.0
2025-10-21,6,１９６無糖３種の果実３５,1134.02,1361,161.0,182577.0
2025-10-21,6,◎生コッペパン（モンブラ,1134.02,1361,135.0,153093.0
2025-10-21,6,月見うさぎ,1134.02,1361,90.0,102062.0
2025-10-21,6,◎芋あん豆大福,1134.02,1361,165.0,187113.0
2025-10-21,6,エナジーの塊,1134.02,1361,199.0,225670.0
2025-10-21,6,ちいかわチャームグミ,1134.02,1361,380.0,430928.0
2025-10-21,6,◎ロングスティックパン（,1134.02,1361,158.0,179175.0
2025-10-21,6,いちごドーナツ棒１本,1134.02,1361,74.0,83917.0
2025-10-21,6,マカダミアチョコ沖縄黒糖,1134.02,1361,333.0,377629.0
2025-10-21,6,カフェラッテ,1134.02,1361,181.0,205258.0
2025-10-21,6,グミっちょ夕張メロン,1134.02,1361,238.0,269897.0
2025-10-21,6,◎ボロネーゼ風ラザニア,1134.02,1361,369.0,418453.0
2025-10-21,6,ガパオまぜごはん,1134.02,1361,163.0,184845.0
2025-10-21,6,今治ＴＨ斜ＳＴ　Ｔ紺,1134.02,1361,600.0,680412.0
2025-10-21,6,ＳＤドライクリスタル３５,1134.02,1361,216.0,244948.0
2025-10-21,6,◎ふわふわアソートリン４,1134.02,1361,193.0,218866.0
2025-10-21,6,月見チーズバーガー,1134.02,1361,399.0,452474.0
2025-10-21,6,厚切りロースカツサンド,1134.02,1361,426.0,483093.0
2025-10-21,6,きのこの山ポケットパック,1134.02,1361,161.0,182577.0
2025-10-21,6,暴君ハバネロ１５０粒ハバ,1134.02,1361,176.0,199588.0
2025-10-21,6,Ｈ午後の紅茶ミルクティー,1134.02,1361,159.0,180309.0
2025-10-21,6,たけのこの里ＰＫＰ,1134.02,1361,161.0,182577.0
2025-10-21,7,しらすおむすび,1134.02,1361,165.0,187113.0
2025-10-21,7,Ｍアーモンドチョコレート,1134.02,1361,305.0,345876.0
2025-10-21,7,龍角散ののどすっきりタブ,1134.02,1361,200.0,226804.0
2025-10-21,7,忍者めし鋼グレープ味,1134.02,1361,148.0,167835.0
2025-10-21,7,◎もちもちくるみパン,1134.02,1361,128.0,145155.0
2025-10-21,7,ｉｎゼリーエネルギー,1134.02,1361,210.0,238144.0
2025-10-21,7,◎白生クロワッサン（ダブ,1134.02,1361,156.0,176907.0
2025-10-21,7,モンスター　リッパー,1134.02,1361,213.0,241546.0
2025-10-21,7,◎レモン香るティーソーダ,1134.02,1361,130.0,147423.0
2025-10-21,7,カルピス　ひんやりライチ,1134.02,1361,160.0,181443.0
2025-10-21,7,カルピスウォーター５００,1134.02,1361,160.0,181443.0
2025-10-21,7,トロピカーナアップル,1134.02,1361,120.0,136082.0
2025-10-21,7,ミンティアＢカルピス,1134.02,1361,211.0,239278.0
2025-10-21,7,◎ボディＰレモンミント,1134.02,1361,350.0,396907.0
2025-10-21,7,薬用リップスティック,1134.02,1361,299.0,339072.0
2025-10-21,7,さらさらシートクール,1134.02,1361,295.0,334536.0
2025-10-21,7,◎のむＹＧアサイーボウル,1134.02,1361,184.0,208660.0
2025-10-21,7,Ｚｅｒｏシート携帯,1134.02,1361,328.0,371959.0
2025-10-21,7,レッドブルエナジー２５０,1134.02,1361,198.0,224536.0
2025-10-21,7,ペパーミント１００ＭＬ,1134.02,1361,200.0,226804.0
2025-10-21,7,ヘアリングゴム黒,1134.02,1361,200.0,226804.0
2025-10-21,7,１日分鉄分のむヨーグルト,1134.02,1361,145.0,164433.0
2025-10-21,7,ザバスミルクココア風味,1134.02,1361,181.0,205258.0
2025-10-21,7,イーラインマスクベージュ,1134.02,1361,299.0,339072.0
2025-10-21,7,ブルガリアＹＯ　苺,1134.02,1361,158.0,179175.0
2025-10-21,7,◎カフェラテレギュラー,1134.02,1361,181.0,205258.0
2025-10-21,7,金のミルクキャンディ,1134.02,1361,221.0,250618.0
2025-10-21,7,ミンティアＢリフレッシュ,1134.02,1361,211.0,239278.0
2025-10-21,7,邪払のど飴,1134.02,1361,258.0,292577.0
2025-10-21,7,◎生コッペパン（たまご）,1134.02,1361,128.0,145155.0
2025-10-21,7,キレートクエン酸ゼリー,1134.02,1361,210.0,238144.0
2025-10-21,7,◎もっち歩き（チョコ）,1134.02,1361,125.0,141752.0
2025-10-21,7,ミンティアワイルド＆クー,1134.02,1361,105.0,119072.0
2025-10-21,7,アーモンドＣ香ばしＰＪ,1134.02,1361,175.0,198454.0
2025-10-21,7,ミンティアＢクリスタル,1134.02,1361,211.0,239278.0
2025-10-21,7,ブラックＴひとくちサイズ,1134.02,1361,120.0,136082.0
2025-10-21,7,ジャムグミいちご,1134.02,1361,182.0,206392.0
2025-10-21,7,ぷにキャラグミちいかわ,1134.02,1361,218.0,247216.0
2025-10-21,7,ソルベットグミ白桃味,1134.02,1361,140.0,158763.0
2025-10-21,7,つぶグミカタイソーダ,1134.02,1361,168.0,190515.0
2025-10-21,7,たべっ子グミパイナップル,1134.02,1361,200.0,226804.0
2025-10-21,7,おとうふくんグミ,1134.02,1361,161.0,182577.0
2025-10-21,7,あの日夢見た雲グミ,1134.02,1361,171.0,193917.0
2025-10-21,7,ピュレグミなつももソーダ,1134.02,1361,150.0,170103.0
2025-10-21,7,ポケぷに,1134.02,1361,218.0,247216.0
2025-10-21,7,龍角散のど飴ｍａｘＳＴ,1134.02,1361,160.0,181443.0
2025-10-21,7,忍者めし巨峰,1134.02,1361,125.0,141752.0
2025-10-21,7,即攻元気ゼリー,1134.02,1361,204.0,231340.0
2025-10-21,7,龍角散のど飴スティック,1134.02,1361,140.0,158763.0
2025-10-21,7,のど飴,1134.02,1361,124.0,140618.0
2025-10-21,7,忍者めし鋼マスカット味,1134.02,1361,148.0,167835.0
2025-10-21,7,◎ドライマンゴー,1134.02,1361,276.0,312990.0
2025-10-21,7,◎カリカリ梅無着色小袋,1134.02,1361,184.0,208660.0
2025-10-21,7,大粒ラムネ,1134.02,1361,133.0,150825.0
2025-10-21,7,牛乳パン,1134.02,1361,230.0,260825.0
2025-10-21,7,１本満足プロテイン　ＷＴ,1134.02,1361,171.0,193917.0
2025-10-21,7,シルキータッチ大きめ,1134.02,1361,398.0,451340.0
2025-10-21,7,スマートカラーグレー,1134.02,1361,566.0,641855.0
2025-10-21,7,◎しっとりやわらか食パ６,1134.02,1361,158.0,179175.0
2025-10-21,7,◎ファミマ・ザ・クリーム,1134.02,1361,128.0,145155.0
2025-10-21,7,たまごサンド,1134.02,1361,265.0,300515.0
2025-10-21,7,具だくさん！チキン南蛮,1134.02,1361,221.0,250618.0
2025-10-21,7,具だくさん！チャーシュー,1134.02,1361,215.0,243814.0
2025-10-21,7,キャメＭマスカットＰＬ,1134.02,1361,455.0,515979.0
2025-10-21,7,◎ソフトなチーズクリーム,1134.02,1361,135.0,153093.0
2025-10-21,7,キャメＭベリープルーム,1134.02,1361,455.0,515979.0
2025-10-21,7,◎バタークロワッサンメロ,1134.02,1361,147.0,166701.0
2025-10-21,7,キャメＭコールドプルーム,1134.02,1361,455.0,515979.0
2025-10-21,7,◎チョコチップスナック６,1134.02,1361,135.0,153093.0
2025-10-21,7,◎ファミマ・ザ・メロンパ,1134.02,1361,128.0,145155.0
2025-10-21,7,ラーククラシックＭ,1134.02,1361,491.0,556804.0
2025-10-21,7,ラッキーＥＸカット１４,1134.02,1361,428.0,485361.0
2025-10-21,7,ラッキーＢチルベリー８,1134.02,1361,428.0,485361.0
2025-10-21,7,◎生コッペパン（コロッケ,1134.02,1361,167.0,189381.0
2025-10-21,7,ラッキーストライク,1134.02,1361,564.0,639587.0
2025-10-21,7,◎生コッペパン（焼きそば,1134.02,1361,167.0,189381.0
2025-10-21,7,ラッキーシガリロＳライト,1134.02,1361,428.0,485361.0
2025-10-21,7,◎白生コッペパン（トリプ,1134.02,1361,147.0,166701.0
2025-10-21,7,◎ひと口もち食感チーズ（,1134.02,1361,149.0,168969.0
2025-10-21,7,マルボロ・メン８Ｂ,1134.02,1361,546.0,619175.0
2025-10-21,7,◎もっちパン（ミート＆チ,1134.02,1361,121.0,137216.0
2025-10-21,7,◎お肉たっぷりメンチカツ,1134.02,1361,184.0,208660.0
2025-10-21,7,◎天然水新潟県津南６００,1134.02,1361,110.0,124742.0
2025-10-21,7,◎ミニクリームパン５個入,1134.02,1361,149.0,168969.0
2025-10-21,7,◎ジャスミン茶６００,1134.02,1361,110.0,124742.0
2025-10-21,7,クリームたい焼きカスター,1134.02,1361,165.0,187113.0
2025-10-21,7,アスティーグ肌　Ｍ,1134.02,1361,600.0,680412.0
2025-10-21,7,◎のむヨーグルトプレーン,1134.02,1361,149.0,168969.0
2025-10-21,7,ルーロー飯おむすび,1134.02,1361,194.0,220000.0
2025-10-21,7,グリーンダカラ,1134.02,1361,141.0,159897.0
2025-10-21,7,ウィルキンソン　タンサン,1134.02,1361,112.0,127010.0
2025-10-21,7,チョコラＢＢハイパー,1134.02,1361,380.0,430928.0
2025-10-21,7,◎発酵バター香るチョコク,1134.02,1361,147.0,166701.0
2025-10-21,7,◎ダブルチョコデニッシュ,1134.02,1361,128.0,145155.0
2025-10-21,7,ウコンの力ドリンク,1134.02,1361,191.0,216598.0
2025-10-21,7,リポビタンＤ,1134.02,1361,164.0,185979.0
2025-10-21,7,◎ゴロゴロチョコのクッキ,1134.02,1361,138.0,156495.0
2025-10-21,7,ジョージア　カフェモカ,1134.02,1361,168.0,190515.0
2025-10-21,7,ジョージア　カフェラテ,1134.02,1361,159.0,180309.0
2025-10-21,7,◎しっとりケーキ（チョコ,1134.02,1361,135.0,153093.0
2025-10-21,7,ジョージア　ブラック,1134.02,1361,149.0,168969.0
2025-10-21,7,◎白生フランスパン（つぶ,1134.02,1361,156.0,176907.0
2025-10-21,7,◎天然水長野県安曇野２Ｌ,1134.02,1361,112.0,127010.0
2025-10-21,7,午後の紅茶　レモンティー,1134.02,1361,160.0,181443.0
2025-10-21,7,◎緑茶６００,1134.02,1361,110.0,124742.0
2025-10-21,7,◎ぶどうぱん（シュガーマ,1134.02,1361,128.0,145155.0
2025-10-21,7,◎麦茶６００,1134.02,1361,110.0,124742.0
2025-10-21,7,健康ミネラルむぎ茶,1134.02,1361,158.0,179175.0
2025-10-21,7,◎生スコーン６個入,1134.02,1361,172.0,195051.0
2025-10-21,7,◎アップル香るジャスミン,1134.02,1361,110.0,124742.0
2025-10-21,7,塩バター揚げ焼きくりーむ,1134.02,1361,276.0,312990.0
2025-10-21,7,マルボロ・メン１２Ｂ,1134.02,1361,546.0,619175.0
2025-10-21,7,専ＵＦＯ大盛焼そばパンガ,1134.02,1361,276.0,312990.0
2025-10-21,7,じゃがりこチーズ,1134.02,1361,185.0,209794.0
2025-10-21,7,◎冷やし胡瓜一本漬,1134.02,1361,172.0,195051.0
2025-10-21,7,◎タンスティックレモン,1134.02,1361,184.0,208660.0
2025-10-21,7,メビウスＥＸＬ,1134.02,1361,528.0,598763.0
2025-10-21,7,メビウスＬ,1134.02,1361,528.0,598763.0
2025-10-21,7,メビウスＳＬ１００Ｂ,1134.02,1361,528.0,598763.0
2025-10-21,7,焙煎ごまドレッシング,1134.02,1361,33.0,37423.0
2025-10-21,7,◎半熟ゆでたまご１個,1134.02,1361,98.0,111134.0
2025-10-21,7,ポケカ拡張　ホワイト,1134.02,1361,264.0,299381.0
2025-10-21,7,テリアスムースレギュラー,1134.02,1361,528.0,598763.0
2025-10-21,7,高菜の寿司,1134.02,1361,176.0,199588.0
2025-10-21,7,レジ袋弁当大バイオマス,1134.02,1361,5.0,5670.0
2025-10-21,7,ホープ１０,1134.02,1361,273.0,309587.0
2025-10-21,7,手巻　紀州南高梅,1134.02,1361,158.0,179175.0
2025-10-21,7,手巻　真昆布,1134.02,1361,158.0,179175.0
2025-10-21,7,大きな　僕の梅おかか,1134.02,1361,297.0,336804.0
2025-10-21,7,味付海苔　おかか味噌,1134.02,1361,161.0,182577.0
2025-10-21,7,増量　手巻　紅しゃけ,1134.02,1361,195.0,221134.0
2025-10-21,7,増量　手巻　辛子明太子,1134.02,1361,195.0,221134.0
2025-10-21,7,大きな　昆布とツナマヨ,1134.02,1361,269.0,305051.0
2025-10-21,7,手巻　たらこマヨネーズ,1134.02,1361,188.0,213196.0
2025-10-21,7,豚バラしょうゆ,1134.02,1361,276.0,312990.0
2025-10-21,7,サンドおむすび　牛カルビ,1134.02,1361,328.0,371959.0
2025-10-21,7,手巻　紅しゃけ,1134.02,1361,195.0,221134.0
2025-10-21,7,レジ袋１２号バイオマス,1134.02,1361,3.0,3402.0
2025-10-21,7,ピース・ライト・ＢＯＸ,1134.02,1361,546.0,619175.0
2025-10-21,7,ピアニシモ・アリア・メン,1134.02,1361,519.0,588556.0
2025-10-21,7,◎海鮮スティック明太マヨ,1134.02,1361,167.0,189381.0
2025-10-21,7,センティアＩブラック,1134.02,1361,482.0,546598.0
2025-10-21,7,冷し明太とろろうどん,1134.02,1361,508.0,576082.0
2025-10-21,7,冷したぬきうどん,1134.02,1361,399.0,452474.0
2025-10-21,7,ゆず冷し鶏塩おろしうどん,1134.02,1361,526.0,596495.0
2025-10-21,7,テリアイエローメンソール,1134.02,1361,528.0,598763.0
2025-10-21,7,テリアサンパール,1134.02,1361,528.0,598763.0
2025-10-21,7,テリアシャインパール,1134.02,1361,528.0,598763.0
2025-10-21,7,マルボロ・ボックス,1134.02,1361,546.0,619175.0
2025-10-21,7,シーチキン＆コーンサラダ,1134.02,1361,249.0,282371.0
2025-10-21,7,ケントエス１・１００Ｂ,1134.02,1361,455.0,515979.0
2025-10-21,7,ローストチキンパスタサラ,1134.02,1361,369.0,418453.0
2025-10-21,7,エボルタＮＥＯ単４－４Ｐ,1134.02,1361,659.0,747319.0
2025-10-21,7,ライトニング１．２ｍ,1134.02,1361,1800.0,2041236.0
2025-10-21,7,ＣＲバーナーライター,1134.02,1361,190.0,215464.0
2025-10-21,7,耐風ビニール傘７０,1134.02,1361,862.0,977525.0
2025-10-21,7,ダブルシュー,1134.02,1361,172.0,195051.0
2025-10-21,7,デイリースポーツ東日本,1134.02,1361,146.0,165567.0
2025-10-21,7,冷やして食べるバウム,1134.02,1361,167.0,189381.0
2025-10-21,7,マカロンチョコパッション,1134.02,1361,267.0,302783.0
2025-10-21,7,日刊ゲンダイ,1134.02,1361,164.0,185979.0
2025-10-21,7,日本経済新聞,1134.02,1361,182.0,206392.0
2025-10-21,7,ＡｍａｚｏｎＶＡＲ,1134.02,1361,10000.0,11340200.0
2025-10-21,7,２種のキンパ,1134.02,1361,510.0,578350.0
2025-10-21,7,セブンスター,1134.02,1361,546.0,619175.0
2025-10-21,7,セブンスター・ＢＯＸ,1134.02,1361,546.0,619175.0
2025-10-21,7,手巻　辛子明太子,1134.02,1361,195.0,221134.0
2025-10-21,7,カロリーＭハーフ　バニラ,1134.02,1361,110.0,124742.0
2025-10-21,7,手巻シーチキンマヨネーズ,1134.02,1361,165.0,187113.0
2025-10-21,7,直巻　和風ツナマヨネーズ,1134.02,1361,149.0,168969.0
2025-10-21,7,テリアブラックＭ１０Ｐ,1134.02,1361,5273.0,5979687.0
2025-10-21,7,アサヒ生ビール３５０,1134.02,1361,216.0,244948.0
2025-10-21,7,スーパードライ３５０,1134.02,1361,216.0,244948.0
2025-10-21,7,さばと青じそおむすび,1134.02,1361,139.0,157629.0
2025-10-21,7,テリアＯパール,1134.02,1361,528.0,598763.0
2025-10-21,7,ポケカ拡張　ブラック,1134.02,1361,264.0,299381.0
2025-10-21,7,ポケカ拡張　バトルＰ,1134.02,1361,164.0,185979.0
2025-10-21,7,サラサクリップ　黒,1134.02,1361,99.0,112268.0
2025-10-21,7,ＬＩＢＥＲＡミルク,1134.02,1361,277.0,314124.0
2025-10-21,7,◎しみチョココーン,1134.02,1361,147.0,166701.0
2025-10-21,7,◎チョコシュー,1134.02,1361,128.0,145155.0
2025-10-21,7,もち麦　鮭ひじきしそ風味,1134.02,1361,163.0,184845.0
2025-10-21,7,◎こだわりのフロランタン,1134.02,1361,184.0,208660.0
2025-10-21,7,◎もちもちレモンドーナツ,1134.02,1361,149.0,168969.0
2025-10-21,7,◎濃厚ミルクドーナツ,1134.02,1361,100.0,113402.0
2025-10-21,7,◎焼たまごカレートースト,1134.02,1361,167.0,189381.0
2025-10-21,7,スイートサンダーいちご,1134.02,1361,60.0,68041.0
2025-10-21,7,ブラックサンダー,1134.02,1361,41.0,46495.0
2025-10-21,7,◎大きいウインナー,1134.02,1361,153.0,173505.0
2025-10-21,7,◎大きいあらびきチョリソ,1134.02,1361,153.0,173505.0
2025-10-21,7,パウダー２５０％ハッピー,1134.02,1361,120.0,136082.0
2025-10-21,7,◎ベーコンチーズオニオン,1134.02,1361,149.0,168969.0
2025-10-21,7,Ｆグレイシアラムネわらび,1134.02,1361,156.0,176907.0
2025-10-21,7,じゃがりこサラダ,1134.02,1361,185.0,209794.0
2025-10-21,7,ミンティアコールドスマッ,1134.02,1361,105.0,119072.0
2025-10-21,7,直巻　とり五目,1134.02,1361,165.0,187113.0
2025-10-21,7,ラッキーＳメンソール,1134.02,1361,391.0,443402.0
2025-10-21,7,ラッキーＳダークＭ,1134.02,1361,391.0,443402.0
2025-10-21,7,直巻　明太子マヨネーズ,1134.02,1361,165.0,187113.0
2025-10-21,7,直巻　焼しゃけ,1134.02,1361,158.0,179175.0
2025-10-21,7,レジ袋,1134.02,1361,3.0,3402.0
2025-10-21,7,１９６ＳＴゼロＷレモン３,1134.02,1361,161.0,182577.0
2025-10-21,7,角ハイボール３５０,1134.02,1361,219.0,248350.0
2025-10-21,7,氷結レモン３５０,1134.02,1361,168.0,190515.0
2025-10-21,7,生ハム寿司,1134.02,1361,212.0,240412.0
2025-10-21,7,テリアブラックパープルＭ,1134.02,1361,528.0,598763.0
2025-10-21,7,テリアブラックメンソール,1134.02,1361,528.0,598763.0
2025-10-21,7,手巻寿司　納豆,1134.02,1361,184.0,208660.0
2025-10-21,7,テリアミント,1134.02,1361,528.0,598763.0
2025-10-21,7,手巻寿司　シーチキンマヨ,1134.02,1361,167.0,189381.0
2025-10-21,7,テリアメンソール,1134.02,1361,528.0,598763.0
2025-10-21,7,テリアリッチレギュラー,1134.02,1361,528.0,598763.0
2025-10-21,7,テリアリビエラパール,1134.02,1361,528.0,598763.0
2025-10-21,7,テリアレギュラー,1134.02,1361,528.0,598763.0
2025-10-21,7,鮭はらみおむすび,1134.02,1361,258.0,292577.0
2025-10-21,7,助六寿司,1134.02,1361,482.0,546598.0
2025-10-21,7,テリアＢルビーＭ,1134.02,1361,528.0,598763.0
2025-10-21,7,ネオアークティックＭ,1134.02,1361,455.0,515979.0
2025-10-21,7,高菜たくあんおむすび,1134.02,1361,135.0,153093.0
2025-10-21,7,ラッキーＳダークタバコ,1134.02,1361,391.0,443402.0
2025-10-21,7,◎ハムチーズマヨネーズ２,1134.02,1361,135.0,153093.0
2025-10-21,7,ＭＶコールドＭプルーム,1134.02,1361,455.0,515979.0
2025-10-21,7,まるで桃みたいなケーキ,1134.02,1361,276.0,312990.0
2025-10-21,7,クリームワッフルクッキー,1134.02,1361,260.0,294845.0
2025-10-21,7,調製豆乳,1134.02,1361,105.0,119072.0
2025-10-21,7,テリアパープルメンソール,1134.02,1361,528.0,598763.0
2025-10-21,7,テリアバランスドＲ,1134.02,1361,528.0,598763.0
2025-10-21,7,野菜一日これ一本,1134.02,1361,113.0,128144.0
2025-10-21,7,◎デニッシュブレッド３枚,1134.02,1361,156.0,176907.0
2025-10-21,7,センティアＳバイオレット,1134.02,1361,482.0,546598.0
2025-10-21,7,◎バタークロワッサンメ３,1134.02,1361,156.0,176907.0
2025-10-21,7,センティアＩパープル,1134.02,1361,482.0,546598.0
2025-10-21,7,◎ファミマの牛乳５００,1134.02,1361,175.0,198454.0
2025-10-21,7,サブレサンドバニライチゴ,1134.02,1361,332.0,376495.0
2025-10-21,7,冷しニンニクまぜそば,1134.02,1361,647.0,733711.0
2025-10-21,7,ＳＰＡＭ　タコスミート,1134.02,1361,315.0,357216.0
2025-10-21,7,ＳＰＡＭ　ツナマヨネーズ,1134.02,1361,266.0,301649.0
2025-10-21,7,不明,1134.02,1361,164.0,185979.0
2025-10-21,7,レジ袋４５号バイオマス,1134.02,1361,7.0,7938.0
2025-10-21,7,鮭ほぐし飯（和風だしごは,1134.02,1361,338.0,383299.0
2025-10-21,7,天タレおむすび,1134.02,1361,138.0,156495.0
2025-10-21,7,植物生のスパイシーカレー,1134.02,1361,146.0,165567.0
2025-10-21,7,赤飯おむすび,1134.02,1361,165.0,187113.0
2025-10-21,7,レジ袋２０号バイオマス,1134.02,1361,5.0,5670.0
2025-10-21,7,鶏のうまみ！鶏そぼろ弁当,1134.02,1361,320.0,362886.0
2025-10-21,7,冷しビャンビャン麺,1134.02,1361,510.0,578350.0
2025-10-21,7,ラッキーＳＲタバコ１０Ｐ,1134.02,1361,3910.0,4434018.0
2025-10-21,7,野沢菜いなり寿司,1134.02,1361,179.0,202990.0
2025-10-21,7,国産チキン彩り野菜うどん,1134.02,1361,554.0,628247.0
2025-10-21,7,手巻寿司　ねぎとろ（青ま,1134.02,1361,230.0,260825.0
2025-10-21,7,かぶり寿司　唐揚げ巻,1134.02,1361,283.0,320928.0
2025-10-21,7,塩こんぶおむすび,1134.02,1361,139.0,157629.0
2025-10-21,7,サンド寿司　まぐろたくあ,1134.02,1361,334.0,378763.0
2025-10-21,7,冷たい生パスタ海老トマト,1134.02,1361,499.0,565876.0
2025-10-21,7,ジューシーハムサンド,1134.02,1361,297.0,336804.0
2025-10-21,7,ラッキーＳリッチタバコ,1134.02,1361,391.0,443402.0
2025-10-21,7,テリヤキチキンとたまごＳ,1134.02,1361,323.0,366288.0
2025-10-21,7,ラッキーＳベリーＭ,1134.02,1361,391.0,443402.0
2025-10-21,7,ラッキーＳトロピカルＳ,1134.02,1361,391.0,443402.0
2025-10-21,7,３種チーズとハムのサンド,1134.02,1361,323.0,366288.0
2025-10-21,7,ベコンレタストマトサンド,1134.02,1361,369.0,418453.0
2025-10-21,7,ネオＢベリーハイパー用,1134.02,1361,455.0,515979.0
2025-10-21,7,チキン南蛮サンド,1134.02,1361,369.0,418453.0
2025-10-21,7,ミックスサンド,1134.02,1361,276.0,312990.0
2025-10-21,7,鶏焼肉のバインミー,1134.02,1361,369.0,418453.0
2025-10-21,7,シーチキン＆たまごサラダ,1134.02,1361,239.0,271031.0
2025-10-21,7,棒棒鶏風サラダ,1134.02,1361,406.0,460412.0
2025-10-21,7,和風ドレッシング,1134.02,1361,33.0,37423.0
2025-10-21,7,シャキシャキレタスサンド,1134.02,1361,297.0,336804.0
2025-10-21,7,サメジマブルーソーダ味,1134.02,1361,178.0,201856.0
2025-10-21,7,蒸鶏とねぎのトマトパスタ,1134.02,1361,462.0,523917.0
2025-10-21,7,大きなおむすび唐揚げマヨ,1134.02,1361,290.0,328866.0
2025-10-21,7,本まぐろわさび醤油おむす,1134.02,1361,280.0,317526.0
2025-10-21,7,◎ベーコンペッパーマヨ,1134.02,1361,121.0,137216.0
2025-10-21,7,メビウス,1134.02,1361,528.0,598763.0
2025-10-21,7,シャインマスカットのど飴,1134.02,1361,105.0,119072.0
2025-10-21,7,ぷっちょＳＴメガコーラ,1134.02,1361,118.0,133814.0
2025-10-21,7,ハイチュウグレープ,1134.02,1361,127.0,144021.0
2025-10-21,7,ハイライトメンソール,1134.02,1361,473.0,536391.0
2025-10-21,7,ハイチュウＰシャインマス,1134.02,1361,152.0,172371.0
2025-10-21,7,センティアＦグリーン,1134.02,1361,482.0,546598.0
2025-10-21,7,ハイライト,1134.02,1361,473.0,536391.0
2025-10-21,7,ハイチュウＰ巨峰,1134.02,1361,152.0,172371.0
2025-10-21,7,キャメルクラフトＭ５,1134.02,1361,410.0,464948.0
2025-10-21,7,アメスピＯＭ１,1134.02,1361,382.0,433196.0
2025-10-21,7,アメスピＯＭライト,1134.02,1361,382.0,433196.0
2025-10-21,7,コロロシャインマスカット,1134.02,1361,148.0,167835.0
2025-10-21,7,コーラアップ,1134.02,1361,242.0,274433.0
2025-10-21,7,アメスピライト,1134.02,1361,382.0,433196.0
2025-10-21,7,ハイチュウＰヨーグルト,1134.02,1361,152.0,172371.0
2025-10-21,7,ＭＶスムースＲプルーム,1134.02,1361,455.0,515979.0
2025-10-21,7,◎しみ旨フレンチトースト,1134.02,1361,144.0,163299.0
2025-10-21,7,ＭＶシトラスＯＰプルーム,1134.02,1361,455.0,515979.0
2025-10-21,7,◎もちっとつぶあんドーナ,1134.02,1361,125.0,141752.0
2025-10-21,7,◎ミニフレンチトースト４,1134.02,1361,172.0,195051.0
2025-10-21,7,センティアＤブロンズ,1134.02,1361,482.0,546598.0
2025-10-21,7,センティアＣジェイド,1134.02,1361,482.0,546598.0
2025-10-21,7,センティアクリアシルバー,1134.02,1361,482.0,546598.0
2025-10-21,7,専ＵＦＯプチ焼そばパン４,1134.02,1361,212.0,240412.0
2025-10-21,7,ケントＴＲメンソール,1134.02,1361,437.0,495567.0
2025-10-21,7,◎北海道メロンパン,1134.02,1361,125.0,141752.0
2025-10-21,7,ケントＴメンソール,1134.02,1361,437.0,495567.0
2025-10-21,7,◎生コッペパン（あんバタ,1134.02,1361,135.0,153093.0
2025-10-21,7,◎白生コッペパン（カスタ,1134.02,1361,128.0,145155.0
2025-10-21,7,マルボロ・ブラックＭ８,1134.02,1361,546.0,619175.0
2025-10-21,7,ＭＶＰＧレギュラーウィズ,1134.02,1361,546.0,619175.0
2025-10-21,7,ＭＶＰＧメンソールウィズ,1134.02,1361,546.0,619175.0
2025-10-21,7,ＭＶＧレッドＭウィズ,1134.02,1361,546.0,619175.0
2025-10-21,7,◎ふんわりホットケーキ２,1134.02,1361,128.0,145155.0
2025-10-21,7,◎完熟バナナパンケーキ,1134.02,1361,138.0,156495.0
2025-10-21,7,ＭＶベリーＯＰプルーム,1134.02,1361,455.0,515979.0
2025-10-21,7,◎いちごのクロワッサン（,1134.02,1361,147.0,166701.0
2025-10-21,7,ＭＶブラックＣＭプルーム,1134.02,1361,455.0,515979.0
2025-10-21,7,タフグミグレーピーパンチ,1134.02,1361,238.0,269897.0
2025-10-21,7,はちみつカリンのど飴,1134.02,1361,124.0,140618.0
2025-10-21,7,メビウスワン,1134.02,1361,528.0,598763.0
2025-10-21,7,メビウスＥ１　１００Ｓ,1134.02,1361,455.0,515979.0
2025-10-21,7,◎スーパーＣＨ無糖レモ３,1134.02,1361,119.0,134948.0
2025-10-21,7,おむすびおかずＳ（昆・ツ,1134.02,1361,434.0,492165.0
2025-10-21,7,特撰　白角水割　２５０,1134.02,1361,175.0,198454.0
2025-10-21,7,茉莉花ジャスミン茶割ＪＪ,1134.02,1361,181.0,205258.0
2025-10-21,7,檸檬堂夏のラムネとレモン,1134.02,1361,160.0,181443.0
2025-10-21,7,手巻寿司　サーモン（青ま,1134.02,1361,230.0,260825.0
2025-10-21,7,本搾りライム３５０,1134.02,1361,168.0,190515.0
2025-10-21,7,未来のレサワオリジナル３,1134.02,1361,271.0,307319.0
2025-10-21,7,ルイボスティーハイ３４０,1134.02,1361,181.0,205258.0
2025-10-21,7,手巻寿司　青しそ納豆,1134.02,1361,190.0,215464.0
2025-10-21,7,◎スーパーＣＨグレフル３,1134.02,1361,119.0,134948.0
2025-10-21,7,大関　佳撰ワンカップ,1134.02,1361,219.0,248350.0
2025-10-21,7,金麦３５０,1134.02,1361,180.0,204124.0
2025-10-21,7,いなり寿司３ヶ入,1134.02,1361,276.0,312990.0
2025-10-21,7,ザプレミアムモルツ３５０,1134.02,1361,254.0,288041.0
2025-10-21,7,黒ラベル３５０,1134.02,1361,216.0,244948.0
2025-10-21,7,炙り焼辛子明太子おむすび,1134.02,1361,251.0,284639.0
2025-10-21,7,◎パン・オ・ショコラ４個,1134.02,1361,184.0,208660.0
2025-10-21,7,６種具材の冷し中華,1134.02,1361,536.0,607835.0
2025-10-21,7,センティアＦパープル,1134.02,1361,482.0,546598.0
2025-10-21,7,キシリトール粒フレッシュ,1134.02,1361,178.0,201856.0
2025-10-21,7,大粒ラムネＲすっぱレモン,1134.02,1361,133.0,150825.0
2025-10-21,7,マルボロアイスＢ・Ｍ８,1134.02,1361,546.0,619175.0
2025-10-21,7,マルボロアイスＢ・Ｍ５,1134.02,1361,546.0,619175.0
2025-10-21,7,ベロＭＰＭインテンス,1134.02,1361,291.0,330000.0
2025-10-21,7,◎黒胡椒香るチーズフラン,1134.02,1361,184.0,208660.0
2025-10-21,7,ケント・１・１００ＢＯＸ,1134.02,1361,473.0,536391.0
2025-10-21,7,◎ファミマ・ザ・カレーパ,1134.02,1361,139.0,157629.0
2025-10-21,7,ケントエス・スパーク１,1134.02,1361,455.0,515979.0
2025-10-21,7,◎手巻きソーセージドーナ,1134.02,1361,158.0,179175.0
2025-10-21,7,マルボロゴールドＢ,1134.02,1361,546.0,619175.0
2025-10-21,7,キシリトール粒グレープ,1134.02,1361,178.0,201856.0
2025-10-21,7,キシリトール粒ライムミン,1134.02,1361,178.0,201856.0
2025-10-21,7,Ｗ・Ｃ・ホワイト・５,1134.02,1361,491.0,556804.0
2025-10-21,7,メビＰＭＯＰＰ１１００,1134.02,1361,528.0,598763.0
2025-10-21,7,メビウスＳＬ,1134.02,1361,528.0,598763.0
2025-10-21,7,フリスクＦＦマスカット,1134.02,1361,278.0,315258.0
2025-10-21,7,ヨーグレットミニ,1134.02,1361,150.0,170103.0
2025-10-21,7,メビウスＥＭＯＰＰ５Ｓ,1134.02,1361,455.0,515979.0
2025-10-21,7,メロンソーダアップ,1134.02,1361,242.0,274433.0
2025-10-21,7,ラムネアップ,1134.02,1361,242.0,274433.0
2025-10-21,7,サンスポ（サンケ,1134.02,1361,164.0,185979.0
2025-10-21,7,コンパクトＳ２４．５ｃｍ,1134.02,1361,230.0,260825.0
2025-10-21,7,忍者めしラムネ,1134.02,1361,125.0,141752.0
2025-10-21,7,週刊少年ジャンプ,1134.02,1361,282.0,319794.0
2025-10-21,7,男梅グミ,1134.02,1361,143.0,162165.0
2025-10-21,7,週　刊　文　春,1134.02,1361,464.0,526185.0
2025-10-21,7,◎ドライみかん,1134.02,1361,276.0,312990.0
2025-10-21,7,ヤングマガジン,1134.02,1361,464.0,526185.0
2025-10-21,7,◎ドライりんご,1134.02,1361,276.0,312990.0
2025-10-21,7,◎５種のナッツ＆フルーツ,1134.02,1361,198.0,224536.0
2025-10-21,7,◎おしゃぶり昆布,1134.02,1361,172.0,195051.0
2025-10-21,7,ＢＩＣ電子ライター,1134.02,1361,170.0,192783.0
2025-10-21,7,◎やみつき種ぬき干し梅,1134.02,1361,175.0,198454.0
2025-10-21,7,コンパクトＳ２１．５ｃｍ,1134.02,1361,230.0,260825.0
2025-10-21,7,◎除菌ハンディＷティシュ,1134.02,1361,164.0,185979.0
2025-10-21,7,コカ・コーラ　３００,1134.02,1361,110.0,124742.0
2025-10-21,7,◎みるくバターまんじゅう,1134.02,1361,144.0,163299.0
2025-10-21,7,◎パイまんじゅうつぶあん,1134.02,1361,153.0,173505.0
2025-10-21,7,ピュレグミＰ白桃,1134.02,1361,180.0,204124.0
2025-10-21,7,ピュレグミＰマスカット,1134.02,1361,180.0,204124.0
2025-10-21,7,ピュレグミグレープ味,1134.02,1361,150.0,170103.0
2025-10-21,7,◎紅はるかの熟成干し芋,1134.02,1361,260.0,294845.0
2025-10-21,7,龍角散ののどすっきり飴袋,1134.02,1361,280.0,317526.0
2025-10-21,7,まい塩あめ小袋,1134.02,1361,138.0,156495.0
2025-10-21,7,今治ＴＨドット,1134.02,1361,600.0,680412.0
2025-10-21,7,ハンカチＳＴ,1134.02,1361,600.0,680412.0
2025-10-21,7,婦人ショートＳ白,1134.02,1361,390.0,442268.0
2025-10-21,7,ひざ下２足ヌードベージュ,1134.02,1361,500.0,567010.0
2025-10-21,7,邪払のど飴小袋,1134.02,1361,119.0,134948.0
2025-10-21,7,◎ばんそうこうＭサイズ,1134.02,1361,362.0,410515.0
2025-10-21,7,プリッツ旨サラダ,1134.02,1361,131.0,148557.0
2025-10-21,7,◎チョコマシュマロ,1134.02,1361,139.0,157629.0
2025-10-21,7,◎ミニバタークッキー,1134.02,1361,128.0,145155.0
2025-10-21,7,シルキータッチふつう,1134.02,1361,398.0,451340.0
2025-10-21,7,◎練乳はちみつドーナツ,1134.02,1361,147.0,166701.0
2025-10-21,7,◎こだわりのマドレーヌ,1134.02,1361,147.0,166701.0
2025-10-21,7,ソフトタンポンコンパクト,1134.02,1361,282.0,319794.0
2025-10-21,7,◎こだわりのワッフル,1134.02,1361,144.0,163299.0
2025-10-21,7,今治ＴＨＳＴ／青橙,1134.02,1361,600.0,680412.0
2025-10-21,7,ジェットスリーム０．５,1134.02,1361,150.0,170103.0
2025-10-21,7,リングメモＡ７Ｂ罫,1134.02,1361,208.0,235876.0
2025-10-21,7,ハリボーハッピーコーラ,1134.02,1361,198.0,224536.0
2025-10-21,7,東スポ（東京スポーツ）,1134.02,1361,164.0,185979.0
2025-10-21,7,ドデカミンＢＩＧ,1134.02,1361,149.0,168969.0
2025-10-21,7,今治ＴＨネイビーＭＩＸ,1134.02,1361,600.0,680412.0
2025-10-21,7,◎ミニ羊羹　煉,1134.02,1361,91.0,103196.0
2025-10-21,7,ペプシコーラ　６００,1134.02,1361,130.0,147423.0
2025-10-21,7,無香料ケープ　ＳＨ　小,1134.02,1361,300.0,340206.0
2025-10-21,7,◎贅沢バウムクーヘン,1134.02,1361,202.0,229072.0
2025-10-21,7,◎とろけるチョコミントＣ,1134.02,1361,139.0,157629.0
2025-10-21,7,◎４種のフルーツケーキ,1134.02,1361,156.0,176907.0
2025-10-21,7,バナナバウムクーヘン,1134.02,1361,139.0,157629.0
2025-10-21,7,さらさらシートせっけん,1134.02,1361,295.0,334536.0
2025-10-21,7,ベースブレッドシナモン,1134.02,1361,260.0,294845.0
2025-10-21,7,ビオレふくだけＣうるおい,1134.02,1361,341.0,386701.0
2025-10-21,7,ベースブレッドチョコ,1134.02,1361,260.0,294845.0
2025-10-21,7,ベースブレッドメープル,1134.02,1361,260.0,294845.0
2025-10-21,7,天然水きりっとヨグ,1134.02,1361,159.0,180309.0
2025-10-21,7,Ｆリーフィアロールケーキ,1134.02,1361,165.0,187113.0
2025-10-21,7,梅のり巻,1134.02,1361,142.0,161031.0
2025-10-21,7,耐風ビニール傘６５,1134.02,1361,705.0,799484.0
2025-10-21,7,ＣＷワンタッチ開閉折傘,1134.02,1361,2014.0,2283916.0
2025-10-21,7,レインコートＬ,1134.02,1361,687.0,779072.0
2025-10-21,7,アクオグリーンミント,1134.02,1361,170.0,192783.0
2025-10-21,7,アクオクリアブルーミント,1134.02,1361,170.0,192783.0
2025-10-21,7,◎春雨スープ担々麺味,1134.02,1361,167.0,189381.0
2025-10-21,7,◎とん汁,1134.02,1361,167.0,189381.0
2025-10-21,7,Ｆレモンクリームのロール,1134.02,1361,153.0,173505.0
2025-10-21,7,クリアクリーントラベル,1134.02,1361,323.0,366288.0
2025-10-21,7,◎濃厚チョコパウンド,1134.02,1361,213.0,241546.0
2025-10-21,7,モンスターエナジーボトル,1134.02,1361,297.0,336804.0
2025-10-21,7,おっとっとうすしお味,1134.02,1361,131.0,148557.0
2025-10-21,7,チップスターＳうすしお味,1134.02,1361,144.0,163299.0
2025-10-21,7,アクエリアス５００,1134.02,1361,160.0,181443.0
2025-10-21,7,チップスターＳコンソメ味,1134.02,1361,144.0,163299.0
2025-10-21,7,サントリー天然水　２Ｌ,1134.02,1361,131.0,148557.0
2025-10-21,7,天然水１Ｌ,1134.02,1361,168.0,190515.0
2025-10-21,7,◎キャラメルコーン,1134.02,1361,119.0,134948.0
2025-10-21,7,◎ＢＳラーメン丸チキン味,1134.02,1361,119.0,134948.0
2025-10-21,7,◎天然水新潟県津南３７０,1134.02,1361,100.0,113402.0
2025-10-21,7,ＳＯＹＪＯＹ　黒ゴマ,1134.02,1361,125.0,141752.0
2025-10-21,7,◎きんつば,1134.02,1361,158.0,179175.0
2025-10-21,7,ウェルチ　１房分のぶどう,1134.02,1361,160.0,181443.0
2025-10-21,7,天然水きりっと果実,1134.02,1361,159.0,180309.0
2025-10-21,7,玉ねぎせん,1134.02,1361,158.0,179175.0
2025-10-21,7,贅沢保湿ポケットＴ,1134.02,1361,169.0,191649.0
2025-10-21,7,◎チョコミントタルト,1134.02,1361,176.0,199588.0
2025-10-21,7,◎チョコミントロール,1134.02,1361,167.0,189381.0
2025-10-21,7,◎水に流せるポケットＴ,1134.02,1361,133.0,150825.0
2025-10-21,7,◎紀州南高梅茎わかめ,1134.02,1361,158.0,179175.0
2025-10-21,7,◎種ぬきはちみつ干し梅,1134.02,1361,158.0,179175.0
2025-10-21,7,今治ＴＨ２５夏の色白,1134.02,1361,600.0,680412.0
2025-10-21,7,１本満足シリアルチョコ,1134.02,1361,152.0,172371.0
2025-10-21,7,１本満足シリアルブラック,1134.02,1361,152.0,172371.0
2025-10-21,7,爽健美茶３００,1134.02,1361,110.0,124742.0
2025-10-21,7,おーいお茶緑茶　３５０,1134.02,1361,110.0,124742.0
2025-10-21,7,１本満足シリアルホワイト,1134.02,1361,152.0,172371.0
2025-10-21,7,伊右衛門特茶,1134.02,1361,170.0,192783.0
2025-10-21,7,ヘルシア緑茶　３５０ｍｌ,1134.02,1361,180.0,204124.0
2025-10-21,7,Ｃ玄米ブラン　ブルーベリ,1134.02,1361,155.0,175773.0
2025-10-21,7,クラフトボスイタリアーノ,1134.02,1361,159.0,180309.0
2025-10-21,7,Ｃ玄米ブランメープル,1134.02,1361,155.0,175773.0
2025-10-21,7,モーニングマアムバニラ,1134.02,1361,130.0,147423.0
2025-10-21,7,◎玄米茶　６００,1134.02,1361,110.0,124742.0
2025-10-21,7,◎台湾烏龍茶　６００,1134.02,1361,110.0,124742.0
2025-10-21,7,ｉｎゼリーマルチビタミン,1134.02,1361,210.0,238144.0
2025-10-21,7,Ｃ１０００ビタミンレモン,1134.02,1361,130.0,147423.0
2025-10-21,7,◎ピーチマンゴールイボス,1134.02,1361,110.0,124742.0
2025-10-21,7,オロナミンＣ,1134.02,1361,135.0,153093.0
2025-10-21,7,ヘパリーゼＷ,1134.02,1361,276.0,312990.0
2025-10-21,7,い・ろ・は・す５４０,1134.02,1361,118.0,133814.0
2025-10-21,7,カロリＭハーフチーズ味,1134.02,1361,110.0,124742.0
2025-10-21,7,クラフトボス　ミルクラテ,1134.02,1361,166.0,188247.0
2025-10-21,7,伊右衛門　６００,1134.02,1361,158.0,179175.0
2025-10-21,7,午後の紅茶　ミルクティー,1134.02,1361,160.0,181443.0
2025-10-21,7,◎オレンジ香アールグレイ,1134.02,1361,110.0,124742.0
2025-10-21,7,きのこベーコン醤油パスタ,1134.02,1361,434.0,492165.0
2025-10-21,7,小岩井　Ｔｈｅカフェオレ,1134.02,1361,159.0,180309.0
2025-10-21,7,おーいお茶濃く香るほうじ,1134.02,1361,158.0,179175.0
2025-10-21,7,クラフトボスブラック,1134.02,1361,149.0,168969.0
2025-10-21,7,ウィルキンソン　レモン,1134.02,1361,112.0,127010.0
2025-10-21,7,クラフトボス　ラテ,1134.02,1361,159.0,180309.0
2025-10-21,7,除菌アルコールタオル,1134.02,1361,238.0,269897.0
2025-10-21,7,１００％　オレンジ,1134.02,1361,168.0,190515.0
2025-10-21,7,カルピス　ザ　リッチ,1134.02,1361,160.0,181443.0
2025-10-21,7,フェイシャルペーパー,1134.02,1361,250.0,283505.0
2025-10-21,7,ｉｎバーザクザクビター,1134.02,1361,170.0,192783.0
2025-10-21,7,ｉｎバー　ベイクドチョコ,1134.02,1361,170.0,192783.0
2025-10-21,7,カシミヤＥＸポケット,1134.02,1361,162.0,183711.0
2025-10-21,7,カロリＭハーフチョコ,1134.02,1361,110.0,124742.0
2025-10-21,7,アイルＣＲ電子ライター,1134.02,1361,159.0,180309.0
2025-10-21,7,カロリーＭハーフフルーツ,1134.02,1361,110.0,124742.0
2025-10-21,7,◎有機栽培の恵み天津甘栗,1134.02,1361,165.0,187113.0
2025-10-21,7,アクエリアス　９５０,1134.02,1361,166.0,188247.0
2025-10-21,7,はだおもい２３ｃｍ,1134.02,1361,253.0,286907.0
2025-10-21,7,コンパクトＳ３０．５ｃｍ,1134.02,1361,230.0,260825.0
2025-10-21,7,イーラインマスクピンク,1134.02,1361,299.0,339072.0
2025-10-21,7,プリングルズサワクリＳ,1134.02,1361,158.0,179175.0
2025-10-21,7,スタイルフィットグレー,1134.02,1361,410.0,464948.0
2025-10-21,7,スタイルフィットＯＬ,1134.02,1361,410.0,464948.0
2025-10-21,7,じゃがビーバターしょうゆ,1134.02,1361,164.0,185979.0
2025-10-21,7,ストロングサワーＣオニオ,1134.02,1361,155.0,175773.0
2025-10-21,7,超快適マスクふつう,1134.02,1361,350.0,396907.0
2025-10-21,7,超快適マスクやや大きめ,1134.02,1361,350.0,396907.0
2025-10-21,7,超快適マスク小さめ,1134.02,1361,350.0,396907.0
2025-10-21,7,７ＤＡＹＳマスク大きめ,1134.02,1361,298.0,337938.0
2025-10-21,7,◎香ばしいバタピー,1134.02,1361,167.0,189381.0
2025-10-21,7,フリクションノックＢＫ,1134.02,1361,230.0,260825.0
2025-10-21,7,◎薫製したうずらたまご,1134.02,1361,249.0,282371.0
2025-10-21,7,富士通ＰＲＥ　単４－４Ｐ,1134.02,1361,528.0,598763.0
2025-10-21,7,◎素焼きミックスナッツ,1134.02,1361,360.0,408247.0
2025-10-21,7,◎ＰＣ濃いめのり塩,1134.02,1361,139.0,157629.0
2025-10-21,7,◎ハンディウェットティシ,1134.02,1361,117.0,132680.0
2025-10-21,7,グリーンダカラ麦茶６８０,1134.02,1361,148.0,167835.0
2025-10-21,7,◎ジュワっとした塩バター,1134.02,1361,130.0,147423.0
2025-10-21,7,ベースブレッドミルク,1134.02,1361,260.0,294845.0
2025-10-21,7,メビウス・ワン・ＢＯＸ,1134.02,1361,528.0,598763.0
2025-10-21,7,カントリーＭミニバニラ,1134.02,1361,121.0,137216.0
2025-10-21,7,ミニたべっ子塩バター味,1134.02,1361,160.0,181443.0
2025-10-21,7,ｅ－ｍａのどグレープ小袋,1134.02,1361,118.0,133814.0
2025-10-21,7,金のミルク小袋,1134.02,1361,138.0,156495.0
2025-10-21,7,塩分チャージタブ小袋塩レ,1134.02,1361,140.0,158763.0
2025-10-21,7,ネオＣＬタバコハイパー用,1134.02,1361,455.0,515979.0
2025-10-21,7,キャメルクラフト６,1134.02,1361,410.0,464948.0
2025-10-21,7,ＭＶＧパープルＭウィズ,1134.02,1361,546.0,619175.0
2025-10-21,7,ＭＶアップルＯＰプルーム,1134.02,1361,455.0,515979.0
2025-10-21,7,ＭＶシャープＣＭプルーム,1134.02,1361,455.0,515979.0
2025-10-21,7,◎チョコチップクッキー,1134.02,1361,128.0,145155.0
2025-10-21,7,ＭＶディープＲプルーム,1134.02,1361,455.0,515979.0
2025-10-21,7,◎ちいさなオールレーズン,1134.02,1361,128.0,145155.0
2025-10-21,7,◎ガトーショコラ風チョコ,1134.02,1361,165.0,187113.0
2025-10-21,7,ＭＶペア―ＯＰプルーム,1134.02,1361,455.0,515979.0
2025-10-21,7,ベースブレッドこしあん,1134.02,1361,276.0,312990.0
2025-10-21,7,ベースブレッドオレンジ,1134.02,1361,276.0,312990.0
2025-10-21,7,◎スティックサラミ,1134.02,1361,110.0,124742.0
2025-10-21,7,◎おつまみイカフライ,1134.02,1361,110.0,124742.0
2025-10-21,7,週刊　モーニング,1134.02,1361,428.0,485361.0
2025-10-21,7,ジャパンニューズ,1134.02,1361,137.0,155361.0
2025-10-21,7,スポーツ報知東日本,1134.02,1361,164.0,185979.0
2025-10-21,7,東京新聞,1134.02,1361,128.0,145155.0
2025-10-21,7,毎日新聞,1134.02,1361,146.0,165567.0
2025-10-21,7,茨城新聞,1134.02,1361,137.0,155361.0
2025-10-21,7,堅ぶつ揚げとうもろこし味,1134.02,1361,128.0,145155.0
2025-10-21,7,ガルボつぶ練り苺ＰＫＰ,1134.02,1361,175.0,198454.0
2025-10-21,7,テリアフュージョンＭ,1134.02,1361,528.0,598763.0
2025-10-21,7,テリアブラックイエローＭ,1134.02,1361,528.0,598763.0
2025-10-21,7,チョコあーんぱん袋,1134.02,1361,121.0,137216.0
2025-10-21,7,産経新聞,1134.02,1361,128.0,145155.0
2025-10-21,7,タフグミ梅マニア,1134.02,1361,238.0,269897.0
2025-10-21,7,テリアトロピカルＭ,1134.02,1361,528.0,598763.0
2025-10-21,7,ＡｐｐｌｅＧＣ＿ＶＡＲ,1134.02,1361,3250.0,3685565.0
2025-10-21,7,ラッキーＥＸカット６,1134.02,1361,428.0,485361.0
2025-10-21,7,キャメルリッチプルーム,1134.02,1361,455.0,515979.0
2025-10-21,7,ソイチキン根菜ラップ,1134.02,1361,369.0,418453.0
2025-10-21,7,ガルボポケットパック,1134.02,1361,175.0,198454.0
2025-10-21,7,クランキーＰＪクランチＣ,1134.02,1361,175.0,198454.0
2025-10-21,7,センティアＴイエロー,1134.02,1361,482.0,546598.0
2025-10-21,7,◎カリカリ梅赤小袋,1134.02,1361,184.0,208660.0
2025-10-21,7,一番搾りホワイト３５０,1134.02,1361,216.0,244948.0
2025-10-21,7,未来のレサワプレーン３４,1134.02,1361,271.0,307319.0
2025-10-21,7,ガーナザクほろ塩ミルＰＪ,1134.02,1361,177.0,200722.0
2025-10-21,7,ひとくちルマンド,1134.02,1361,162.0,183711.0
2025-10-21,7,センティアＳゴールド,1134.02,1361,482.0,546598.0
2025-10-21,7,スニッカーズピーナッツ,1134.02,1361,150.0,170103.0
2025-10-21,7,◎こだわりのフィナンシェ,1134.02,1361,135.0,153093.0
2025-10-21,7,ツナたまごサンド,1134.02,1361,246.0,278969.0
2025-10-21,7,ちびサワーズドリンクアソ,1134.02,1361,211.0,239278.0
2025-10-21,7,メントスグレープ,1134.02,1361,120.0,136082.0
2025-10-21,7,スッパイスッパイマン大作,1134.02,1361,139.0,157629.0
2025-10-21,7,ミンティアＢ濃苺,1134.02,1361,211.0,239278.0
2025-10-21,7,シゲキックス梅ソルト味,1134.02,1361,120.0,136082.0
2025-10-21,7,植物生まれマスカットグミ,1134.02,1361,148.0,167835.0
2025-10-21,7,ザ・クレープ　生チョコ,1134.02,1361,230.0,260825.0
2025-10-21,7,さけるチーズプレーン,1134.02,1361,141.0,159897.0
2025-10-21,7,ナカミグミもも味,1134.02,1361,168.0,190515.0
2025-10-21,7,◎生コッペパン（ツナ＆ポ,1134.02,1361,149.0,168969.0
2025-10-21,7,◎いちごモッチ,1134.02,1361,139.0,157629.0
2025-10-21,7,◎アップルクリームデニッ,1134.02,1361,135.0,153093.0
2025-10-21,7,◎たっぷりクリームデニッ,1134.02,1361,116.0,131546.0
2025-10-21,7,クロレッツＸＰ　オリジナ,1134.02,1361,180.0,204124.0
2025-10-21,7,ミンティアドライハード,1134.02,1361,105.0,119072.0
2025-10-21,7,ミンティアＢシャイニーピ,1134.02,1361,211.0,239278.0
2025-10-21,7,果汁グミぶどう,1134.02,1361,152.0,172371.0
2025-10-21,7,ピュレグミレモン味,1134.02,1361,150.0,170103.0
2025-10-21,7,◎サラダチキンＳハーブ,1134.02,1361,172.0,195051.0
2025-10-21,7,◎グリルチキンＢＰ,1134.02,1361,221.0,250618.0
2025-10-21,7,野菜生活シークヮーサー,1134.02,1361,118.0,133814.0
2025-10-21,7,トマトジュース食塩無添加,1134.02,1361,113.0,128144.0
2025-10-21,7,エッセンシャルズ鉄分,1134.02,1361,152.0,172371.0
2025-10-21,7,エッセンシャルズビタミン,1134.02,1361,152.0,172371.0
2025-10-21,7,ネクターピーチティー,1134.02,1361,193.0,218866.0
2025-10-21,7,◎カフェラテ　砂糖不使用,1134.02,1361,181.0,205258.0
2025-10-21,7,のむフルーチェイチゴ,1134.02,1361,249.0,282371.0
2025-10-21,7,◎のむヨーグルトいちご,1134.02,1361,162.0,183711.0
2025-10-21,7,ＯＡＴＳＩＤＥプレーン,1134.02,1361,128.0,145155.0
2025-10-21,7,激シゲキックスソーダ,1134.02,1361,120.0,136082.0
2025-10-21,7,◎サラダチキンＳスモーク,1134.02,1361,172.0,195051.0
2025-10-21,7,ブレンドＳ,1134.02,1361,135.0,153093.0
2025-10-21,7,◎グリルチキンやきとり,1134.02,1361,221.0,250618.0
2025-10-21,7,アイスコーヒーＳ,1134.02,1361,135.0,153093.0
2025-10-21,7,◎おつまみかまぼこチーズ,1134.02,1361,173.0,196185.0
2025-10-21,7,◎豆腐と枝豆のひじき和え,1134.02,1361,239.0,271031.0
2025-10-21,7,◎特製ダレの味付けたまご,1134.02,1361,304.0,344742.0
2025-10-21,7,豚しゃぶのパスタサラダ,1134.02,1361,369.0,418453.0
2025-10-21,7,豚しゃぶおろしパスタサラ,1134.02,1361,369.0,418453.0
2025-10-21,7,彩りサラダチキンサンド,1134.02,1361,399.0,452474.0
2025-10-21,7,ゆでたまご＆ハムミックス,1134.02,1361,323.0,366288.0
2025-10-21,7,焦がし醤油風グリルチキン,1134.02,1361,369.0,418453.0
2025-10-21,7,ラッキーＥＸカット１０,1134.02,1361,428.0,485361.0
2025-10-21,7,◎チョコツイスト３本入,1134.02,1361,144.0,163299.0
2025-10-21,7,生ハムとルッコラ,1134.02,1361,462.0,523917.0
2025-10-21,7,◎生コッペパン（ダブルピ,1134.02,1361,135.0,153093.0
2025-10-21,7,おいしい牛乳２００ＭＬ,1134.02,1361,133.0,150825.0
2025-10-21,7,◎白生クリームパン（ダブ,1134.02,1361,147.0,166701.0
2025-10-21,7,◎炙りいかそうめん,1134.02,1361,193.0,218866.0
2025-10-21,7,Ｗ・Ｃホワイト１・１００,1134.02,1361,491.0,556804.0
2025-10-21,7,チップスターＳ梅しそ味,1134.02,1361,158.0,179175.0
2025-10-21,7,◎フランクロール,1134.02,1361,184.0,208660.0
2025-10-21,7,メビＰメンＯＰＰ８,1134.02,1361,528.0,598763.0
2025-10-21,7,今治ＴＨ千鳥,1134.02,1361,600.0,680412.0
2025-10-21,7,つかめる実験！ふしぎ玉,1134.02,1361,180.0,204124.0
2025-10-21,7,三次元マスクふつう,1134.02,1361,350.0,396907.0
2025-10-21,7,メビウスＥＸＬＢ,1134.02,1361,528.0,598763.0
2025-10-21,7,グミチョコ苺,1134.02,1361,233.0,264227.0
2025-10-21,7,マカダミアＰＪカラメリゼ,1134.02,1361,175.0,198454.0
2025-10-21,7,たべっ子ラムネレモン味,1134.02,1361,150.0,170103.0
2025-10-21,7,ポテトＣおたくのマヨ味,1134.02,1361,190.0,215464.0
2025-10-21,7,ケントＮＳインテンスリＦ,1134.02,1361,500.0,567010.0
2025-10-21,7,メビウスＥＭＯＰＰ１Ｓ,1134.02,1361,455.0,515979.0
2025-10-21,7,３色そぼろ＆チキン南蛮弁,1134.02,1361,580.0,657732.0
2025-10-21,7,海苔巻おかき,1134.02,1361,228.0,258557.0
2025-10-21,7,レジ袋４５号,1134.02,1361,7.0,7938.0
2025-10-21,7,◎マシマシ紅しょうがせん,1134.02,1361,119.0,134948.0
2025-10-21,7,◎おこめチップスのりしお,1134.02,1361,249.0,282371.0
2025-10-21,7,メビウス１・１００ＢＯＸ,1134.02,1361,528.0,598763.0
2025-10-21,7,◎ミニクッキー,1134.02,1361,128.0,145155.0
2025-10-21,7,グリーンガム,1134.02,1361,138.0,156495.0
2025-10-21,7,◎黒ごまミニアスパラガス,1134.02,1361,119.0,134948.0
2025-10-21,7,健康のど飴梅小袋,1134.02,1361,128.0,145155.0
2025-10-21,7,メビＰメンＯＰＰ５,1134.02,1361,528.0,598763.0
2025-10-21,7,富士通ＰＲＥ　単３－４Ｐ,1134.02,1361,528.0,598763.0
2025-10-21,7,オリオンドラフト３５０,1134.02,1361,216.0,244948.0
2025-10-21,7,週刊少年マガジン,1134.02,1361,364.0,412783.0
2025-10-21,7,ｉｎバープロテインバニラ,1134.02,1361,170.0,192783.0
2025-10-21,7,◎ひとくちこしあん大福５,1134.02,1361,156.0,176907.0
2025-10-21,7,ミルク餅,1134.02,1361,130.0,147423.0
2025-10-21,7,◎有明産の海苔,1134.02,1361,121.0,137216.0
2025-10-21,7,まるごとりんごのど飴小袋,1134.02,1361,128.0,145155.0
2025-10-21,7,キットカットバー,1134.02,1361,140.0,158763.0
2025-10-21,7,グミだよ。レモネード味,1134.02,1361,166.0,188247.0
2025-10-21,7,カンデミーナＷ電撃ライチ,1134.02,1361,200.0,226804.0
2025-10-21,7,◎スパイシービーフジャー,1134.02,1361,156.0,176907.0
2025-10-21,7,ＢＳラーメンおつまみ,1134.02,1361,131.0,148557.0
2025-10-21,7,ケントトゥルータバコ,1134.02,1361,437.0,495567.0
2025-10-21,7,フェットチーネＰピーチパ,1134.02,1361,148.0,167835.0
2025-10-21,7,◎超暴君ハバネロ,1134.02,1361,128.0,145155.0
2025-10-21,7,◎ノアールミニ,1134.02,1361,119.0,134948.0
2025-10-21,7,スティックのりＰＩＴ,1134.02,1361,232.0,263093.0
2025-10-21,7,ケントＴリッチタバコ,1134.02,1361,437.0,495567.0
2025-10-21,7,クロレッツＸＰシャープミ,1134.02,1361,180.0,204124.0
2025-10-21,7,クールループド,1134.02,1361,455.0,515979.0
2025-10-21,7,ラーク・マイルド・ＢＯＸ,1134.02,1361,491.0,556804.0
2025-10-21,7,週　刊　プ　ロ　レ　ス,1134.02,1361,573.0,649793.0
2025-10-21,7,◎しっとりバウムクーヘン,1134.02,1361,167.0,189381.0
2025-10-21,7,◎つぶあんどら焼き,1134.02,1361,144.0,163299.0
2025-10-21,7,今治ＴＨドット／黒青,1134.02,1361,600.0,680412.0
2025-10-21,7,アメスピＯＬゴールド,1134.02,1361,382.0,433196.0
2025-10-21,7,ビッグ　コミック,1134.02,1361,437.0,495567.0
2025-10-21,7,グランドジャンプ,1134.02,1361,437.0,495567.0
2025-10-21,7,◎ばかうけたっぷり青のり,1134.02,1361,110.0,124742.0
2025-10-21,7,ニベアディープモイスチャ,1134.02,1361,533.0,604433.0
2025-10-21,7,ホロチャージホロライブＧ,1134.02,1361,260.0,294845.0
2025-10-21,7,トロピカーナオレンジ,1134.02,1361,150.0,170103.0
2025-10-21,7,１本満足プロテインチョコ,1134.02,1361,171.0,193917.0
2025-10-21,7,プロテインバー　チョコ,1134.02,1361,180.0,204124.0
2025-10-21,7,堅あげポテトうすしお味,1134.02,1361,179.0,202990.0
2025-10-21,7,氷結グレープフルーツ３５,1134.02,1361,168.0,190515.0
2025-10-21,7,読売新聞,1134.02,1361,164.0,185979.0
2025-10-21,7,週刊ベースボール,1134.02,1361,564.0,639587.0
2025-10-21,7,明治Ｒ－１ドリンク,1134.02,1361,149.0,168969.0
2025-10-21,7,◎瀬戸内レモンピール,1134.02,1361,167.0,189381.0
2025-10-21,7,雑貨（雑誌便）,1134.02,1361,2490.0,2823710.0
2025-10-21,7,マルボロ・メン４Ｂ,1134.02,1361,546.0,619175.0
2025-10-21,7,Ｗ・Ｃレッド８・ＢＯＸ,1134.02,1361,491.0,556804.0
2025-10-21,7,ネオＢワイルドベリー,1134.02,1361,455.0,515979.0
2025-10-21,7,ポリッピーしお味,1134.02,1361,120.0,136082.0
2025-10-21,7,特撰月餅,1134.02,1361,140.0,158763.0
2025-10-21,7,ＭＶＰＧフローズンウィズ,1134.02,1361,546.0,619175.0
2025-10-21,7,ふわもち生大福　コーヒー,1134.02,1361,138.0,156495.0
2025-10-21,7,ラー油四川風麻婆焼そば,1134.02,1361,499.0,565876.0
2025-10-21,7,サラサクリップ　赤,1134.02,1361,99.0,112268.0
2025-10-21,7,エボコールドＭ　ＰＬＭ,1134.02,1361,500.0,567010.0
2025-10-21,7,べスティＥＸ首振り,1134.02,1361,100.0,113402.0
2025-10-21,7,野菜スティック味噌マヨ,1134.02,1361,276.0,312990.0
2025-10-21,7,冷たい明太カルボナーラ,1134.02,1361,499.0,565876.0
2025-10-21,7,フレッシュ野菜サラダ,1134.02,1361,199.0,225670.0
2025-10-21,7,ミニチーズおかきお好み焼,1134.02,1361,147.0,166701.0
2025-10-21,7,メビウスＥＯＰＰ８,1134.02,1361,455.0,515979.0
2025-10-21,7,週刊少年サンデー,1134.02,1361,346.0,392371.0
2025-10-21,7,セロテープ小巻直線カッタ,1134.02,1361,220.0,249484.0
2025-10-21,7,メビウスＢ,1134.02,1361,528.0,598763.0
2025-10-21,7,洗顔シート　石けんの香り,1134.02,1361,246.0,278969.0
2025-10-21,7,ラーク・ＢＯＸ,1134.02,1361,491.0,556804.0
2025-10-21,7,日刊ゲンダイ　通常版,1134.02,1361,164.0,185979.0
2025-10-21,7,ＡｐｐｌｅＧＣ　ＶＡＲ,1134.02,1361,5000.0,5670100.0
2025-10-21,7,ＭＶマスカットＯＰＰＬＭ,1134.02,1361,455.0,515979.0
2025-10-21,7,タフグミｍｉｎｉデュオ,1134.02,1361,238.0,269897.0
2025-10-21,7,フェイシャルＰアイス,1134.02,1361,250.0,283505.0
2025-10-21,7,パリジャンサンドハムチズ,1134.02,1361,323.0,366288.0
2025-10-21,7,レインボーキューブグミ,1134.02,1361,198.0,224536.0
2025-10-21,7,冷しとろろそば,1134.02,1361,508.0,576082.0
2025-10-21,7,メビウス１００Ｂ,1134.02,1361,528.0,598763.0
2025-10-21,7,◎グリルチキン梅しそ,1134.02,1361,221.0,250618.0
2025-10-21,7,午後の紅茶　ストレート,1134.02,1361,160.0,181443.0
2025-10-21,7,ネオアイスドＭハイパー,1134.02,1361,455.0,515979.0
2025-10-21,7,じゃがりこＬ明太もんじゃ,1134.02,1361,218.0,247216.0
2025-10-21,7,◎ふんわりカステラ,1134.02,1361,119.0,134948.0
2025-10-21,7,プロテインピーナッツバタ,1134.02,1361,249.0,282371.0
2025-10-21,7,ＭＶアロマＲプルーム,1134.02,1361,473.0,536391.0
2025-10-21,7,さけるチーズとうがらし味,1134.02,1361,141.0,159897.0
2025-10-21,7,◎麻辣花生,1134.02,1361,128.0,145155.0
2025-10-21,7,無限そら豆濃塩ポーク,1134.02,1361,158.0,179175.0
2025-10-21,7,ＡｐｐｌｅＧＣ１．５千,1134.02,1361,1500.0,1701030.0
2025-10-21,7,冷シート　フローラル,1134.02,1361,462.0,523917.0
2025-10-21,7,ポカリスエット５００,1134.02,1361,150.0,170103.0
2025-10-21,7,ポッキーチョコレート,1134.02,1361,207.0,234742.0
2025-10-21,7,メビウスＥ６　１００Ｓ,1134.02,1361,455.0,515979.0
2025-10-21,7,オイコス　ストロベリー,1134.02,1361,189.0,214330.0
2025-10-21,7,センティアＣグリーン,1134.02,1361,482.0,546598.0
2025-10-21,7,デイリースポーツ,1134.02,1361,146.0,165567.0
2025-10-21,7,ハムレタスたまごサンド,1134.02,1361,265.0,300515.0
2025-10-21,7,◎高地栽培バナナ１本,1134.02,1361,130.0,147423.0
2025-10-21,7,ＣＷ晴雨兼用ミニ折傘,1134.02,1361,2014.0,2283916.0
2025-10-21,7,濃い大満足みかん,1134.02,1361,239.0,271031.0
2025-10-21,7,塩分チャージタブレッツ,1134.02,1361,238.0,269897.0
2025-10-21,7,ケントＴベリーブースト,1134.02,1361,437.0,495567.0
2025-10-21,7,朝日新聞,1134.02,1361,164.0,185979.0
2025-10-21,7,１９６無糖Ｗパイン３５,1134.02,1361,161.0,182577.0
2025-10-21,7,ケントＮＳブライトタバコ,1134.02,1361,500.0,567010.0
2025-10-21,7,◎グリルチキンゆず七味,1134.02,1361,221.0,250618.0
2025-10-21,7,エボベリーＣＲ　ＰＬＭ,1134.02,1361,500.0,567010.0
2025-10-21,7,メビウスＳＬＢ,1134.02,1361,528.0,598763.0
2025-10-21,7,エボディープＲ　ＰＬＭ,1134.02,1361,500.0,567010.0
2025-10-21,7,ＳｐｏｒｔｓＧｒａｐｈｉ,1134.02,1361,746.0,845979.0
2025-10-21,7,少年チャンピオン,1134.02,1361,364.0,412783.0
2025-10-21,7,紳士リブＳ黒,1134.02,1361,390.0,442268.0
2025-10-21,7,文庫,1134.02,1361,600.0,680412.0
2025-10-21,7,ヤング　ジャンプ,1134.02,1361,428.0,485361.0
2025-10-21,7,フリスクペパーミント,1134.02,1361,235.0,266495.0
2025-10-21,7,テリアルビーレギュラー,1134.02,1361,528.0,598763.0
2025-10-21,7,週　刊　新　潮,1134.02,1361,464.0,526185.0
2025-10-21,7,◎２種の醤油仕上げ柿ピー,1134.02,1361,167.0,189381.0
2025-10-21,7,三次元マスク大きめ,1134.02,1361,350.0,396907.0
2025-10-21,7,顔体用シート　ゴミポケ,1134.02,1361,280.0,317526.0
2025-10-21,7,炙り焼　鳥めし弁当,1134.02,1361,526.0,596495.0
2025-10-21,7,今治ＴＨ　ハート,1134.02,1361,637.0,722371.0
2025-10-21,7,スポニチ東日本,1134.02,1361,164.0,185979.0
2025-10-21,7,ざるそば,1134.02,1361,417.0,472886.0
2025-10-21,7,◎塩揚げ餅,1134.02,1361,128.0,145155.0
2025-10-21,7,ラッキーＳベリーＢ,1134.02,1361,391.0,443402.0
2025-10-21,7,◎チョコチップスコーン,1134.02,1361,149.0,168969.0
2025-10-21,7,週　刊　実　話,1134.02,1361,519.0,588556.0
2025-10-21,7,チ－ズインカレ－ハンバ－,1134.02,1361,184.0,208660.0
2025-10-21,7,マルボロミディアムＢＯＸ,1134.02,1361,546.0,619175.0
2025-10-21,7,ＧＰｌａｙバリアブル,1134.02,1361,3000.0,3402060.0
2025-10-21,7,ソフトワン使い切り１回分,1134.02,1361,121.0,137216.0
2025-10-21,7,ソルティライチ,1134.02,1361,163.0,184845.0
2025-10-21,7,果汁グミ弾力プラスいちご,1134.02,1361,225.0,255154.0
2025-10-21,7,綴じノートＢ５Ａ罫,1134.02,1361,208.0,235876.0
2025-10-21,7,ニッカン東日本（日刊スポ,1134.02,1361,164.0,185979.0
2025-10-21,7,クリニカハミガキ　ミニ,1134.02,1361,91.0,103196.0
2025-10-21,7,アメリカヘアピン,1134.02,1361,280.0,317526.0
2025-10-21,7,午後の紅茶おいしい無糖,1134.02,1361,158.0,179175.0
2025-10-21,7,折りたたみセットコーム,1134.02,1361,491.0,556804.0
2025-10-21,7,極冷感　フリージア,1134.02,1361,462.0,523917.0
2025-10-21,7,回転焼（抹茶あん）２個入,1134.02,1361,147.0,166701.0
2025-10-21,7,冷しぶっかけ豚肉うどん,1134.02,1361,554.0,628247.0
2025-10-21,7,クリニカトラベルセット,1134.02,1361,330.0,374227.0
2025-10-21,7,かっぱえびせん鳴門の塩,1134.02,1361,158.0,179175.0
2025-10-21,7,プレミアムルック清水白桃,1134.02,1361,270.0,306185.0
2025-10-21,7,ポテトチップス大人の夏味,1134.02,1361,158.0,179175.0
2025-10-21,7,フリスクＣＢフレッシュＭ,1134.02,1361,278.0,315258.0
2025-10-21,7,◎あたりめ　小,1134.02,1361,147.0,166701.0
2025-10-21,7,ハッピーターンスパイス,1134.02,1361,120.0,136082.0
2025-10-21,7,◎チョコマカダミアクッキ,1134.02,1361,184.0,208660.0
2025-10-21,7,アイスコーヒーＭ,1134.02,1361,223.0,252886.0
2025-10-21,7,Ｆ謹製塩豆大福,1134.02,1361,167.0,189381.0
2025-10-21,7,◎トルティーヤＣタコス味,1134.02,1361,128.0,145155.0
2025-10-21,7,ミニ冷し中華,1134.02,1361,369.0,418453.0
2025-10-21,7,競馬ブック,1134.02,1361,500.0,567010.0
2025-10-21,7,週刊　漫画タイムス,1134.02,1361,364.0,412783.0
2025-10-21,7,ＢＳおつまみ激辛チキン,1134.02,1361,136.0,154227.0
2025-10-21,7,東スポ競馬特別版,1134.02,1361,228.0,258557.0
2025-10-21,7,キャメルクラフト１２,1134.02,1361,410.0,464948.0
2025-10-21,7,メビウスＳＴ１　１００,1134.02,1361,528.0,598763.0
2025-10-21,7,アロンアルフア速効多用途,1134.02,1361,501.0,568144.0
2025-10-21,7,◎風味が豊かなチーズ鱈小,1134.02,1361,172.0,195051.0
2025-10-21,7,ライトニング用イヤホン,1134.02,1361,3255.0,3691235.0
2025-10-21,7,ＭＶＭミントＭプルーム,1134.02,1361,455.0,515979.0
2025-10-21,7,◎春雨スープかきたま,1134.02,1361,167.0,189381.0
2025-10-21,7,ピアニシモ・プレシアメン,1134.02,1361,519.0,588556.0
2025-10-21,7,ハイマッキー　太字　黒,1134.02,1361,136.0,154227.0
2025-10-21,7,ミックスアイス,1134.02,1361,464.0,526185.0
2025-10-21,7,コミック,1134.02,1361,520.0,589690.0
2025-10-21,7,海味鮮,1134.02,1361,120.0,136082.0
2025-10-21,7,漫　画　ゴラク,1134.02,1361,500.0,567010.0
2025-10-21,7,ビッグコミックオリジナル,1134.02,1361,437.0,495567.0
2025-10-21,7,もっちりクリームロール,1134.02,1361,313.0,354948.0
2025-10-21,7,塩チョコタルト,1134.02,1361,258.0,292577.0
2025-10-21,7,雑誌（地元発行紙）,1134.02,1361,228.0,258557.0
2025-10-21,7,アクアリッチ　エッセンス,1134.02,1361,880.0,997938.0
2025-10-21,7,ベロブリージーマンゴーＭ,1134.02,1361,291.0,330000.0
2025-10-21,7,噛むブレスケアレモン,1134.02,1361,385.0,436598.0
2025-10-21,7,月刊　少年マガジン,1134.02,1361,637.0,722371.0
2025-10-21,7,マッキー　極細　黒,1134.02,1361,111.0,125876.0
2025-10-21,7,ネオＢレッドフルーツ,1134.02,1361,455.0,515979.0
2025-10-21,7,技のこだ割り濃厚醤油,1134.02,1361,138.0,156495.0
2025-10-21,7,さけるチーズスモーク味,1134.02,1361,141.0,159897.0
2025-10-21,7,冷シート　無香,1134.02,1361,462.0,523917.0
2025-10-21,7,大盛　明太子スパゲティ,1134.02,1361,554.0,628247.0
2025-10-21,7,ブレンドＭ,1134.02,1361,204.0,231340.0
2025-10-21,7,スポーツ報知,1134.02,1361,164.0,185979.0
2025-10-21,7,日刊スポーツ,1134.02,1361,164.0,185979.0
2025-10-21,7,競馬エイト,1134.02,1361,591.0,670206.0
2025-10-21,7,ゼロチョコレートクリスプ,1134.02,1361,220.0,249484.0
2025-10-21,7,◎ドライもも,1134.02,1361,276.0,312990.0
2025-10-21,7,メビウスＥＸＬ１００Ｂ,1134.02,1361,528.0,598763.0
2025-10-21,7,キャメルクラフト１,1134.02,1361,410.0,464948.0
2025-10-21,7,今治ＴＨＣグラデーション,1134.02,1361,600.0,680412.0
2025-10-21,7,今治ＴＨ　ストライプＢＧ,1134.02,1361,637.0,722371.0
2025-10-21,7,テリアメンソール１０Ｐ,1134.02,1361,5273.0,5979687.0
2025-10-21,7,オイコスドリンク　カフェ,1134.02,1361,248.0,281237.0
2025-10-21,7,明治ヨーグルトＲ－１,1134.02,1361,144.0,163299.0
2025-10-21,7,ネオＢマスカッット,1134.02,1361,455.0,515979.0
2025-10-21,7,夏ポテト紀州の南高梅味,1134.02,1361,179.0,202990.0
2025-10-21,7,ＧＰｌａｙ５０００,1134.02,1361,5000.0,5670100.0
2025-10-21,7,スパッシュラムネレモン,1134.02,1361,147.0,166701.0
2025-10-21,7,ラッキーＳトロピカルＢ,1134.02,1361,391.0,443402.0
2025-10-21,7,スフレ・プリン,1134.02,1361,306.0,347010.0
2025-10-21,7,スポーツニッポン,1134.02,1361,164.0,185979.0
2025-10-21,7,エボルタＮＥＯ単３－４Ｐ,1134.02,1361,659.0,747319.0
2025-10-21,7,アスティーグ肌　Ｌ,1134.02,1361,600.0,680412.0
2025-10-21,7,消しゴム　ＭＯＮＯ,1134.02,1361,110.0,124742.0
2025-10-21,7,キャップ付鉛筆３Ｐ,1134.02,1361,180.0,204124.0
2025-10-21,7,ケント・１・ＫＳ・ＢＯＸ,1134.02,1361,473.0,536391.0
2025-10-21,7,スーパーグリップシャープ,1134.02,1361,100.0,113402.0
2025-10-21,7,ショートＳ灰緑／白小,1134.02,1361,390.0,442268.0
2025-10-21,7,ソルティグレフルグミ,1134.02,1361,184.0,208660.0
2025-10-21,7,うまイチュウ青りんご味,1134.02,1361,127.0,144021.0
2025-10-21,7,ペタグーシャインマスカッ,1134.02,1361,150.0,170103.0
2025-10-21,7,クールマイルド・ＢＯＸ,1134.02,1361,528.0,598763.0
2025-10-21,7,マロッシュラムネ味,1134.02,1361,159.0,180309.0
2025-10-21,7,アポロマイスタイル,1134.02,1361,247.0,280103.0
2025-10-21,7,◎夏のベイクドチーズＣ,1134.02,1361,138.0,156495.0
2025-10-21,7,パイの実レアチーズケーキ,1134.02,1361,238.0,269897.0
2025-10-21,7,ビッグコミックスピリッツ,1134.02,1361,464.0,526185.0
2025-10-21,7,塩キャラメルプリン,1134.02,1361,230.0,260825.0
2025-10-21,7,クロレッツＸＰ　クリアミ,1134.02,1361,180.0,204124.0
2025-10-21,7,ライトニング電池式６本,1134.02,1361,2346.0,2660411.0
2025-10-21,7,多当仏　御霊前,1134.02,1361,87.0,98660.0
2025-10-21,7,テリヤキチキンたまごコぺ,1134.02,1361,323.0,366288.0
2025-10-21,7,ワンピデッキシャンクス,1134.02,1361,500.0,567010.0
2025-10-21,7,◎ばんそうこう３サイズ,1134.02,1361,362.0,410515.0
2025-10-21,7,◎塩キャラメルケーキタ３,1134.02,1361,167.0,189381.0
2025-10-21,7,Ｃボス　地中海スカッシュ,1134.02,1361,166.0,188247.0
2025-10-21,7,マッチ　５００,1134.02,1361,150.0,170103.0
2025-10-21,7,テリアスムースＲ１０Ｐ,1134.02,1361,5273.0,5979687.0
2025-10-21,7,こだわり酒場のレモン３５,1134.02,1361,161.0,182577.0
2025-10-21,7,狩人めしエナジードリンク,1134.02,1361,125.0,141752.0
2025-10-21,7,サントリー生ビール３５０,1134.02,1361,212.0,240412.0
2025-10-21,7,北海道生ビール３５０,1134.02,1361,216.0,244948.0
2025-10-21,7,◎やわらか燻製さきいか,1134.02,1361,184.0,208660.0
2025-10-21,7,◎とうふとわかめ,1134.02,1361,121.0,137216.0
2025-10-21,7,青磯海苔　まぐろたくあん,1134.02,1361,187.0,212062.0
2025-10-21,7,ザバスチョコレート２００,1134.02,1361,205.0,232474.0
2025-10-21,7,大粒ラムネアイスボックス,1134.02,1361,161.0,182577.0
2025-10-21,7,男梅サワー梅涼し３５０,1134.02,1361,187.0,212062.0
2025-10-21,7,もち麦　新生姜とわかめ,1134.02,1361,163.0,184845.0
2025-10-21,7,紳士くるぶし丈Ｓ黒,1134.02,1361,390.0,442268.0
2025-10-21,7,ショートＳ灰緑／白大,1134.02,1361,390.0,442268.0
2025-10-21,7,漬け真鯛おむすび,1134.02,1361,260.0,294845.0
2025-10-21,7,こってり炒飯おむすび,1134.02,1361,166.0,188247.0
2025-10-21,7,手巻寿司　ばくだん納豆,1134.02,1361,207.0,234742.0
2025-10-21,7,茶流彩彩　コーン茶,1134.02,1361,110.0,124742.0
2025-10-21,7,◎どかっとベーコンチーズ,1134.02,1361,139.0,157629.0
2025-10-21,7,ＢＩＧあらびきソーセージ,1134.02,1361,150.0,170103.0
2025-10-21,7,◎クランベリー＆チーズク,1134.02,1361,147.0,166701.0
2025-10-21,7,◎塩バターパン（チョコク,1134.02,1361,156.0,176907.0
2025-10-21,7,３種のミックスサンド,1134.02,1361,298.0,337938.0
2025-10-21,7,ネオＢトロピカルハイパー,1134.02,1361,455.0,515979.0
2025-10-21,7,ブラックＴココナッツ小袋,1134.02,1361,128.0,145155.0
2025-10-21,7,ぷっちょＳＴ瀬戸内レモン,1134.02,1361,118.0,133814.0
2025-10-21,7,みんなのレモネード,1134.02,1361,212.0,240412.0
2025-10-21,7,オレンジもちとろクリーム,1134.02,1361,184.0,208660.0
2025-10-21,7,まるごとバナナ,1134.02,1361,260.0,294845.0
2025-10-21,7,８×４ロールオンせっけん,1134.02,1361,641.0,726907.0
2025-10-21,7,ノンシュガー塩果実キャン,1134.02,1361,211.0,239278.0
2025-10-21,7,◎ふんわりとしたパンケ８,1134.02,1361,172.0,195051.0
2025-10-21,7,つくね＆鶏そぼろごはん,1134.02,1361,313.0,354948.0
2025-10-21,7,ＩＱＯＳｉＯＭブラック,1134.02,1361,3619.0,4104018.0
2025-10-21,7,◎焼きカレーパン３個入,1134.02,1361,184.0,208660.0
2025-10-21,7,プライドポテト神戸ビーフ,1134.02,1361,168.0,190515.0
2025-10-21,7,堅あげ焼きとうもろこし,1134.02,1361,179.0,202990.0
2025-10-21,7,◎Ｆボスブラック　４５０,1134.02,1361,130.0,147423.0
2025-10-21,7,コアラのマーチ練乳ミルク,1134.02,1361,177.0,200722.0
2025-10-21,7,ＰＧスパイシーチキンＳ缶,1134.02,1361,168.0,190515.0
2025-10-21,7,ハニーミルクティー,1134.02,1361,230.0,260825.0
2025-10-21,7,果汁グミすいか,1134.02,1361,152.0,172371.0
2025-10-21,7,カスタムプラスＥＸ首振り,1134.02,1361,398.0,451340.0
2025-10-21,7,ツナとたまごサンド,1134.02,1361,265.0,300515.0
2025-10-21,7,◎塩チョコフィナンシェ,1134.02,1361,167.0,189381.0
2025-10-21,7,大盛豚肉とねぎの塩焼そば,1134.02,1361,554.0,628247.0
2025-10-21,7,純連冷し味噌ラーメン,1134.02,1361,599.0,679278.0
2025-10-21,7,フルーツの沼メロン＆白桃,1134.02,1361,230.0,260825.0
2025-10-21,7,トルティーヤ豚生姜ハムチ,1134.02,1361,369.0,418453.0
2025-10-21,7,ぷっちょイカゲーム第二弾,1134.02,1361,193.0,218866.0
2025-10-21,7,Ｗ・Ｃホワイト３ＢＯＸ,1134.02,1361,491.0,556804.0
2025-10-21,7,毎日新聞（１都６県静０１,1134.02,1361,,
2025-10-21,7,東京スポーツ（１都６県静,1134.02,1361,,
2025-10-21,7,東京新聞（１都６県静０１,1134.02,1361,,
2025-10-21,7,スポーツ報知（関東東北北,1134.02,1361,,
2025-10-21,7,日刊ゲンダイ（１都６県静,1134.02,1361,,
2025-10-21,7,納豆細巻寿司（２巻増量）,1134.02,1361,389.0,441134.0
2025-10-21,7,ＪＴニューヨーク（旧：ヘ,1134.02,1361,,
2025-10-21,7,読売新聞（１都６県静０１,1134.02,1361,,
2025-10-21,7,日本経済新聞（静０５）,1134.02,1361,,
2025-10-21,7,朝日新聞（宮山梨静０５以,1134.02,1361,,
2025-10-21,7,ＴｈｅＪａｐａｎＮｅｗｓ,1134.02,1361,,
2025-10-21,7,産経新聞（宮山梨静０５以,1134.02,1361,,
2025-10-21,7,プロテインキャラメル,1134.02,1361,249.0,282371.0
2025-10-21,7,キャメルクラフトＭＢ５,1134.02,1361,410.0,464948.0
2025-10-21,7,◎どかっとテリマヨチキン,1134.02,1361,135.0,153093.0
2025-10-21,7,スポニチ（山梨静０５以外,1134.02,1361,,
2025-10-21,7,デイリースポーツ（１都６,1134.02,1361,,
2025-10-21,7,サンスポ（山梨静０５以外,1134.02,1361,,
2025-10-21,7,日刊スポ（山梨静０５以外,1134.02,1361,,
2025-10-21,7,婦人リブＳ白,1134.02,1361,390.0,442268.0
2025-10-21,7,◎こだわりのバタークッキ,1134.02,1361,239.0,271031.0
2025-10-21,7,Ｆはちみつ＆マーガリンの,1134.02,1361,147.0,166701.0
2025-10-21,7,男梅シート,1134.02,1361,200.0,226804.0
2025-10-21,7,ＧＰｌａｙ３０００,1134.02,1361,3000.0,3402060.0
2025-10-21,7,Ｓスター１０Ｂ,1134.02,1361,546.0,619175.0
2025-10-21,7,オイコス　パッションフル,1134.02,1361,189.0,214330.0
2025-10-21,7,コーヒー用氷Ｓ,1134.02,1361,,
2025-10-21,7,◎冷スープかぼちゃと人参,1134.02,1361,332.0,376495.0
2025-10-21,7,ＣＷ晴雨兼用スリム折傘,1134.02,1361,2014.0,2283916.0
2025-10-21,7,セブンスター１０Ｐ,1134.02,1361,5455.0,6186079.0
2025-10-21,7,フライドチキン＆ハンバー,1134.02,1361,555.0,629381.0
2025-10-21,7,ケントエス・スパーク５,1134.02,1361,455.0,515979.0
2025-10-21,7,Ｃ玄米ブラン贅沢ミルク,1134.02,1361,180.0,204124.0
2025-10-21,7,Ｃ玄米ブラン　カカオ,1134.02,1361,155.0,175773.0
2025-10-21,7,ブルガリアＹＯマスカット,1134.02,1361,185.0,209794.0
2025-10-21,7,激辛韓国風焼そば,1134.02,1361,510.0,578350.0
2025-10-21,7,◎フルーツＣ塩レモン,1134.02,1361,276.0,312990.0
2025-10-21,7,沖縄黒糖のブラウにゃー,1134.02,1361,220.0,249484.0
2025-10-21,7,カントリーＭ塩バニラアイ,1134.02,1361,145.0,164433.0
2025-10-21,7,シングルモルト白州１８０,1134.02,1361,1950.0,2211339.0
2025-10-21,7,週刊ＴＶガイド（関東版）,1134.02,1361,,
2025-10-21,7,その他３口座売上,1134.02,1361,649.0,735979.0
2025-10-21,7,竹箸　５００膳,1134.02,1361,,
2025-10-21,7,ＴＶＬＩＦＥ　首都圏版,1134.02,1361,,
2025-10-21,7,コーヒー用氷Ｍ,1134.02,1361,,
2025-10-21,7,ａｎａｎ（アンアン）,1134.02,1361,,
2025-10-21,7,コーヒーリッドＭ,1134.02,1361,,
2025-10-21,7,今治ＴＨフジＲ２５,1134.02,1361,637.0,722371.0
2025-10-21,7,ストローレスリッド,1134.02,1361,,
2025-10-21,7,しあわせ素肌ミニ夜用,1134.02,1361,162.0,183711.0
2025-10-21,7,ニンフィアゼリードリンク,1134.02,1361,249.0,282371.0
2025-10-21,7,新・値下シール３０円,1134.02,1361,,
2025-10-21,7,ＣＷ折りたたみ耐風傘,1134.02,1361,2014.0,2283916.0
2025-10-21,7,サンデー毎日,1134.02,1361,600.0,680412.0
2025-10-21,7,カフェカップＳ,1134.02,1361,,
2025-10-21,7,塩分チャージタブ小袋,1134.02,1361,140.0,158763.0
2025-10-21,7,週刊　女性セブン,1134.02,1361,482.0,546598.0
2025-10-21,7,第１０７回全国高校野球選,1134.02,1361,,
2025-10-21,7,お泊まりスキンケアセット,1134.02,1361,380.0,430928.0
2025-10-21,7,楽天ギフトバリアブル,1134.02,1361,10500.0,11907210.0
2025-10-21,7,ＡＥＲＡ（アエラ）,1134.02,1361,591.0,670206.0
2025-10-21,7,なめらか食感水ようかん,1134.02,1361,158.0,179175.0
2025-10-21,7,トマトベーコンパスタサラ,1134.02,1361,389.0,441134.0
2025-10-21,7,ベ　ス　ト　カ　ー,1134.02,1361,537.0,608969.0
2025-10-21,7,ポケカ拡張ステラ,1134.02,1361,164.0,185979.0
2025-10-21,7,ベロＢマンゴーＭ５Ｐ,1134.02,1361,1455.0,1649999.0
2025-10-21,7,明太マヨいか天,1134.02,1361,130.0,147423.0
2025-10-21,7,マウスＷクリア８０ＭＬ,1134.02,1361,200.0,226804.0
2025-10-21,7,こんがりパンポタージュ,1134.02,1361,170.0,192783.0
2025-10-21,7,クラフトテープ　１巻,1134.02,1361,,
2025-10-21,7,タリーズブラック３９０,1134.02,1361,158.0,179175.0
2025-10-21,7,アルバトロス・ビュー,1134.02,1361,,
2025-10-21,7,テリアレギュラー１０Ｐ,1134.02,1361,5273.0,5979687.0
2025-10-21,7,発注レジ袋１２号バイオマ,1134.02,1361,,
2025-10-21,7,ショコラ＆ホイップパイ,1134.02,1361,239.0,271031.0
2025-10-21,7,ビッグコミックスペリオー,1134.02,1361,464.0,526185.0
2025-10-21,7,ネイビーやまがた県民手帳,1134.02,1361,500.0,567010.0
2025-10-21,7,塩レモンクッキーシュー,1134.02,1361,204.0,231340.0
2025-10-21,7,アスティーグ黒　Ｍ,1134.02,1361,600.0,680412.0
2025-10-21,7,しょうが香る冷し薬味そば,1134.02,1361,,
2025-10-21,7,明太海苔弁当,1134.02,1361,555.0,629381.0
2025-10-21,7,東京スポーツ競馬特別版,1134.02,1361,,
2025-10-21,7,夏ポテト対馬の浜御塩味,1134.02,1361,179.0,202990.0
2025-10-21,7,優馬（関東山形福島）,1134.02,1361,,
2025-10-21,7,日刊競馬（関東山形福島）,1134.02,1361,,
2025-10-21,7,勝馬（関東山形福島）,1134.02,1361,,
2025-10-21,7,競友（関東福島）,1134.02,1361,,
2025-10-21,7,競馬エイト（関東福島）,1134.02,1361,,
2025-10-21,7,競馬ブック（関東山形福島,1134.02,1361,,
2025-10-21,7,馬サブロー（１都６県宮城,1134.02,1361,,
2025-10-21,7,研究（関東山形福島）,1134.02,1361,,
2025-10-21,7,リルＨリキッドＣ,1134.02,1361,73.0,82783.0
2025-10-21,7,ネックバンドイヤホン　黒,1134.02,1361,3164.0,3588039.0
2025-10-21,7,天使のチーズケーキ,1134.02,1361,230.0,260825.0
2025-10-21,7,プレジデント,1134.02,1361,,
2025-10-21,7,ＰＯＳレジロール５０巻,1134.02,1361,,
2025-10-21,7,ペーパータオルＢＳ,1134.02,1361,,
2025-10-21,7,ＪＴオンサンデー（旧：ジ,1134.02,1361,,
2025-10-21,7,コーヒーフレッシュ,1134.02,1361,,
2025-10-21,7,ダーク豆（ＵＣＣ）,1134.02,1361,,
2025-10-21,7,ピース（２０本）,1134.02,1361,546.0,619175.0
2025-10-21,7,２５０円スポーツ,1134.02,1361,228.0,258557.0
2025-10-21,7,ワンピデッキ緑黄ヤマト,1134.02,1361,500.0,567010.0
2025-10-21,7,ワンピデッキ紫黒ルフィ,1134.02,1361,500.0,567010.0
2025-10-21,7,婦人クルーＳ黒,1134.02,1361,390.0,442268.0
2025-10-21,7,ワンピデッキ　バギー,1134.02,1361,500.0,567010.0
2025-10-21,7,ハミガキハブラシセット,1134.02,1361,448.0,508041.0
2025-10-21,7,ＬストライクＢ,1134.02,1361,564.0,639587.0
2025-10-21,7,備蓄米１Ｋｇ,1134.02,1361,,
2025-10-21,7,ｉｎバー　ベイクドビター,1134.02,1361,170.0,192783.0
2025-10-21,7,２ＷＡＹマーカーピンク,1134.02,1361,180.0,204124.0
2025-10-21,7,ガムシロップ,1134.02,1361,,
2025-10-21,7,備蓄米　１ｋｇ,1134.02,1361,360.0,408247.0
2025-10-21,7,堅ぶつ旨塩,1134.02,1361,128.0,145155.0
2025-10-21,7,◎人気のミックスナッツ,1134.02,1361,360.0,408247.0
2025-10-21,7,うるおいさらっとジェル,1134.02,1361,248.0,281237.0
2025-10-21,7,ワンピデッキジュエリー,1134.02,1361,500.0,567010.0
2025-10-21,7,Ｃボス　フルーツエード,1134.02,1361,143.0,162165.0
2025-10-21,7,紅茶花伝　ミルクティー,1134.02,1361,155.0,175773.0
2025-10-21,7,週刊　プレイボーイ,1134.02,1361,591.0,670206.0
2025-10-21,7,今治ＴＨ２５春の色白,1134.02,1361,600.0,680412.0
2025-10-21,7,週　刊　大　衆,1134.02,1361,437.0,495567.0
2025-10-21,7,サクレグミレモン＆梨,1134.02,1361,208.0,235876.0
2025-10-21,7,つぶ塩梅,1134.02,1361,158.0,179175.0
2025-10-21,7,パーラメント１００ＢＯＸ,1134.02,1361,564.0,639587.0
2025-10-21,7,あの夏のラムネグミ,1134.02,1361,167.0,189381.0
2025-10-21,7,濃厚カスタードシュー,1134.02,1361,156.0,176907.0
2025-10-21,7,オレンジパンチ３５０,1134.02,1361,161.0,182577.0
2025-10-21,7,全粒粉サラダチキンたまご,1134.02,1361,369.0,418453.0
2025-10-21,7,パリジャン３種ミート,1134.02,1361,348.0,394639.0
2025-10-21,7,センテＩブラック１０Ｐ,1134.02,1361,4819.0,5464842.0
2025-10-21,7,炭火焼うなぎおむすび,1134.02,1361,369.0,418453.0
2025-10-21,7,海鮮サラダおむすび,1134.02,1361,147.0,166701.0
2025-10-21,7,おろしタツタ弁当（わかめ,1134.02,1361,598.0,678144.0
2025-10-21,7,ビーフハンバーグのロコモ,1134.02,1361,647.0,733711.0
2025-10-21,7,ＳＰＡＭ　玉子焼き,1134.02,1361,313.0,354948.0
2025-10-21,7,週刊　東洋経済,1134.02,1361,864.0,979793.0
2025-10-21,7,エ　コ　ノ　ミ　ス　ト,1134.02,1361,,
2025-10-21,7,テリアリッチＲ１０Ｐ,1134.02,1361,5273.0,5979687.0
2025-10-21,7,ＹＯＵＮＧ　ＫＩＮＧ（ヤ,1134.02,1361,464.0,526185.0
2025-10-21,7,野菜生活巨峰,1134.02,1361,118.0,133814.0
2025-10-21,7,ブーストバイツ,1134.02,1361,240.0,272165.0
2025-10-21,7,専炭治郎の抹茶クリームロ,1134.02,1361,158.0,179175.0
2025-10-21,7,銀鮭と煮物の幕の内弁当,1134.02,1361,555.0,629381.0
2025-10-21,7,鬼滅の刃フルーツオレ,1134.02,1361,249.0,282371.0
2025-10-21,7,アサイーボウルドリンク,1134.02,1361,249.0,282371.0
2025-10-21,7,◎生スコーン６個入（チー,1134.02,1361,172.0,195051.0
2025-10-21,7,サンド寿司　サーモン,1134.02,1361,334.0,378763.0
2025-10-21,7,Ｆ伊之助のほわほわ大福,1134.02,1361,125.0,141752.0
2025-10-21,7,Ｆ水柱の水まんじゅう（ラ,1134.02,1361,149.0,168969.0
2025-10-21,7,◎マラサダ（マカダミアチ,1134.02,1361,147.0,166701.0
2025-10-21,7,専胡蝶しのぶの藤色メロン,1134.02,1361,165.0,187113.0
2025-10-21,7,◎Ｆボス　ラテ　４５０,1134.02,1361,139.0,157629.0
2025-10-21,7,新Ｅプリンター用インク青,1134.02,1361,,
2025-10-21,7,◎レモネードソーダ,1134.02,1361,186.0,210928.0
2025-10-21,7,翠ジンソーダ３５０,1134.02,1361,194.0,220000.0
2025-10-21,7,ＳＰＡ！（スパ！）,1134.02,1361,573.0,649793.0
2025-10-21,7,半熟たまご大盛冷しうどん,1134.02,1361,554.0,628247.0
2025-10-21,7,ライオンカフェオレ,1134.02,1361,208.0,235876.0
2025-10-21,7,台湾風まぜそば,1134.02,1361,599.0,679278.0
2025-10-21,7,週刊女性自身,1134.02,1361,500.0,567010.0
2025-10-21,7,週刊ゴルフダイジェスト,1134.02,1361,573.0,649793.0
2025-10-21,7,クア・アイナテリチキン,1134.02,1361,369.0,418453.0
2025-10-21,7,フライドサイミン,1134.02,1361,,
2025-10-21,7,週刊アサヒ芸能,1134.02,1361,564.0,639587.0
2025-10-21,7,マカダミアパンケーキ,1134.02,1361,323.0,366288.0
2025-10-21,7,ＦＬＡＳＨ　（フラッシュ,1134.02,1361,664.0,752989.0
2025-10-21,7,ミンティアグレープ,1134.02,1361,105.0,119072.0
2025-10-21,7,健康のど飴冷やし飴小袋,1134.02,1361,138.0,156495.0
2025-10-21,7,コアラのマーチいちご,1134.02,1361,164.0,185979.0
2025-10-21,7,◎ハムエッグデニッシュ２,1134.02,1361,135.0,153093.0
2025-10-21,7,週　刊　女　性,1134.02,1361,,
2025-10-21,7,透明プリン？マンゴー？,1134.02,1361,194.0,220000.0
2025-10-21,7,青ねぎと蒸し鶏のパスタ,1134.02,1361,462.0,523917.0
2025-10-21,7,２０品目のサラダ,1134.02,1361,276.0,312990.0
2025-10-21,7,ベロＭＰミントＸインテン,1134.02,1361,310.0,351546.0
2025-10-21,7,◎りんごカスタードデニ４,1134.02,1361,167.0,189381.0
2025-10-21,7,◎ハムチーズクロワッサン,1134.02,1361,135.0,153093.0
2025-10-21,7,紳士ショートＳ黒,1134.02,1361,390.0,442268.0
2025-10-21,7,ラインＳ２５夏の色白大,1134.02,1361,390.0,442268.0
2025-10-21,7,カルピスＰマンゴーピーチ,1134.02,1361,170.0,192783.0
2025-10-21,7,ブリーフ団イカ墨まぜそば,1134.02,1361,369.0,418453.0
2025-10-21,7,江頭　激辛豚骨ラーメン,1134.02,1361,369.0,418453.0
2025-10-21,7,ラークウルトラ１・１００,1134.02,1361,491.0,556804.0
2025-10-21,7,◎ひとくち濃厚梅だれせん,1134.02,1361,139.0,157629.0
2025-10-21,7,ミニチーズおかきガーリッ,1134.02,1361,150.0,170103.0
2025-10-21,7,◎瀬戸内レモンのドーナツ,1134.02,1361,139.0,157629.0
2025-10-21,7,キリン晴れ風３５０,1134.02,1361,216.0,244948.0
2025-10-21,7,Ｇファイトシャープ芯ＨＢ,1134.02,1361,200.0,226804.0
2025-10-21,7,最強王図鑑激闘バトルグミ,1134.02,1361,193.0,218866.0
2025-10-21,7,すっぱいぶどうグミ,1134.02,1361,100.0,113402.0
2025-10-21,7,レインコートＭ,1134.02,1361,687.0,779072.0
2025-10-21,7,オイコス　レモン＆ハニー,1134.02,1361,179.0,202990.0
2025-10-21,7,４５Ｌ半透明ゴミ袋,1134.02,1361,,
2025-10-21,7,レジ従業員金庫引継ノート,1134.02,1361,,
2025-10-21,7,◎生コッペパン（ハムカツ,1134.02,1361,167.0,189381.0
2025-10-21,7,振って塩こんぶキャベツ,1134.02,1361,221.0,250618.0
2025-10-21,7,センティアＦエメラルド,1134.02,1361,482.0,546598.0
2025-10-21,7,サンカット　ＵＶスプレー,1134.02,1361,798.0,904948.0
2025-10-21,7,抹茶シベリア３個入,1134.02,1361,230.0,260825.0
2025-10-21,7,ライト豆（ＵＣＣ）,1134.02,1361,,
2025-10-21,7,ターザン,1134.02,1361,728.0,825567.0
2025-10-21,7,ジャージー牛乳プリン,1134.02,1361,178.0,201856.0
2025-10-21,7,ＡｐｐｌｅＧＣ＿５千,1134.02,1361,5000.0,5670100.0
2025-10-21,7,ベロスピッフィーＳミント,1134.02,1361,291.0,330000.0
2025-10-21,7,センテＣシルバー１０Ｐ,1134.02,1361,4819.0,5464842.0
2025-10-21,7,電卓　１２桁,1134.02,1361,1280.0,1451546.0
2025-10-21,7,ライトニングイヤホン変換,1134.02,1361,1982.0,2247628.0
2025-10-21,7,ＦＲＩＤＡＹ（フライデー,1134.02,1361,710.0,805154.0
2025-10-21,7,オレンジページ,1134.02,1361,544.0,616907.0
2025-10-21,7,ミルクソースのシフォン,1134.02,1361,369.0,418453.0
2025-10-21,7,ネオチルドＭハイパー用,1134.02,1361,455.0,515979.0
2025-10-21,7,カーセンサー東日本版,1134.02,1361,,
2025-10-21,7,Ｗｅｄｇｅ（ウェッジ）,1134.02,1361,,
2025-10-21,7,週　刊　ポ　ス　ト,1134.02,1361,519.0,588556.0
2025-10-21,7,ＵＳＢーＣ用イヤホン黒,1134.02,1361,2164.0,2454019.0
2025-10-21,7,Ｎｅｗｔｏｎ（ニュートン,1134.02,1361,1082.0,1227010.0
2025-10-21,7,パリパリ麺サラダ,1134.02,1361,369.0,418453.0
2025-10-21,7,カーセンサー首都圏版,1134.02,1361,,
2025-10-21,7,新Ｅプリンター用インク赤,1134.02,1361,,
2025-10-21,7,新Ｅプリンター用インク黒,1134.02,1361,,
2025-10-21,7,ネオＢマスカット,1134.02,1361,455.0,515979.0
2025-10-21,7,ＩＱＯＳｉＯＢブルー,1134.02,1361,3619.0,4104018.0
2025-10-21,7,クール・ＢＯＸ,1134.02,1361,528.0,598763.0
2025-10-21,7,アルカリ水クリーナ－詰替,1134.02,1361,,
2025-10-21,7,やまがた県民手帳ブラック,1134.02,1361,500.0,567010.0
2025-10-21,7,ごまだれ冷し中華,1134.02,1361,554.0,628247.0
2025-10-21,7,Ｓスター７Ｂ,1134.02,1361,546.0,619175.0
2025-10-21,7,綾鷹　濃い緑茶　６５０,1134.02,1361,158.0,179175.0
2025-10-21,7,ＵＳＢ－Ｃ電池充電器,1134.02,1361,1710.0,1939174.0
2025-10-21,7,氷結無糖スモモ３５０,1134.02,1361,168.0,190515.0
2025-10-21,7,ゼロシュガーフリーチョコ,1134.02,1361,220.0,249484.0
2025-10-21,7,トッポ,1134.02,1361,209.0,237010.0
2025-10-21,7,コーヒーリッド黒Ｓ,1134.02,1361,,
2025-10-21,7,カフェカップＭ,1134.02,1361,,
2025-10-21,7,◎フルーツミックス５００,1134.02,1361,112.0,127010.0
2025-10-21,7,◎南高梅うす塩個食,1134.02,1361,131.0,148557.0
2025-10-21,7,◎南高梅はちみつ入個食,1134.02,1361,131.0,148557.0
2025-10-21,7,◎生コッペパン（厚ぎりと,1134.02,1361,230.0,260825.0
2025-10-21,7,綾鷹　６５０,1134.02,1361,158.0,179175.0
2025-10-21,7,サントリー天然水　５５０,1134.02,1361,118.0,133814.0
2025-10-21,7,烏龍茶　６００,1134.02,1361,158.0,179175.0
2025-10-21,7,鮭わかめおむすび,1134.02,1361,139.0,157629.0
2025-10-21,7,つぶグミＰ濃厚マンゴー,1134.02,1361,198.0,224536.0
2025-10-21,7,ケント・６・１００ＢＯＸ,1134.02,1361,473.0,536391.0
2025-10-21,7,４Ｄグミ旅路のマジックア,1134.02,1361,221.0,250618.0
2025-10-21,7,モチド富良野メロン味,1134.02,1361,171.0,193917.0
2025-10-21,7,三ツ矢　ひんやり和梨,1134.02,1361,160.0,181443.0
2025-10-21,7,備蓄米　２Ｋｇ,1134.02,1361,,
2025-10-21,7,◎生コッペパン（チョコバ,1134.02,1361,135.0,153093.0
2025-10-21,7,ビスコ発酵バター,1134.02,1361,156.0,176907.0
2025-10-21,7,銀座ライオンビヤ３５０,1134.02,1361,216.0,244948.0
2025-10-21,7,◎プリンみたいなパン,1134.02,1361,119.0,134948.0
2025-10-21,7,善逸たまごＢＯＸＤ２,1134.02,1361,425.0,481958.0
2025-10-21,7,炭治郎＆義勇おむ２,1134.02,1361,369.0,418453.0
2025-10-21,7,はみでたチキンカツバーガ,1134.02,1361,369.0,418453.0
2025-10-21,7,国チキンとゴーダとたまご,1134.02,1361,443.0,502371.0
2025-10-21,7,海苔監修　手巻たまごかけ,1134.02,1361,185.0,209794.0
2025-10-21,7,手巻ベーコン＆コーンマヨ,1134.02,1361,184.0,208660.0
2025-10-21,7,◎桃大福,1134.02,1361,147.0,166701.0
2025-10-21,7,まるで鶏皮のようなＰＣ,1134.02,1361,176.0,199588.0
2025-10-21,7,Ｌｉｐｔｏｎチャームグミ,1134.02,1361,350.0,396907.0
2025-10-21,7,◎サーターアンダギー６個,1134.02,1361,165.0,187113.0
2025-10-21,7,週　刊　現　代,1134.02,1361,546.0,619175.0
2025-10-21,7,７０Ｌ半透明ゴミ袋,1134.02,1361,,
2025-10-21,7,スウェディッシュキャンデ,1134.02,1361,498.0,564742.0
2025-10-21,7,一粒梅おむすび,1134.02,1361,241.0,273299.0
2025-10-21,7,大粒ラムネ強炭酸シュワコ,1134.02,1361,133.0,150825.0
2025-10-21,7,きりっと果実　ピンクＧＦ,1134.02,1361,159.0,180309.0
2025-10-21,7,サラダラップチキンサルサ,1134.02,1361,348.0,394639.0
2025-10-21,7,新旧両用）ペーパフィルタ,1134.02,1361,,
2025-10-21,7,くりーむパン　カスタード,1134.02,1361,260.0,294845.0
2025-10-21,7,◎桃パウンドケーキ,1134.02,1361,165.0,187113.0
2025-10-21,7,めっちゃふくらむフーセン,1134.02,1361,158.0,179175.0
2025-10-21,7,しゃりｉｎグミソーダ味,1134.02,1361,168.0,190515.0
2025-10-21,7,すだち明太クリームうどん,1134.02,1361,462.0,523917.0
2025-10-21,7,岩下の新生姜いなり寿司,1134.02,1361,185.0,209794.0
2025-10-21,7,◎のむヨーグルトメロン,1134.02,1361,195.0,221134.0
2025-10-21,7,レモンチーズケーキ,1134.02,1361,156.0,176907.0
2025-10-21,7,バター醤油パスタ,1134.02,1361,426.0,483093.0
2025-10-21,7,りんごの目覚め,1134.02,1361,276.0,312990.0
2025-10-21,7,ミンティア宮崎日向夏,1134.02,1361,105.0,119072.0
2025-10-21,7,生ラムネ玉,1134.02,1361,152.0,172371.0
2025-10-21,7,タリーズ　無糖ラテ,1134.02,1361,170.0,192783.0
2025-10-21,7,名札バッジ　２個入,1134.02,1361,,
2025-10-21,7,フエラムネサイダー第２弾,1134.02,1361,138.0,156495.0
2025-10-21,7,たべっ子水族館ソルティ,1134.02,1361,170.0,192783.0
2025-10-21,7,マーブルパウチ,1134.02,1361,215.0,243814.0
2025-10-21,7,ドリトス激辛ナチョチーズ,1134.02,1361,180.0,204124.0
2025-10-21,7,ピンクグレープフルーツア,1134.02,1361,186.0,210928.0
2025-10-21,7,野菜生活ベリーサラダ,1134.02,1361,113.0,128144.0
2025-10-21,7,フルーツこれ１本ビタミン,1134.02,1361,150.0,170103.0
2025-10-21,7,Ｙｏｕｎｇ　ｃｈａｍｐｉ,1134.02,1361,410.0,464948.0
2025-10-21,7,ゆず塩ラーメンサラダ,1134.02,1361,389.0,441134.0
2025-10-21,7,◎お好み焼＆塩焼そば,1134.02,1361,,
2025-10-21,7,牛スープの旨み盛岡風冷麺,1134.02,1361,536.0,607835.0
2025-10-21,7,冷し鶏天タルタルうどん,1134.02,1361,599.0,679278.0
2025-10-21,7,オレンジ,1134.02,1361,315.0,357216.0
2025-10-21,7,グレープフルーツ,1134.02,1361,276.0,312990.0
2025-10-21,7,ラインＳＣ白１９－２２,1134.02,1361,390.0,442268.0
2025-10-21,7,備蓄米　２ｋｇ,1134.02,1361,700.0,793814.0
2025-10-21,7,◎オクラわかめとろり豆腐,1134.02,1361,258.0,292577.0
2025-10-21,7,コロネクッキー,1134.02,1361,71.0,80515.0
2025-10-21,7,フルーツサラダヨーグルト,1134.02,1361,230.0,260825.0
2025-10-21,7,野菜生活１００オリジナル,1134.02,1361,113.0,128144.0
2025-10-21,7,クラッシュ蒟蒻畑りんご味,1134.02,1361,183.0,207526.0
2025-10-21,7,ビスコ,1134.02,1361,156.0,176907.0
2025-10-21,7,サラダチキンロール,1134.02,1361,399.0,452474.0
2025-10-21,7,グローＨプロサクラＥＤ,1134.02,1361,3619.0,4104018.0
2025-10-21,7,ザ・クレープチョコバナナ,1134.02,1361,249.0,282371.0
2025-10-21,7,こだわりカレー,1134.02,1361,367.0,416185.0
2025-10-21,7,コーヒーゼリーパフェ,1134.02,1361,313.0,354948.0
2025-10-21,7,チョコラＳＰ　グレフル＆,1134.02,1361,149.0,168969.0
2025-10-21,7,キレート　ＭＵＫＵＭＩ,1134.02,1361,158.0,179175.0
2025-10-21,7,ワンピカードＢＥＳＴ２,1134.02,1361,500.0,567010.0
2025-10-21,7,アスティーグ黒　Ｌ,1134.02,1361,600.0,680412.0
2025-10-21,7,慶弔サインペン（筆文字）,1134.02,1361,250.0,283505.0
2025-10-21,7,モンスターエナジー,1134.02,1361,213.0,241546.0
2025-10-21,7,ヒヤロン,1134.02,1361,180.0,204124.0
2025-10-21,7,ラインＳ２５夏の色白小,1134.02,1361,390.0,442268.0
2025-10-21,7,冷し鶏ねぎそば,1134.02,1361,599.0,679278.0
2025-10-21,7,０．０１ゼロワン,1134.02,1361,900.0,1020618.0
2025-10-21,7,イープラス　発券,1134.02,1361,165.0,187113.0
2025-10-21,7,ダブルフロマージュ　２個,1134.02,1361,426.0,483093.0
2025-10-21,7,ＵＳＢ－Ｃ１．２ｍ,1134.02,1361,1255.0,1423195.0
2025-10-21,7,サンドおむすび　豚焼肉,1134.02,1361,323.0,366288.0
2025-10-21,7,ハイチュウＰメロン,1134.02,1361,152.0,172371.0
2025-10-21,7,マッチビタミンみかん,1134.02,1361,150.0,170103.0
2025-10-21,7,◎ハムチーズエッグマフィ,1134.02,1361,156.0,176907.0
2025-10-21,7,直巻　炙り焼　牛タン,1134.02,1361,199.0,225670.0
2025-10-21,7,具だくさん炙り焼鶏つくね,1134.02,1361,213.0,241546.0
2025-10-21,7,コミック乱,1134.02,1361,546.0,619175.0
2025-10-21,7,カニカママカロニサラダ,1134.02,1361,239.0,271031.0
2025-10-21,7,じゅるるマンゴー,1134.02,1361,221.0,250618.0
2025-10-21,7,コク旨たまごサンド,1134.02,1361,276.0,312990.0
2025-10-21,7,むっち実グミオレンジ味,1134.02,1361,198.0,224536.0
2025-10-21,7,たまご海老ブロコリサンド,1134.02,1361,348.0,394639.0
2025-10-21,7,カンデミーナ電撃マスカッ,1134.02,1361,200.0,226804.0
2025-10-21,7,◎ホットサンド（ハム＆チ,1134.02,1361,158.0,179175.0
2025-10-21,7,ウィルキンソンＥＸグレプ,1134.02,1361,117.0,132680.0
2025-10-21,7,生茶ほうじ煎茶,1134.02,1361,158.0,179175.0
2025-10-21,7,サーモン寿司,1134.02,1361,237.0,268763.0
2025-10-21,7,フレンチクルーラーミルク,1134.02,1361,193.0,218866.0
2025-10-21,7,ちいかわステッカーグミ,1134.02,1361,180.0,204124.0
2025-10-21,7,激モロコシフライドアラレ,1134.02,1361,158.0,179175.0
2025-10-21,7,んぽちゃむグミ,1134.02,1361,180.0,204124.0
2025-10-21,7,じゃがりこ肉じゃがｂｉｔ,1134.02,1361,129.0,146289.0
2025-10-21,7,１９６レモン３５０,1134.02,1361,161.0,182577.0
2025-10-21,7,ねるねるねるねドリンク,1134.02,1361,276.0,312990.0
2025-10-21,7,ポケカ拡張ナイトワンダ,1134.02,1361,164.0,185979.0
2025-10-21,7,ホームパイチビムーホ,1134.02,1361,140.0,158763.0
2025-10-21,7,野菜生活Ｓベリー＆ざくろ,1134.02,1361,178.0,201856.0
2025-10-21,7,テリヤキチキンとたまご,1134.02,1361,332.0,376495.0
2025-10-21,7,スーパー大麦安曇野わさび,1134.02,1361,181.0,205258.0
2025-10-21,7,◎つぶつぶいちご蒸しＣ,1134.02,1361,135.0,153093.0
2025-10-21,7,鶏そぼろ野沢菜醤油パスタ,1134.02,1361,369.0,418453.0
2025-10-21,7,ヨーグレットグミブルーベ,1134.02,1361,140.0,158763.0
2025-10-21,7,冷し明太クリームうどん,1134.02,1361,445.0,504639.0
2025-10-21,7,◎ツイストサンド（カスタ,1134.02,1361,128.0,145155.0
2025-10-21,7,野菜食べよう冷しタンメン,1134.02,1361,554.0,628247.0
2025-10-21,7,ポケぷにソーダ,1134.02,1361,218.0,247216.0
2025-10-21,7,チョコチャンクスコーン,1134.02,1361,119.0,134948.0
2025-10-21,7,窯出しとろけるプリン,1134.02,1361,195.0,221134.0
2025-10-21,7,香ばし炒めの玉子炒飯,1134.02,1361,341.0,386701.0
2025-10-21,7,ＢＳおつまみ焼そば味スパ,1134.02,1361,136.0,154227.0
2025-10-21,7,ナイキ　ラバーグローブＬ,1134.02,1361,498.0,564742.0
2025-10-21,7,冷し担担麺,1134.02,1361,462.0,523917.0
2025-10-21,7,はちみつとりんごのケーキ,1134.02,1361,276.0,312990.0
2025-10-21,7,センテＦグリーン１０Ｐ,1134.02,1361,4819.0,5464842.0
2025-10-21,7,３種チーズのミートソース,1134.02,1361,599.0,679278.0
2025-10-21,7,ピュレフルーツりんご,1134.02,1361,268.0,303917.0
2025-10-21,7,巨峰大福（白こしあん）,1134.02,1361,188.0,213196.0
2025-10-21,7,すッパイチュウレモン味,1134.02,1361,127.0,144021.0
2025-10-21,7,てんこ盛弁当,1134.02,1361,598.0,678144.0
2025-10-21,7,ナイキ　ラバーグローブＭ,1134.02,1361,498.0,564742.0
2025-10-21,7,厚切りポテトペッパー,1134.02,1361,142.0,161031.0
2025-10-21,7,ハイチュウ人気ミックス,1134.02,1361,127.0,144021.0
2025-10-21,7,コロコロハイチュウ,1134.02,1361,127.0,144021.0
2025-10-21,7,黒わらび餅,1134.02,1361,178.0,201856.0
2025-10-21,7,メガシャキ,1134.02,1361,239.0,271031.0
2025-10-21,7,ポケカ拡張メガシンフォ,1134.02,1361,164.0,185979.0
2025-10-21,7,ポケカ拡張メガブレイブ,1134.02,1361,164.0,185979.0
2025-10-21,7,イープラス　入金,1134.02,1361,16455.0,18660299.0
2025-10-21,7,夏のミルクシュー,1134.02,1361,138.0,156495.0
2025-10-21,7,ふわしゅわスフレレモン,1134.02,1361,249.0,282371.0
2025-10-21,7,ラッキーＳベリーＳ,1134.02,1361,391.0,443402.0
2025-10-21,7,グローＨプロオニキスＰ,1134.02,1361,3619.0,4104018.0
2025-10-21,7,エボＴバナナＣＰＬＭ,1134.02,1361,500.0,567010.0
2025-10-21,7,エボＴベリーＣＰＬＭ,1134.02,1361,500.0,567010.0
2025-10-21,7,マウススプレークールＭ,1134.02,1361,251.0,284639.0
2025-10-21,7,おーいお茶緑茶　６００,1134.02,1361,158.0,179175.0
2025-10-21,7,◎のむヨーグルトパイン,1134.02,1361,158.0,179175.0
2025-10-21,7,ルーローハン風パスタサラ,1134.02,1361,417.0,472886.0
2025-10-21,7,１９６白桃３５０,1134.02,1361,161.0,182577.0
2025-10-21,7,履歴書用紙,1134.02,1361,309.0,350412.0
2025-10-21,7,メガライフガード　７００,1134.02,1361,150.0,170103.0
2025-10-21,7,１９６マスカット３５０,1134.02,1361,161.0,182577.0
2025-10-21,7,ケントＮＳダークＦ,1134.02,1361,500.0,567010.0
2025-10-21,7,ワンピデッキ　ティーチ,1134.02,1361,500.0,567010.0
2025-10-21,7,ソフト携帯吸殻入れ,1134.02,1361,273.0,309587.0
2025-10-21,7,リチウム５０００ｍＡｈ,1134.02,1361,2982.0,3381648.0
2025-10-21,7,ユニアリ　ワンパンマン,1134.02,1361,350.0,396907.0
2025-10-21,7,多当祝　御祝,1134.02,1361,87.0,98660.0
2025-10-21,7,碧Ａｏ海薫るＨＢ３５０,1134.02,1361,350.0,396907.0
2025-10-21,7,ポケピファンピカチュウ,1134.02,1361,3164.0,3588039.0
2025-10-21,7,タフグミビッグバンピーチ,1134.02,1361,238.0,269897.0
2025-10-21,7,もちっとガブリマスカット,1134.02,1361,143.0,162165.0
2025-10-21,7,ＭＶＰＧレギュウィズ６Ｐ,1134.02,1361,3273.0,3711647.0
2025-10-21,7,テリアＯパール１０Ｐ,1134.02,1361,5273.0,5979687.0
2025-10-21,7,ふんわりたまごのオムライ,1134.02,1361,276.0,312990.0
2025-10-21,7,韓国風海苔佃煮おむすび,1134.02,1361,147.0,166701.0
2025-10-21,7,ラークスーパー５,1134.02,1361,491.0,556804.0
2025-10-21,7,青しそ高菜おむすび,1134.02,1361,139.0,157629.0
2025-10-21,7,ツメキリ　Ｓ,1134.02,1361,480.0,544330.0
2025-10-21,7,ビタミン野菜,1134.02,1361,113.0,128144.0
2025-10-21,7,ポケぷにフルーツ,1134.02,1361,218.0,247216.0
2025-10-21,7,◎ジューシーソーセージパ,1134.02,1361,135.0,153093.0
2025-10-21,7,炙り豚焼肉マヨネーズ,1134.02,1361,276.0,312990.0
2025-10-21,7,おーいお茶濃い茶６００,1134.02,1361,158.0,179175.0
2025-10-21,7,細ーいじゃがビーサワクリ,1134.02,1361,164.0,185979.0
2025-10-21,7,テリアＢルビーＭ１０Ｐ,1134.02,1361,5273.0,5979687.0
2025-10-21,7,Ｃ１０００コラーゲン＆,1134.02,1361,147.0,166701.0
2025-10-21,7,カニカマの寿司,1134.02,1361,174.0,197319.0
2025-10-21,7,いかめしおむすび,1134.02,1361,258.0,292577.0
2025-10-21,7,モッチュ白桃味,1134.02,1361,148.0,167835.0
2025-10-21,7,テリアミント１０Ｐ,1134.02,1361,5273.0,5979687.0
2025-10-21,7,◎増量うす焼せんべい,1134.02,1361,147.0,166701.0
2025-10-21,7,ポテロング,1134.02,1361,162.0,183711.0
2025-10-21,7,カルピス　リンゴ＆洋梨,1134.02,1361,160.0,181443.0
2025-10-21,7,ごろごろゆでたまごサンド,1134.02,1361,369.0,418453.0
2025-10-21,7,◎ふんわりもっちパン（チ,1134.02,1361,128.0,145155.0
2025-10-21,7,ミンティアＢブラック,1134.02,1361,211.0,239278.0
2025-10-21,7,増量チキンパスタサラダ,1134.02,1361,369.0,418453.0
2025-10-21,7,島星シトラスエール３５０,1134.02,1361,306.0,347010.0
2025-10-21,7,アーモンド効果プロテイン,1134.02,1361,198.0,224536.0
2025-10-21,7,小枝チョコクッキーサンド,1134.02,1361,239.0,271031.0
2025-10-21,7,冷たい生パスタツナトマト,1134.02,1361,499.0,565876.0
2025-10-21,7,◎レアチーズデニッシュ,1134.02,1361,147.0,166701.0
2025-10-21,7,にゃんともチーズ塩バニラ,1134.02,1361,230.0,260825.0
2025-10-21,7,ザクザクやみつきクランキ,1134.02,1361,198.0,224536.0
2025-10-21,7,増量ロースかつカレー,1134.02,1361,555.0,629381.0
2025-10-21,7,＊Ｆハイキューまんじゅう,1134.02,1361,172.0,195051.0
2025-10-21,7,ペタグーソーダ,1134.02,1361,150.0,170103.0
2025-10-21,7,超急速２ｉｎ１Ｃ＆Ｌ１ｍ,1134.02,1361,2346.0,2660411.0
2025-10-21,7,トマトジュースプレミアム,1134.02,1361,148.0,167835.0
2025-10-21,7,玉子焼＆ハムサンド,1134.02,1361,323.0,366288.0
2025-10-21,7,２種チーズとハムサンド,1134.02,1361,323.0,366288.0
2025-10-21,7,かぶり寿司　甘辛そぼろマ,1134.02,1361,283.0,320928.0
2025-10-21,7,◎増量チョコビスケット,1134.02,1361,139.0,157629.0
2025-10-21,7,マーブル,1134.02,1361,184.0,208660.0
2025-10-21,7,ラーク・１００・ＢＯＸ,1134.02,1361,491.0,556804.0
2025-10-21,7,１９６無糖冷凍みかん３５,1134.02,1361,161.0,182577.0
2025-10-21,7,メビウスワン１００Ｂ１０,1134.02,1361,5273.0,5979687.0
2025-10-21,7,◎ミニメンチカツバーガ３,1134.02,1361,195.0,221134.0
2025-10-21,7,野菜マシマシ冷し中華,1134.02,1361,647.0,733711.0
2025-10-21,7,ミンティアＢＣマイルド,1134.02,1361,210.0,238144.0
2025-10-21,7,塩おむすび,1134.02,1361,129.0,146289.0
2025-10-21,7,ミンティアＢＦピーチ,1134.02,1361,211.0,239278.0
2025-10-21,7,ミンティアＢＦレモン,1134.02,1361,211.0,239278.0
2025-10-21,7,カロリーメイトチョコ,1134.02,1361,220.0,249484.0
2025-10-21,7,カロリーメイト　バニラ,1134.02,1361,220.0,249484.0
2025-10-21,7,ゼロプロテインチョコ,1134.02,1361,198.0,224536.0
2025-10-21,7,カントリーＭマロンケーキ,1134.02,1361,180.0,204124.0
2025-10-21,7,カンロザストロングソーダ,1134.02,1361,200.0,226804.0
2025-10-21,7,◎増量大盛たこ焼き,1134.02,1361,554.0,628247.0
2025-10-21,7,フリクション３スリムＢＫ,1134.02,1361,541.0,613505.0
2025-10-21,7,パイの実,1134.02,1361,237.0,268763.0
2025-10-21,7,ゼログラノーラチョコ,1134.02,1361,198.0,224536.0
2025-10-21,7,ペタグーグレープ,1134.02,1361,150.0,170103.0
2025-10-21,7,ＩＱＯＳｉＯＤバイオレ,1134.02,1361,3619.0,4104018.0
2025-10-21,7,テリアＢトロピカルＭ,1134.02,1361,528.0,598763.0
2025-10-21,7,カレーせんオリジナルスパ,1134.02,1361,138.0,156495.0
2025-10-21,7,花椒香る　麻婆焼そばＤ２,1134.02,1361,554.0,628247.0
2025-10-21,7,ジャパンタイムズ,1134.02,1361,273.0,309587.0
2025-10-21,7,たまごっち　めじるし２,1134.02,1361,300.0,340206.0
2025-10-21,7,ワンピカード　師弟の絆,1134.02,1361,200.0,226804.0
2025-10-21,7,アポロチョコレート,1134.02,1361,184.0,208660.0
2025-10-21,7,テリアＢフューシャＭ,1134.02,1361,528.0,598763.0
2025-10-21,7,勝馬,1134.02,1361,500.0,567010.0
2025-10-21,7,おむすび２個（鮭・昆布）,1134.02,1361,313.0,354948.0
2025-10-21,7,クッキークリームクレープ,1134.02,1361,332.0,376495.0
2025-10-21,7,きのこの山のジクカール,1134.02,1361,263.0,298247.0
2025-10-21,7,アーモンド・ブリーズ微糖,1134.02,1361,128.0,145155.0
2025-10-21,7,チーズあじカカールアーモ,1134.02,1361,230.0,260825.0
2025-10-21,7,◎増量かーるいチーズスナ,1134.02,1361,128.0,145155.0
2025-10-21,7,三ツ矢サイダー５００,1134.02,1361,160.0,181443.0
2025-10-21,7,栄養強化型　１日分の野菜,1134.02,1361,131.0,148557.0
2025-10-21,7,ぶどうきゃん,1134.02,1361,128.0,145155.0
2025-10-21,7,大きなロール焼そばたまご,1134.02,1361,369.0,418453.0
2025-10-21,7,シーザーパスタサラダ,1134.02,1361,389.0,441134.0
2025-10-21,7,納豆細巻寿司（５巻増量）,1134.02,1361,389.0,441134.0
2025-10-21,7,わさび海苔　野沢菜わさび,1134.02,1361,175.0,198454.0
2025-10-21,7,さばほぐしごはん,1134.02,1361,332.0,376495.0
2025-10-21,7,ねるねるねるねゼリー,1134.02,1361,276.0,312990.0
2025-10-21,7,たまごボーロっち２,1134.02,1361,350.0,396907.0
2025-10-21,7,グミだよ。ピーチフラッペ,1134.02,1361,166.0,188247.0
2025-10-21,7,◎３種フルーツとナッツ,1134.02,1361,165.0,187113.0
2025-10-21,7,◎でっかいカレーたまごパ,1134.02,1361,139.0,157629.0
2025-10-21,7,◎チョコバナナロール,1134.02,1361,156.0,176907.0
2025-10-21,7,シゲキックスグレープ,1134.02,1361,120.0,136082.0
2025-10-21,7,天使のグミ甘熟マンゴー味,1134.02,1361,170.0,192783.0
2025-10-21,7,かむかむレモン,1134.02,1361,150.0,170103.0
2025-10-21,7,梨スムージー,1134.02,1361,193.0,218866.0
2025-10-21,7,のむアサイーボウル,1134.02,1361,188.0,213196.0
2025-10-21,7,ミルキーバニラアイス味,1134.02,1361,170.0,192783.0
2025-10-21,7,ウェルチ　マスカットＳＰ,1134.02,1361,160.0,181443.0
2025-10-21,7,ゆず鶏だしミニ塩ラーメン,1134.02,1361,399.0,452474.0
2025-10-21,7,コク旨醤油だれの油そば,1134.02,1361,499.0,565876.0
2025-10-21,7,くりーむメロンパン,1134.02,1361,276.0,312990.0
2025-10-21,7,ネバネバと大根のサラダ,1134.02,1361,297.0,336804.0
2025-10-21,7,麻辣湯,1134.02,1361,248.0,281237.0
2025-10-21,7,ポケピファンワッカネズミ,1134.02,1361,3164.0,3588039.0
2025-10-21,7,シフォンマンゴー＆ピーチ,1134.02,1361,250.0,283505.0
2025-10-21,7,ふわもち生大福　きなこ,1134.02,1361,138.0,156495.0
2025-10-21,7,生クリームパイコロネ,1134.02,1361,204.0,231340.0
2025-10-21,7,コカ・コーラゼロ５００,1134.02,1361,170.0,192783.0
2025-10-21,7,ケント１・１００Ｂ１０Ｐ,1134.02,1361,4728.0,5361647.0
2025-10-21,7,生茶６００,1134.02,1361,158.0,179175.0
2025-10-21,7,アリィージェルＵＶミニ,1134.02,1361,1346.0,1526391.0
2025-10-21,7,ｉｎゼリーＥＮ　ブドウ糖,1134.02,1361,210.0,238144.0
2025-10-21,7,その他１０口座売上,1134.02,1361,228.0,258557.0
2025-10-21,7,優馬,1134.02,1361,591.0,670206.0
2025-10-21,7,◎増量しみチョココーン,1134.02,1361,147.0,166701.0
2025-10-21,7,◎クルーラーリングドー８,1134.02,1361,184.0,208660.0
2025-10-21,7,◎クラウンメロンパン,1134.02,1361,139.0,157629.0
2025-10-21,7,◎つぶあんぱん北海道小豆,1134.02,1361,121.0,137216.0
2025-10-21,7,大きなチーズカレーパン（,1134.02,1361,184.0,208660.0
2025-10-21,7,梅づくしおむすび,1134.02,1361,172.0,195051.0
2025-10-21,7,もち麦　枝豆ゆかり,1134.02,1361,163.0,184845.0
2025-10-21,7,青磯海苔　漬けサーモン,1134.02,1361,199.0,225670.0
2025-10-21,7,三ツ矢　特濃アップル,1134.02,1361,160.0,181443.0
2025-10-21,7,ＧＰｌａｙ１０００,1134.02,1361,1000.0,1134020.0
2025-10-21,7,堅あげ極味玉ねぎ黒胡椒,1134.02,1361,196.0,222268.0
2025-10-21,7,秋味３５０,1134.02,1361,216.0,244948.0
2025-10-21,7,黒チャーハンおむすび,1134.02,1361,175.0,198454.0
2025-10-21,7,トルティーヤケバブチキン,1134.02,1361,369.0,418453.0
2025-10-21,7,ピュアポテト濃いのり塩,1134.02,1361,155.0,175773.0
2025-10-21,7,マシマシ焼もろこしせん,1134.02,1361,148.0,167835.0
2025-10-21,7,増量　天使のチーズケーキ,1134.02,1361,230.0,260825.0
2025-10-21,7,ＩＱＯＳｉＯＳモデル,1134.02,1361,3619.0,4104018.0
2025-10-21,7,ｉｎゼリートリプルＥ,1134.02,1361,210.0,238144.0
2025-10-21,7,ＳＰＡＭむすび　玉子焼き,1134.02,1361,320.0,362886.0
2025-10-21,7,蒸し鶏ラー油ネギ冷うどん,1134.02,1361,499.0,565876.0
2025-10-21,7,大きな具材ミックスサント,1134.02,1361,399.0,452474.0
2025-10-21,7,手巻寿司　梅ゆかり納豆,1134.02,1361,189.0,214330.0
2025-10-21,7,大きいバウムクーヘン,1134.02,1361,221.0,250618.0
2025-10-21,7,パリジャン　ハム＆チーズ,1134.02,1361,350.0,396907.0
2025-10-21,7,大きいフィナンシェ,1134.02,1361,221.0,250618.0
2025-10-21,7,◎メロンクリームパン４,1134.02,1361,156.0,176907.0
2025-10-21,7,サンド寿司　まぐろたたき,1134.02,1361,332.0,376495.0
2025-10-21,7,白いたべっ子おさつバター,1134.02,1361,180.0,204124.0
2025-10-21,7,大きなたまごづくしサンド,1134.02,1361,369.0,418453.0
2025-10-21,7,ウィルキンソンマスカット,1134.02,1361,138.0,156495.0
2025-10-21,7,◎北海道メロンのコロネ,1134.02,1361,135.0,153093.0
2025-10-21,7,ミニプラグ用イヤホン,1134.02,1361,1528.0,1732783.0
2025-10-21,7,マスカットのど飴小袋,1134.02,1361,138.0,156495.0
2025-10-21,7,じゃがりこＬヤンニョム,1134.02,1361,218.0,247216.0
2025-10-21,7,カレーコロッケバ－ガ－（,1134.02,1361,167.0,189381.0
2025-10-21,7,檸檬堂白ぶどうレモン３５,1134.02,1361,160.0,181443.0
2025-10-21,7,増量麻婆豆腐ごはん,1134.02,1361,462.0,523917.0
2025-10-21,7,ファミマ・ザ・ナポリタン,1134.02,1361,406.0,460412.0
2025-10-21,7,フルーチェグミイチゴ,1134.02,1361,184.0,208660.0
2025-10-21,7,ガルボチョコパウチ,1134.02,1361,270.0,306185.0
2025-10-21,7,冷たいパスタチキンバジル,1134.02,1361,499.0,565876.0
2025-10-21,7,ポケピファンポッチャマ,1134.02,1361,3164.0,3588039.0
2025-10-21,7,チキングリル弁当,1134.02,1361,555.0,629381.0
2025-10-21,7,辛口回鍋肉焼そば,1134.02,1361,536.0,607835.0
2025-10-21,7,パステルのプリンマドレー,1134.02,1361,220.0,249484.0
2025-10-21,7,ピュアポテト塩と岩塩,1134.02,1361,155.0,175773.0
2025-10-21,7,いちごミルク,1134.02,1361,269.0,305051.0
2025-10-21,7,甘辛醤油たれ唐揚弁当,1134.02,1361,555.0,629381.0
2025-10-21,7,ワンピカード意志,1134.02,1361,200.0,226804.0
2025-10-21,7,ビオレトラベルセット,1134.02,1361,620.0,703092.0
2025-10-21,7,ノンオイル青じそドレッシ,1134.02,1361,28.0,31753.0
2025-10-21,7,◎プリンみたいなパンケー,1134.02,1361,138.0,156495.0
2025-10-21,7,１９６王林３５０,1134.02,1361,161.0,182577.0
2025-10-21,7,オイコス　プレーン加糖,1134.02,1361,179.0,202990.0
2025-10-21,7,ＩＱＯＳｉＤバイオレット,1134.02,1361,6346.0,7196491.0
2025-10-21,7,柿安監修　牛すきおむすび,1134.02,1361,258.0,292577.0
2025-10-21,7,ＧＩＮＯＮレモン３５０,1134.02,1361,167.0,189381.0
2025-10-21,7,◎ラベルレス天然水安曇箱,1134.02,1361,489.0,554536.0
2025-10-21,7,一番搾り糖質ゼロ３５０,1134.02,1361,216.0,244948.0
2025-10-21,7,オニポテスナック,1134.02,1361,248.0,281237.0
2025-10-21,7,しゃりｉｎグミみかん,1134.02,1361,168.0,190515.0
2025-10-21,7,ググッタＳマスカット味,1134.02,1361,199.0,225670.0
2025-10-21,7,とろみーグミぶどう味,1134.02,1361,184.0,208660.0
2025-10-21,7,果汁グミシチリアレモン,1134.02,1361,152.0,172371.0
2025-10-21,7,◎ベーコン＆チーズデニッ,1134.02,1361,158.0,179175.0
2025-10-21,7,桃マカロン,1134.02,1361,249.0,282371.0
2025-10-21,7,梅蒸し鶏あったかそうめん,1134.02,1361,399.0,452474.0
2025-10-21,7,千里眼　ニンニクまぜそば,1134.02,1361,647.0,733711.0
2025-10-21,7,ナッツフルーツカッサータ,1134.02,1361,258.0,292577.0
2025-10-21,7,ＳＤブラックピンク３５０,1134.02,1361,216.0,244948.0
2025-10-21,7,大きな　鮭マヨと生たらこ,1134.02,1361,276.0,312990.0
2025-10-21,7,クリーミーほうじ茶ラテ,1134.02,1361,181.0,205258.0
2025-10-21,7,ハムカツサンド,1134.02,1361,297.0,336804.0
2025-10-21,7,◎たまご蒸しパン４個入,1134.02,1361,172.0,195051.0
2025-10-21,7,しゃりぷにょ梅グミ,1134.02,1361,170.0,192783.0
2025-10-21,7,もちゅグミ温州みかん味,1134.02,1361,184.0,208660.0
2025-10-21,7,むちもっちバナナグミ,1134.02,1361,180.0,204124.0
2025-10-21,7,プリン！？シュー,1134.02,1361,138.0,156495.0
2025-10-21,7,◎ジュワっとしたチーズ塩,1134.02,1361,139.0,157629.0
2025-10-21,7,たっぷりハムサンド,1134.02,1361,323.0,366288.0
2025-10-21,7,野菜生活マスカット,1134.02,1361,118.0,133814.0
2025-10-21,7,◎たっぷりマロンクリーム,1134.02,1361,147.0,166701.0
2025-10-21,7,◎生スコーン６個入（スイ,1134.02,1361,172.0,195051.0
2025-10-21,7,モンブランのサンダー,1134.02,1361,50.0,56701.0
2025-10-21,7,にじピグチップスうすしお,1134.02,1361,230.0,260825.0
2025-10-21,7,◎バウムクーヘン（４）,1134.02,1361,239.0,271031.0
2025-10-21,7,ブルーベリーサンド,1134.02,1361,195.0,221134.0
2025-10-21,7,ハガキフリー,1134.02,1361,200.0,226804.0
2025-10-21,7,ＢＩＯ　ブルーベリーミッ,1134.02,1361,168.0,190515.0
2025-10-21,7,半熟玉子冷ぶっかけうどん,1134.02,1361,399.0,452474.0
2025-10-21,7,ヴイックスのど飴シトラス,1134.02,1361,238.0,269897.0
2025-10-21,7,多当　　御見舞,1134.02,1361,87.0,98660.0
2025-10-21,7,しゃり蔵ザクザクッラー油,1134.02,1361,120.0,136082.0
2025-10-21,7,赤肉メロンミルク,1134.02,1361,267.0,302783.0
2025-10-21,7,完熟トマトベーコンパスタ,1134.02,1361,536.0,607835.0
2025-10-21,7,ＰＧスイートチリＳ缶,1134.02,1361,168.0,190515.0
2025-10-21,7,唐揚巻（マヨネーズ付）,1134.02,1361,462.0,523917.0
2025-10-21,7,クリーム＆コーヒーゼリー,1134.02,1361,135.0,153093.0
2025-10-21,7,ＵＳＢ－Ｃ電池式６本,1134.02,1361,1800.0,2041236.0
2025-10-21,7,甜面醤の旨ジャージャー麺,1134.02,1361,499.0,565876.0
2025-10-21,7,パリジャンサンドチキンべ,1134.02,1361,350.0,396907.0
2025-10-21,7,ケントＮＳスムースＦ,1134.02,1361,500.0,567010.0
2025-10-21,7,スパイシーチキン野菜サラ,1134.02,1361,554.0,628247.0
2025-10-21,7,充電器５０００ｍＡｈ,1134.02,1361,2982.0,3381648.0
2025-10-21,7,キャラパキ発掘恐竜,1134.02,1361,110.0,124742.0
2025-10-21,7,食べマスおぱんちゅうさぎ,1134.02,1361,350.0,396907.0
2025-10-21,7,海老マヨネーズおむすび,1134.02,1361,239.0,271031.0
2025-10-21,7,さけるグミハロウィン,1134.02,1361,120.0,136082.0
2025-10-21,7,◎シャルドネ香るティー,1134.02,1361,110.0,124742.0
2025-10-21,7,スニッカーズハーフＳアー,1134.02,1361,158.0,179175.0
2025-10-21,7,大きな　肉そぼろ卵黄ソー,1134.02,1361,297.0,336804.0
2025-10-21,7,ヱビス和奏３５０,1134.02,1361,272.0,308453.0
2025-10-21,7,タフグミＰＲＯローヤル,1134.02,1361,359.0,407113.0
2025-10-21,7,ヴァルトメンソールＣＬ,1134.02,1361,528.0,598763.0
2025-10-21,7,グロー・ヒーロ・ルビー,1134.02,1361,3619.0,4104018.0
2025-10-21,7,◎サクサク食感のミニチ５,1134.02,1361,184.0,208660.0
2025-10-21,7,ＧＯＤＩＶＡドリンク,1134.02,1361,397.0,450206.0
2025-10-21,7,伝説のケバブ風味ポテトＣ,1134.02,1361,193.0,218866.0
2025-10-21,7,北海道なまらでっかいシュ,1134.02,1361,315.0,357216.0
2025-10-21,7,クラッシュ蒟蒻畑みかん味,1134.02,1361,183.0,207526.0
2025-10-21,7,ＦＭオリジナル安食ロール,1134.02,1361,369.0,418453.0
2025-10-21,7,レッツハロウィンつぶグミ,1134.02,1361,158.0,179175.0
2025-10-21,7,◎ピリ辛明太フランス（か,1134.02,1361,135.0,153093.0
2025-10-21,7,◎和風ツナパン,1134.02,1361,135.0,153093.0
2025-10-21,7,ハラペーニョチキンチェダ,1134.02,1361,443.0,502371.0
2025-10-21,7,全粒粉サラダチキンとハム,1134.02,1361,369.0,418453.0
2025-10-21,7,◎ピスタチオいちごケーキ,1134.02,1361,230.0,260825.0
2025-10-21,7,焼ベーコン寿司,1134.02,1361,230.0,260825.0
2025-10-21,7,ちいかわ黒猫ミニバッグ,1134.02,1361,1000.0,1134020.0
2025-10-21,7,ごろっと白桃ケーキ,1134.02,1361,297.0,336804.0
2025-10-21,7,さくふわきなこもちぼーる,1134.02,1361,150.0,170103.0
2025-10-21,7,◎白生コッペパン（レアチ,1134.02,1361,153.0,173505.0
2025-10-21,7,秋のフルーツこれ一本,1134.02,1361,118.0,133814.0
2025-10-21,7,◎キャラメルバニラメロン,1134.02,1361,172.0,195051.0
2025-10-21,7,３１マスコットつきグミ２,1134.02,1361,350.0,396907.0
2025-10-21,7,◎ショコラクッキー,1134.02,1361,212.0,240412.0
2025-10-21,7,ピュレグミＰふじりんご,1134.02,1361,180.0,204124.0
2025-10-21,7,たぬきおむすび,1134.02,1361,138.0,156495.0
2025-10-21,7,わた雪みたいなレアチーズ,1134.02,1361,315.0,357216.0
2025-10-21,7,スイートポテトスティック,1134.02,1361,212.0,240412.0
2025-10-21,7,ハリボープリマヴェーラ,1134.02,1361,198.0,224536.0
2025-10-21,7,ザバスミルクキャラメル,1134.02,1361,222.0,251752.0
2025-10-21,7,パーラメントＥＸＬ１００,1134.02,1361,564.0,639587.0
2025-10-21,7,チャーシュー冷しまぜそば,1134.02,1361,599.0,679278.0
2025-10-21,7,氷結無糖ゆずＳＰ３５０,1134.02,1361,168.0,190515.0
2025-10-21,7,スティックモンブラン,1134.02,1361,249.0,282371.0
2025-10-21,7,１９６無糖ピンクＧＦ３５,1134.02,1361,161.0,182577.0
2025-10-21,7,◎アールグレイクロワッサ,1134.02,1361,172.0,195051.0
2025-10-21,7,ラーメン荘　豚ラーメン,1134.02,1361,647.0,733711.0
2025-10-21,7,◎ハムチーズデニッシュ４,1134.02,1361,184.0,208660.0
2025-10-21,7,ヴァルトダークタバコ,1134.02,1361,528.0,598763.0
2025-10-21,7,ヴァルトメロンクリック,1134.02,1361,528.0,598763.0
2025-10-21,7,ドラキュラへんしんグミ,1134.02,1361,350.0,396907.0
2025-10-21,7,わさびいなり寿司,1134.02,1361,178.0,201856.0
2025-10-21,7,ちいかわ花占いグミ,1134.02,1361,230.0,260825.0
2025-10-21,7,ねぎ塩チキン醤油まぶし飯,1134.02,1361,555.0,629381.0
2025-10-21,7,紫いもミルクティー,1134.02,1361,190.0,215464.0
2025-10-21,7,ＢＳラーメン柿の種ミック,1134.02,1361,110.0,124742.0
2025-10-21,7,焼まろん,1134.02,1361,215.0,243814.0
2025-10-21,7,ウィルキンソンＥＸ　ＧＦ,1134.02,1361,117.0,132680.0
2025-10-21,7,ミンティア瀬戸田レモン,1134.02,1361,105.0,119072.0
2025-10-21,7,北海道リッチミルクプリン,1134.02,1361,399.0,452474.0
2025-10-21,7,焼ほし芋,1134.02,1361,195.0,221134.0
2025-10-21,7,冷しすだちおろしうどん,1134.02,1361,510.0,578350.0
2025-10-21,7,テリヤキチキンのサラダ,1134.02,1361,397.0,450206.0
2025-10-21,7,和牛カラムーチョわさび,1134.02,1361,155.0,175773.0
2025-10-21,7,きのことベーコンのドリア,1134.02,1361,526.0,596495.0
2025-10-21,7,ｂｉｔｌｏｔガンダム,1134.02,1361,680.0,771134.0
2025-10-21,7,ポケカメガゲンガーｅｘ,1134.02,1361,1637.0,1856391.0
2025-10-21,7,ポケカメガディアンシー,1134.02,1361,1637.0,1856391.0
2025-10-21,7,◎トマトコンソメスープ,1134.02,1361,350.0,396907.0
2025-10-21,7,◎４種きのこクリームスー,1134.02,1361,426.0,483093.0
2025-10-21,7,Ａｐｐｌｅチャージ,1134.02,1361,10500.0,11907210.0
2025-10-21,7,ＨＷ変顔キャンディ,1134.02,1361,400.0,453608.0
2025-10-21,7,週末版ジャパンタイムズ,1134.02,1361,364.0,412783.0
2025-10-21,7,魚ギョッと釣りグミ,1134.02,1361,70.0,79381.0
2025-10-21,7,じゃりむちグミピーチＳ,1134.02,1361,175.0,198454.0
2025-10-21,7,スターバックス　ブラック,1134.02,1361,168.0,190515.0
2025-10-21,7,フリスクＦＦみかん,1134.02,1361,278.0,315258.0
2025-10-21,7,アップルパンチ３５０,1134.02,1361,161.0,182577.0
2025-10-21,7,山ちゃん監修　海老天むす,1134.02,1361,276.0,312990.0
2025-10-21,7,スヌーピークッキーサンド,1134.02,1361,369.0,418453.0
2025-10-21,7,◎塩バターケーキタルト,1134.02,1361,147.0,166701.0
2025-10-21,7,ＳＰＡＭ　玉子焼き明太子,1134.02,1361,369.0,418453.0
2025-10-21,7,ヴァルトＩメンソールＣＬ,1134.02,1361,528.0,598763.0
2025-10-21,7,スターバックスカフェラテ,1134.02,1361,178.0,201856.0
2025-10-21,7,グローＨＧブラック,1134.02,1361,1346.0,1526391.0
2025-10-21,7,ガイコツグミグレープ味,1134.02,1361,230.0,260825.0
2025-10-21,7,モンストロマーブルガム,1134.02,1361,100.0,113402.0
2025-10-21,7,ぷっちょ袋ＨＷアソート,1134.02,1361,210.0,238144.0
2025-10-21,7,宇都宮線・高崎線チップス,1134.02,1361,156.0,176907.0
2025-10-21,7,つくねおむすび,1134.02,1361,276.0,312990.0
2025-10-21,7,ヴァルトＩベリークリック,1134.02,1361,528.0,598763.0
2025-10-21,7,おーいお茶濃茶ストロング,1134.02,1361,158.0,179175.0
2025-10-21,7,ちぎれるブリオッシュパン,1134.02,1361,147.0,166701.0
2025-10-21,7,鮭金ごまおむすび,1134.02,1361,139.0,157629.0
2025-10-21,7,ピュレグミラ・フランス,1134.02,1361,150.0,170103.0
2025-10-21,7,チュッパサワーバイトグミ,1134.02,1361,158.0,179175.0
2025-10-21,7,味付海苔　ベーコンマヨ,1134.02,1361,184.0,208660.0
2025-10-21,7,バナナカスタードブリュレ,1134.02,1361,350.0,396907.0
2025-10-21,7,◎生コッペパン（オムナポ,1134.02,1361,184.0,208660.0
2025-10-21,7,◎伊右衛門　濃い緑茶,1134.02,1361,121.0,137216.0
2025-10-21,7,チョコクリームたい焼き,1134.02,1361,176.0,199588.0
2025-10-21,7,専スヌーピーチョコドーナ,1134.02,1361,156.0,176907.0
2025-10-21,7,ヴァルトベリークリック,1134.02,1361,528.0,598763.0
2025-10-21,7,鶏天うどん,1134.02,1361,599.0,679278.0
2025-10-21,7,チキンカツサンド,1134.02,1361,399.0,452474.0
2025-10-21,7,ルーシーのレモネード,1134.02,1361,184.0,208660.0
2025-10-21,7,ブルガリアＹＯさくらんぼ,1134.02,1361,195.0,221134.0
2025-10-21,7,たべっ子ラムネみかん,1134.02,1361,150.0,170103.0
2025-10-21,7,さつまりこ焼きいも,1134.02,1361,185.0,209794.0
2025-10-21,7,◎焦がしバターのクロワッ,1134.02,1361,121.0,137216.0
2025-10-21,7,モッチ生ドーナツ生チョコ,1134.02,1361,184.0,208660.0
2025-10-21,7,カンデミーナＳＰベスト,1134.02,1361,200.0,226804.0
2025-10-21,7,ＦチャーリーＢロール,1134.02,1361,165.0,187113.0
2025-10-21,7,ルックア・ラ・モード,1134.02,1361,200.0,226804.0
2025-10-21,7,ルックホワイトラバーズ,1134.02,1361,200.0,226804.0
2025-10-21,7,くりーむパン　和栗,1134.02,1361,269.0,305051.0
2025-10-21,7,Ｐルックシャインマスカッ,1134.02,1361,270.0,306185.0
2025-10-21,7,海老とブロッコリーロール,1134.02,1361,369.0,418453.0
2025-10-21,7,かぶり寿司　旨辛唐揚げ巻,1134.02,1361,283.0,320928.0
2025-10-21,7,Ｐルック生キャラメル,1134.02,1361,270.0,306185.0
2025-10-21,7,来来亭監修　冷し中華,1134.02,1361,554.0,628247.0
2025-10-21,7,野菜生活Ｓアサイーバナナ,1134.02,1361,178.0,201856.0
2025-10-21,7,ポテトＣ感謝のほたてしお,1134.02,1361,157.0,178041.0
2025-10-21,7,ぷっちょＳＴ有田みかん,1134.02,1361,118.0,133814.0
2025-10-21,7,ａｍｉ活ゼリーピングレ味,1134.02,1361,210.0,238144.0
2025-10-21,7,ベーコンとレタスのサラダ,1134.02,1361,332.0,376495.0
2025-10-21,7,カカオ味わうショコララテ,1134.02,1361,230.0,260825.0
2025-10-21,7,スッパイマンちいかわ一番,1134.02,1361,200.0,226804.0
2025-10-21,7,天津あんかけ焼そば,1134.02,1361,554.0,628247.0
2025-10-21,7,ヴァルトミントクリック,1134.02,1361,528.0,598763.0
2025-10-21,7,生パスタ　カルボナーラ,1134.02,1361,499.0,565876.0
2025-10-21,7,プルームオーラＪブラック,1134.02,1361,2710.0,3073194.0
2025-10-21,7,帆立と鰹の昆布水つけ麺,1134.02,1361,600.0,680412.0
2025-10-21,7,秋のフルーツスムージー,1134.02,1361,193.0,218866.0
2025-10-21,7,Ｗ・Ｃホワイト５・１０Ｐ,1134.02,1361,4910.0,5568038.0
2025-10-21,7,ＧＰｌａｙ１００００,1134.02,1361,10000.0,11340200.0
2025-10-21,7,白身フライごはん,1134.02,1361,276.0,312990.0
2025-10-21,7,カルピス　Ｐグレープ,1134.02,1361,170.0,192783.0
2025-10-21,7,◎なすトマトソースグラタ,1134.02,1361,508.0,576082.0
2025-10-21,7,０１：ＢＥ：ＦＩＲＳＴ,1134.02,1361,0.0,0.0
2025-10-21,7,コミック乱ツインズ,1134.02,1361,528.0,598763.0
2025-10-21,7,いなり寿司５ヶ入,1134.02,1361,443.0,502371.0
2025-10-21,7,◎根菜入つくね和風スープ,1134.02,1361,406.0,460412.0
2025-10-21,7,もち明太チーズドリア,1134.02,1361,491.0,556804.0
2025-10-21,7,シングルモルト山崎１８０,1134.02,1361,1950.0,2211339.0
2025-10-21,7,グミチョコボールぶどう味,1134.02,1361,199.0,225670.0
2025-10-21,7,Ｈ綾鷹,1134.02,1361,128.0,145155.0
2025-10-21,7,Ｈ伊右衛門５００,1134.02,1361,138.0,156495.0
2025-10-21,7,堅あげポテト鬼旨ブラック,1134.02,1361,190.0,215464.0
2025-10-21,7,三陸産わかめおむすび,1134.02,1361,139.0,157629.0
2025-10-21,7,大きな　チキンとタルタル,1134.02,1361,304.0,344742.0
2025-10-21,7,サンドおむすび炙り焼チキ,1134.02,1361,352.0,399175.0
2025-10-21,7,ベースブレッドさつまいも,1134.02,1361,260.0,294845.0
2025-10-21,7,伊右衛門　京都サイダー,1134.02,1361,158.0,179175.0
2025-10-21,7,紅はるかのスイートポテト,1134.02,1361,264.0,299381.0
2025-10-21,7,スイートポテトロール,1134.02,1361,276.0,312990.0
2025-10-21,7,◎どかっと満足パン（ベー,1134.02,1361,230.0,260825.0
2025-10-21,7,掘って発見スイートポテト,1134.02,1361,341.0,386701.0
2025-10-21,7,メントスＤＵＯブラッドオ,1134.02,1361,163.0,184845.0
2025-10-21,7,カジッテミカン＆レモン,1134.02,1361,228.0,258557.0
2025-10-21,7,大盛！野菜スティック,1134.02,1361,369.0,418453.0
2025-10-21,7,スーパー大麦　梅ひじき,1134.02,1361,175.0,198454.0
2025-10-21,7,野菜生活北海道メロン,1134.02,1361,138.0,156495.0
2025-10-21,7,おーいお茶濃い茶１Ｌ,1134.02,1361,176.0,199588.0
2025-10-21,7,カジッテグレープ＆マスカ,1134.02,1361,228.0,258557.0
2025-10-21,7,生パスタ海老トマトクリム,1134.02,1361,508.0,576082.0
2025-10-21,7,◎スイートポテトタルトデ,1134.02,1361,158.0,179175.0
2025-10-21,7,青磯海苔　まぐろたたき,1134.02,1361,199.0,225670.0
2025-10-21,7,◎スイートポテト蒸しケ４,1134.02,1361,176.0,199588.0
2025-10-21,7,まいたけおこわ,1134.02,1361,185.0,209794.0
2025-10-21,7,◎どかっとパン（テリマヨ,1134.02,1361,135.0,153093.0
2025-10-21,7,鎌倉コロッケサンド,1134.02,1361,297.0,336804.0
2025-10-21,7,◎生フランスパン（おいも,1134.02,1361,156.0,176907.0
2025-10-21,7,◎おいものパウンドケーキ,1134.02,1361,167.0,189381.0
2025-10-21,7,ワイルドターキーＨＢ３５,1134.02,1361,238.0,269897.0
2025-10-21,7,サラダチキンのサラダ,1134.02,1361,239.0,271031.0
2025-10-21,7,ハムチーズとツナサンド,1134.02,1361,323.0,366288.0
2025-10-21,7,◎はちみつすいーとぽてと,1134.02,1361,176.0,199588.0
2025-10-21,7,ロリポップＣちいかわ黒猫,1134.02,1361,300.0,340206.0
2025-10-21,7,◎おいものマドレーヌ,1134.02,1361,167.0,189381.0
2025-10-21,7,シャンゴ監修　ベスビオ,1134.02,1361,582.0,660000.0
2025-10-21,7,ポケカ拡張　ロケット団,1134.02,1361,164.0,185979.0
2025-10-21,7,手巻寿司　３種のねばねば,1134.02,1361,190.0,215464.0
2025-10-21,7,グミチョコボール苺,1134.02,1361,199.0,225670.0
2025-10-21,7,増量３色そぼろ＆チキン南,1134.02,1361,580.0,657732.0
2025-10-21,7,◎紅はるかのおいもチップ,1134.02,1361,198.0,224536.0
2025-10-21,7,お手軽！冷しぶっかけそば,1134.02,1361,276.0,312990.0
2025-10-21,7,極上はちみつ紅茶Ｃ小袋,1134.02,1361,125.0,141752.0
2025-10-21,7,福かまど　べこ餅,1134.02,1361,165.0,187113.0
2025-10-21,7,ねぎたっぷり！豚肉そば,1134.02,1361,554.0,628247.0
2025-10-21,7,ヱビスビール３５０,1134.02,1361,254.0,288041.0
2025-10-21,7,Ｃ玄米プラス　アーモンド,1134.02,1361,180.0,204124.0
2025-10-21,7,お月見タルト　カスタード,1134.02,1361,276.0,312990.0
2025-10-21,7,爽健美茶　６００,1134.02,1361,158.0,179175.0
2025-10-21,7,鳴門金時ラテ,1134.02,1361,267.0,302783.0
2025-10-21,7,ｉｎゼリーＶカロリーゼロ,1134.02,1361,210.0,238144.0
2025-10-21,7,ヘパリーゼＷハイパー,1134.02,1361,380.0,430928.0
2025-10-21,7,増量特製ダレの炙り焼牛カ,1134.02,1361,625.0,708762.0
2025-10-21,7,増量明太海苔弁当,1134.02,1361,555.0,629381.0
2025-10-21,7,ヤクルトＹ１０００,1134.02,1361,150.0,170103.0
2025-10-21,7,クラッシュ蒟蒻畑ぶどう味,1134.02,1361,183.0,207526.0
2025-10-21,7,ブルガリアＹＯブルーベ,1134.02,1361,168.0,190515.0
2025-10-21,7,ビューティチャージハニー,1134.02,1361,548.0,621443.0
2025-10-21,7,ミックスアイスプラス,1134.02,1361,464.0,526185.0
2025-10-21,7,ＡｐｐｌｅＧＣ＿１万,1134.02,1361,10000.0,11340200.0
2025-10-21,7,馬サブロー,1134.02,1361,500.0,567010.0
2025-10-21,7,コロロ二十世紀梨,1134.02,1361,148.0,167835.0
2025-10-21,7,海老とあさりのスパゲティ,1134.02,1361,499.0,565876.0
2025-10-21,7,ライフガード５００,1134.02,1361,150.0,170103.0
2025-10-21,7,ブロックロス　ユニコーン,1134.02,1361,1700.0,1927834.0
2025-10-21,7,Ｈジョージア　カフェラテ,1134.02,1361,148.0,167835.0
2025-10-21,7,サッポロラガービール３５,1134.02,1361,216.0,244948.0
2025-10-21,7,手巻　チャーシューマヨ,1134.02,1361,185.0,209794.0
2025-10-21,7,大きなおむすび　鮭昆布,1134.02,1361,239.0,271031.0
2025-10-21,7,だし醤油まぶし飯海苔佃煮,1134.02,1361,156.0,176907.0
2025-10-21,7,忍者めし鉄の鎧グレープ味,1134.02,1361,160.0,181443.0
2025-10-21,7,ＢＳラーメン丸銀だこ,1134.02,1361,160.0,181443.0
2025-10-21,7,フェットチーネマスカット,1134.02,1361,112.0,127010.0
2025-10-21,7,ラインＳ２５秋の色黒小,1134.02,1361,390.0,442268.0
2025-10-21,7,ミルクブッセ,1134.02,1361,93.0,105464.0
2025-10-21,7,コーヒーブッセ,1134.02,1361,93.0,105464.0
2025-10-21,7,Ｈ伊右衛門焙じ茶,1134.02,1361,138.0,156495.0
2025-10-21,7,Ｈジョージア　ブラック,1134.02,1361,138.0,156495.0
2025-10-21,7,カフェオレクリームサンド,1134.02,1361,121.0,137216.0
2025-10-21,7,キレートレモンクエン酸,1134.02,1361,175.0,198454.0
2025-10-21,7,チョコパイとろ甘キャラメ,1134.02,1361,138.0,156495.0
2025-10-21,7,午後フルーツティ白ぶどう,1134.02,1361,158.0,179175.0
2025-10-21,7,午後フルーツティオレンジ,1134.02,1361,158.0,179175.0
2025-10-21,7,チョコパイほろ苦ダークカ,1134.02,1361,138.0,156495.0
2025-10-21,7,ガルボほろにがブラックＰ,1134.02,1361,175.0,198454.0
2025-10-21,7,スイートポテト＆ホイップ,1134.02,1361,348.0,394639.0
2025-10-21,7,白玉入りお芋のどら焼き,1134.02,1361,195.0,221134.0
2025-10-21,7,ピザサンド　さつまいも,1134.02,1361,306.0,347010.0
2025-10-21,7,カフェラッテクリーミーラ,1134.02,1361,181.0,205258.0
2025-10-21,7,ふわしゅわショコラスフレ,1134.02,1361,258.0,292577.0
2025-10-21,7,◎クロワッサンワッフル,1134.02,1361,167.0,189381.0
2025-10-21,7,ジャックジンジャーＨＢ３,1134.02,1361,210.0,238144.0
2025-10-21,7,たまご＆海老ブロサンド,1134.02,1361,348.0,394639.0
2025-10-21,7,◎チーズインてりやきバー,1134.02,1361,184.0,208660.0
2025-10-21,7,のむココナッツ杏仁,1134.02,1361,276.0,312990.0
2025-10-21,7,たまごっち　まんまる焼き,1134.02,1361,232.0,263093.0
2025-10-21,7,大粒ラムネ濃い果実ぶどう,1134.02,1361,133.0,150825.0
2025-10-21,7,ブロックロスジークアクス,1134.02,1361,1700.0,1927834.0
2025-10-21,7,サンド寿司サーモンチーズ,1134.02,1361,332.0,376495.0
2025-10-21,7,ダースミルク,1134.02,1361,191.0,216598.0
2025-10-21,7,ショコラキャラメルタルト,1134.02,1361,230.0,260825.0
2025-10-21,7,大きなつくねの醤油パスタ,1134.02,1361,510.0,578350.0
2025-10-21,7,コーンのバター醤油パスタ,1134.02,1361,426.0,483093.0
2025-10-21,7,◎グリルＣヨシダテリヤキ,1134.02,1361,232.0,263093.0
2025-10-21,7,スプバレ豊潤ラガー３５０,1134.02,1361,245.0,277835.0
2025-10-21,7,ハリボーハッピーグレープ,1134.02,1361,198.0,224536.0
2025-10-21,7,野菜を食べよう　タンメン,1134.02,1361,554.0,628247.0
2025-10-21,7,たべっ子グミグレープ＆マ,1134.02,1361,200.0,226804.0
2025-10-21,7,バヤリース果実のど飴,1134.02,1361,220.0,249484.0
2025-10-21,7,豚焼肉弁当（マヨネーズ付,1134.02,1361,499.0,565876.0
2025-10-21,7,ｈａｎａキンモクセイ,1134.02,1361,698.0,791546.0
2025-10-21,7,ちいかわひやキャラ,1134.02,1361,280.0,317526.0
2025-10-21,7,４Ｄグミサンリオキャラ,1134.02,1361,180.0,204124.0
2025-10-21,7,オイコス　ピーチ,1134.02,1361,189.0,214330.0
2025-10-21,7,サンリオグミチュアチャー,1134.02,1361,350.0,396907.0
2025-10-21,7,ブラックサンダー至福のバ,1134.02,1361,60.0,68041.0
2025-10-21,7,その他４口座売上,1134.02,1361,164.0,185979.0
2025-10-21,7,１日分Ｖゼリーピーチ,1134.02,1361,218.0,247216.0
2025-10-21,7,うるおいトラベルセット,1134.02,1361,1680.0,1905154.0
2025-10-21,7,ポップアップス！ハチワレ,1134.02,1361,390.0,442268.0
2025-10-21,7,ポップアップス！うさぎ,1134.02,1361,390.0,442268.0
2025-10-21,7,コロロ巨峰,1134.02,1361,148.0,167835.0
2025-10-21,7,◎ロングデニッシュ（バタ,1134.02,1361,121.0,137216.0
2025-10-21,7,麻辣湯（はるさめ麺）,1134.02,1361,554.0,628247.0
2025-10-21,7,◎ふくちゃん豚骨どんぶり,1134.02,1361,297.0,336804.0
2025-10-21,7,ポケカ拡張インフェルノ,1134.02,1361,164.0,185979.0
2025-10-21,7,５種チーズのドリア,1134.02,1361,499.0,565876.0
2025-10-21,7,新金封　結ちどり,1134.02,1361,500.0,567010.0
2025-10-21,7,チップスターＳバター味,1134.02,1361,158.0,179175.0
2025-10-21,7,レンジかき揚げそば,1134.02,1361,462.0,523917.0
2025-10-21,7,モッチュＳマスカット,1134.02,1361,148.0,167835.0
2025-10-21,7,まるごと和なしのど飴小袋,1134.02,1361,128.0,145155.0
2025-10-21,7,ガルボ紫いもＰＫＰ,1134.02,1361,175.0,198454.0
2025-10-21,7,クランキーＰＪストロベリ,1134.02,1361,175.0,198454.0
2025-10-21,7,漬けぶりおむすび,1134.02,1361,249.0,282371.0
2025-10-21,7,ライオンコーヒーブラック,1134.02,1361,168.0,190515.0
2025-10-21,7,ライオンコーヒカフェオレ,1134.02,1361,178.0,201856.0
2025-10-21,7,◎芋きんつば,1134.02,1361,184.0,208660.0
2025-10-21,7,たっぷりコーンマヨネーズ,1134.02,1361,297.0,336804.0
2025-10-21,7,◎肉たっぷり７種具材豚汁,1134.02,1361,369.0,418453.0
2025-10-21,7,Ｐガーナトリュフキャラメ,1134.02,1361,325.0,368556.0
2025-10-21,7,マミー風味シュークリーム,1134.02,1361,167.0,189381.0
2025-10-21,7,背徳　月見台湾風まぜそば,1134.02,1361,647.0,733711.0
2025-10-21,7,メキシカンチキン雑穀,1134.02,1361,462.0,523917.0
2025-10-21,7,森永れん乳風味クレープ,1134.02,1361,239.0,271031.0
2025-10-21,7,◎ふわもち食感のメープル,1134.02,1361,135.0,153093.0
2025-10-21,7,ライトニング電池充電器,1134.02,1361,2164.0,2454019.0
2025-10-21,7,大きな　月見おむすびマヨ,1134.02,1361,304.0,344742.0
2025-10-21,7,あなご寿司,1134.02,1361,255.0,289175.0
2025-10-21,7,とろ生おいもチーズケーキ,1134.02,1361,230.0,260825.0
2025-10-21,7,きつねおむすび,1134.02,1361,147.0,166701.0
2025-10-21,7,チキンチェダーたまご,1134.02,1361,452.0,512577.0
2025-10-21,7,◎ミニベーコンピザパン４,1134.02,1361,212.0,240412.0
2025-10-21,7,◎ミルクツイスト３本入,1134.02,1361,144.0,163299.0
2025-10-21,7,◎ルイボスティー６００,1134.02,1361,110.0,124742.0
2025-10-21,7,野菜生活青森りんご,1134.02,1361,118.0,133814.0
2025-10-21,7,専おかず全部乗せ！お弁当,1134.02,1361,323.0,366288.0
2025-10-21,7,１９６無糖３種の果実３５,1134.02,1361,161.0,182577.0
2025-10-21,7,◎生コッペパン（モンブラ,1134.02,1361,135.0,153093.0
2025-10-21,7,月見うさぎ,1134.02,1361,90.0,102062.0
2025-10-21,7,◎芋あん豆大福,1134.02,1361,165.0,187113.0
2025-10-21,7,エナジーの塊,1134.02,1361,199.0,225670.0
2025-10-21,7,ちいかわチャームグミ,1134.02,1361,380.0,430928.0
2025-10-21,7,◎ロングスティックパン（,1134.02,1361,158.0,179175.0
2025-10-21,7,いちごドーナツ棒１本,1134.02,1361,74.0,83917.0
2025-10-21,7,マカダミアチョコ沖縄黒糖,1134.02,1361,333.0,377629.0
2025-10-21,7,カフェラッテ,1134.02,1361,181.0,205258.0
2025-10-21,7,グミっちょ夕張メロン,1134.02,1361,238.0,269897.0
2025-10-21,7,◎ボロネーゼ風ラザニア,1134.02,1361,369.0,418453.0
2025-10-21,7,ガパオまぜごはん,1134.02,1361,163.0,184845.0
2025-10-21,7,今治ＴＨ斜ＳＴ　Ｔ紺,1134.02,1361,600.0,680412.0
2025-10-21,7,ＳＤドライクリスタル３５,1134.02,1361,216.0,244948.0
2025-10-21,7,◎ふわふわアソートリン４,1134.02,1361,193.0,218866.0
2025-10-21,7,月見チーズバーガー,1134.02,1361,399.0,452474.0
2025-10-21,7,厚切りロースカツサンド,1134.02,1361,426.0,483093.0
2025-10-21,7,きのこの山ポケットパック,1134.02,1361,161.0,182577.0
2025-10-21,7,暴君ハバネロ１５０粒ハバ,1134.02,1361,176.0,199588.0
2025-10-21,7,Ｈ午後の紅茶ミルクティー,1134.02,1361,159.0,180309.0
2025-10-21,7,たけのこの里ＰＫＰ,1134.02,1361,161.0,182577.0
2025-10-21,8,しらすおむすび,1134.02,1361,165.0,187113.0
2025-10-21,8,Ｍアーモンドチョコレート,1134.02,1361,305.0,345876.0
2025-10-21,8,龍角散ののどすっきりタブ,1134.02,1361,200.0,226804.0
2025-10-21,8,忍者めし鋼グレープ味,1134.02,1361,148.0,167835.0
2025-10-21,8,◎もちもちくるみパン,1134.02,1361,128.0,145155.0
2025-10-21,8,ｉｎゼリーエネルギー,1134.02,1361,210.0,238144.0
2025-10-21,8,◎白生クロワッサン（ダブ,1134.02,1361,156.0,176907.0
2025-10-21,8,モンスター　リッパー,1134.02,1361,213.0,241546.0
2025-10-21,8,◎レモン香るティーソーダ,1134.02,1361,130.0,147423.0
2025-10-21,8,カルピス　ひんやりライチ,1134.02,1361,160.0,181443.0
2025-10-21,8,カルピスウォーター５００,1134.02,1361,160.0,181443.0
2025-10-21,8,トロピカーナアップル,1134.02,1361,120.0,136082.0
2025-10-21,8,ミンティアＢカルピス,1134.02,1361,211.0,239278.0
2025-10-21,8,◎ボディＰレモンミント,1134.02,1361,350.0,396907.0
2025-10-21,8,薬用リップスティック,1134.02,1361,299.0,339072.0
2025-10-21,8,さらさらシートクール,1134.02,1361,295.0,334536.0
2025-10-21,8,◎のむＹＧアサイーボウル,1134.02,1361,184.0,208660.0
2025-10-21,8,Ｚｅｒｏシート携帯,1134.02,1361,328.0,371959.0
2025-10-21,8,レッドブルエナジー２５０,1134.02,1361,198.0,224536.0
2025-10-21,8,ペパーミント１００ＭＬ,1134.02,1361,200.0,226804.0
2025-10-21,8,ヘアリングゴム黒,1134.02,1361,200.0,226804.0
2025-10-21,8,１日分鉄分のむヨーグルト,1134.02,1361,145.0,164433.0
2025-10-21,8,ザバスミルクココア風味,1134.02,1361,181.0,205258.0
2025-10-21,8,イーラインマスクベージュ,1134.02,1361,299.0,339072.0
2025-10-21,8,ブルガリアＹＯ　苺,1134.02,1361,158.0,179175.0
2025-10-21,8,◎カフェラテレギュラー,1134.02,1361,181.0,205258.0
2025-10-21,8,金のミルクキャンディ,1134.02,1361,221.0,250618.0
2025-10-21,8,ミンティアＢリフレッシュ,1134.02,1361,211.0,239278.0
2025-10-21,8,邪払のど飴,1134.02,1361,258.0,292577.0
2025-10-21,8,◎生コッペパン（たまご）,1134.02,1361,128.0,145155.0
2025-10-21,8,キレートクエン酸ゼリー,1134.02,1361,210.0,238144.0
2025-10-21,8,◎もっち歩き（チョコ）,1134.02,1361,125.0,141752.0
2025-10-21,8,ミンティアワイルド＆クー,1134.02,1361,105.0,119072.0
2025-10-21,8,アーモンドＣ香ばしＰＪ,1134.02,1361,175.0,198454.0
2025-10-21,8,ミンティアＢクリスタル,1134.02,1361,211.0,239278.0
2025-10-21,8,ブラックＴひとくちサイズ,1134.02,1361,120.0,136082.0
2025-10-21,8,ジャムグミいちご,1134.02,1361,182.0,206392.0
2025-10-21,8,ぷにキャラグミちいかわ,1134.02,1361,218.0,247216.0
2025-10-21,8,ソルベットグミ白桃味,1134.02,1361,140.0,158763.0
2025-10-21,8,つぶグミカタイソーダ,1134.02,1361,168.0,190515.0
2025-10-21,8,たべっ子グミパイナップル,1134.02,1361,200.0,226804.0
2025-10-21,8,おとうふくんグミ,1134.02,1361,161.0,182577.0
2025-10-21,8,あの日夢見た雲グミ,1134.02,1361,171.0,193917.0
2025-10-21,8,ピュレグミなつももソーダ,1134.02,1361,150.0,170103.0
2025-10-21,8,ポケぷに,1134.02,1361,218.0,247216.0
2025-10-21,8,龍角散のど飴ｍａｘＳＴ,1134.02,1361,160.0,181443.0
2025-10-21,8,忍者めし巨峰,1134.02,1361,125.0,141752.0
2025-10-21,8,即攻元気ゼリー,1134.02,1361,204.0,231340.0
2025-10-21,8,龍角散のど飴スティック,1134.02,1361,140.0,158763.0
2025-10-21,8,のど飴,1134.02,1361,124.0,140618.0
2025-10-21,8,忍者めし鋼マスカット味,1134.02,1361,148.0,167835.0
2025-10-21,8,◎ドライマンゴー,1134.02,1361,276.0,312990.0
2025-10-21,8,◎カリカリ梅無着色小袋,1134.02,1361,184.0,208660.0
2025-10-21,8,大粒ラムネ,1134.02,1361,133.0,150825.0
2025-10-21,8,牛乳パン,1134.02,1361,230.0,260825.0
2025-10-21,8,１本満足プロテイン　ＷＴ,1134.02,1361,171.0,193917.0
2025-10-21,8,シルキータッチ大きめ,1134.02,1361,398.0,451340.0
2025-10-21,8,スマートカラーグレー,1134.02,1361,566.0,641855.0
2025-10-21,8,◎しっとりやわらか食パ６,1134.02,1361,158.0,179175.0
2025-10-21,8,◎ファミマ・ザ・クリーム,1134.02,1361,128.0,145155.0
2025-10-21,8,たまごサンド,1134.02,1361,265.0,300515.0
2025-10-21,8,具だくさん！チキン南蛮,1134.02,1361,221.0,250618.0
2025-10-21,8,具だくさん！チャーシュー,1134.02,1361,215.0,243814.0
2025-10-21,8,キャメＭマスカットＰＬ,1134.02,1361,455.0,515979.0
2025-10-21,8,◎ソフトなチーズクリーム,1134.02,1361,135.0,153093.0
2025-10-21,8,キャメＭベリープルーム,1134.02,1361,455.0,515979.0
2025-10-21,8,◎バタークロワッサンメロ,1134.02,1361,147.0,166701.0
2025-10-21,8,キャメＭコールドプルーム,1134.02,1361,455.0,515979.0
2025-10-21,8,◎チョコチップスナック６,1134.02,1361,135.0,153093.0
2025-10-21,8,◎ファミマ・ザ・メロンパ,1134.02,1361,128.0,145155.0
2025-10-21,8,ラーククラシックＭ,1134.02,1361,491.0,556804.0
2025-10-21,8,ラッキーＥＸカット１４,1134.02,1361,428.0,485361.0
2025-10-21,8,ラッキーＢチルベリー８,1134.02,1361,428.0,485361.0
2025-10-21,8,◎生コッペパン（コロッケ,1134.02,1361,167.0,189381.0
2025-10-21,8,ラッキーストライク,1134.02,1361,564.0,639587.0
2025-10-21,8,◎生コッペパン（焼きそば,1134.02,1361,167.0,189381.0
2025-10-21,8,ラッキーシガリロＳライト,1134.02,1361,428.0,485361.0
2025-10-21,8,◎白生コッペパン（トリプ,1134.02,1361,147.0,166701.0
2025-10-21,8,◎ひと口もち食感チーズ（,1134.02,1361,149.0,168969.0
2025-10-21,8,マルボロ・メン８Ｂ,1134.02,1361,546.0,619175.0
2025-10-21,8,◎もっちパン（ミート＆チ,1134.02,1361,121.0,137216.0
2025-10-21,8,◎お肉たっぷりメンチカツ,1134.02,1361,184.0,208660.0
2025-10-21,8,◎天然水新潟県津南６００,1134.02,1361,110.0,124742.0
2025-10-21,8,◎ミニクリームパン５個入,1134.02,1361,149.0,168969.0
2025-10-21,8,◎ジャスミン茶６００,1134.02,1361,110.0,124742.0
2025-10-21,8,クリームたい焼きカスター,1134.02,1361,165.0,187113.0
2025-10-21,8,アスティーグ肌　Ｍ,1134.02,1361,600.0,680412.0
2025-10-21,8,◎のむヨーグルトプレーン,1134.02,1361,149.0,168969.0
2025-10-21,8,ルーロー飯おむすび,1134.02,1361,194.0,220000.0
2025-10-21,8,グリーンダカラ,1134.02,1361,141.0,159897.0
2025-10-21,8,ウィルキンソン　タンサン,1134.02,1361,112.0,127010.0
2025-10-21,8,チョコラＢＢハイパー,1134.02,1361,380.0,430928.0
2025-10-21,8,◎発酵バター香るチョコク,1134.02,1361,147.0,166701.0
2025-10-21,8,◎ダブルチョコデニッシュ,1134.02,1361,128.0,145155.0
2025-10-21,8,ウコンの力ドリンク,1134.02,1361,191.0,216598.0
2025-10-21,8,リポビタンＤ,1134.02,1361,164.0,185979.0
2025-10-21,8,◎ゴロゴロチョコのクッキ,1134.02,1361,138.0,156495.0
2025-10-21,8,ジョージア　カフェモカ,1134.02,1361,168.0,190515.0
2025-10-21,8,ジョージア　カフェラテ,1134.02,1361,159.0,180309.0
2025-10-21,8,◎しっとりケーキ（チョコ,1134.02,1361,135.0,153093.0
2025-10-21,8,ジョージア　ブラック,1134.02,1361,149.0,168969.0
2025-10-21,8,◎白生フランスパン（つぶ,1134.02,1361,156.0,176907.0
2025-10-21,8,◎天然水長野県安曇野２Ｌ,1134.02,1361,112.0,127010.0
2025-10-21,8,午後の紅茶　レモンティー,1134.02,1361,160.0,181443.0
2025-10-21,8,◎緑茶６００,1134.02,1361,110.0,124742.0
2025-10-21,8,◎ぶどうぱん（シュガーマ,1134.02,1361,128.0,145155.0
2025-10-21,8,◎麦茶６００,1134.02,1361,110.0,124742.0
2025-10-21,8,健康ミネラルむぎ茶,1134.02,1361,158.0,179175.0
2025-10-21,8,◎生スコーン６個入,1134.02,1361,172.0,195051.0
2025-10-21,8,◎アップル香るジャスミン,1134.02,1361,110.0,124742.0
2025-10-21,8,塩バター揚げ焼きくりーむ,1134.02,1361,276.0,312990.0
2025-10-21,8,マルボロ・メン１２Ｂ,1134.02,1361,546.0,619175.0
2025-10-21,8,専ＵＦＯ大盛焼そばパンガ,1134.02,1361,276.0,312990.0
2025-10-21,8,じゃがりこチーズ,1134.02,1361,185.0,209794.0
2025-10-21,8,◎冷やし胡瓜一本漬,1134.02,1361,172.0,195051.0
2025-10-21,8,◎タンスティックレモン,1134.02,1361,184.0,208660.0
2025-10-21,8,メビウスＥＸＬ,1134.02,1361,528.0,598763.0
2025-10-21,8,メビウスＬ,1134.02,1361,528.0,598763.0
2025-10-21,8,メビウスＳＬ１００Ｂ,1134.02,1361,528.0,598763.0
2025-10-21,8,焙煎ごまドレッシング,1134.02,1361,33.0,37423.0
2025-10-21,8,◎半熟ゆでたまご１個,1134.02,1361,98.0,111134.0
2025-10-21,8,ポケカ拡張　ホワイト,1134.02,1361,264.0,299381.0
2025-10-21,8,テリアスムースレギュラー,1134.02,1361,528.0,598763.0
2025-10-21,8,高菜の寿司,1134.02,1361,176.0,199588.0
2025-10-21,8,レジ袋弁当大バイオマス,1134.02,1361,5.0,5670.0
2025-10-21,8,ホープ１０,1134.02,1361,273.0,309587.0
2025-10-21,8,手巻　紀州南高梅,1134.02,1361,158.0,179175.0
2025-10-21,8,手巻　真昆布,1134.02,1361,158.0,179175.0
2025-10-21,8,大きな　僕の梅おかか,1134.02,1361,297.0,336804.0
2025-10-21,8,味付海苔　おかか味噌,1134.02,1361,161.0,182577.0
2025-10-21,8,増量　手巻　紅しゃけ,1134.02,1361,195.0,221134.0
2025-10-21,8,増量　手巻　辛子明太子,1134.02,1361,195.0,221134.0
2025-10-21,8,大きな　昆布とツナマヨ,1134.02,1361,269.0,305051.0
2025-10-21,8,手巻　たらこマヨネーズ,1134.02,1361,188.0,213196.0
2025-10-21,8,豚バラしょうゆ,1134.02,1361,276.0,312990.0
2025-10-21,8,サンドおむすび　牛カルビ,1134.02,1361,328.0,371959.0
2025-10-21,8,手巻　紅しゃけ,1134.02,1361,195.0,221134.0
2025-10-21,8,レジ袋１２号バイオマス,1134.02,1361,3.0,3402.0
2025-10-21,8,ピース・ライト・ＢＯＸ,1134.02,1361,546.0,619175.0
2025-10-21,8,ピアニシモ・アリア・メン,1134.02,1361,519.0,588556.0
2025-10-21,8,◎海鮮スティック明太マヨ,1134.02,1361,167.0,189381.0
2025-10-21,8,センティアＩブラック,1134.02,1361,482.0,546598.0
2025-10-21,8,冷し明太とろろうどん,1134.02,1361,508.0,576082.0
2025-10-21,8,冷したぬきうどん,1134.02,1361,399.0,452474.0
2025-10-21,8,ゆず冷し鶏塩おろしうどん,1134.02,1361,526.0,596495.0
2025-10-21,8,テリアイエローメンソール,1134.02,1361,528.0,598763.0
2025-10-21,8,テリアサンパール,1134.02,1361,528.0,598763.0
2025-10-21,8,テリアシャインパール,1134.02,1361,528.0,598763.0
2025-10-21,8,マルボロ・ボックス,1134.02,1361,546.0,619175.0
2025-10-21,8,シーチキン＆コーンサラダ,1134.02,1361,249.0,282371.0
2025-10-21,8,ケントエス１・１００Ｂ,1134.02,1361,455.0,515979.0
2025-10-21,8,ローストチキンパスタサラ,1134.02,1361,369.0,418453.0
2025-10-21,8,エボルタＮＥＯ単４－４Ｐ,1134.02,1361,659.0,747319.0
2025-10-21,8,ライトニング１．２ｍ,1134.02,1361,1800.0,2041236.0
2025-10-21,8,ＣＲバーナーライター,1134.02,1361,190.0,215464.0
2025-10-21,8,耐風ビニール傘７０,1134.02,1361,862.0,977525.0
2025-10-21,8,ダブルシュー,1134.02,1361,172.0,195051.0
2025-10-21,8,デイリースポーツ東日本,1134.02,1361,146.0,165567.0
2025-10-21,8,冷やして食べるバウム,1134.02,1361,167.0,189381.0
2025-10-21,8,マカロンチョコパッション,1134.02,1361,267.0,302783.0
2025-10-21,8,日刊ゲンダイ,1134.02,1361,164.0,185979.0
2025-10-21,8,日本経済新聞,1134.02,1361,182.0,206392.0
2025-10-21,8,ＡｍａｚｏｎＶＡＲ,1134.02,1361,10000.0,11340200.0
2025-10-21,8,２種のキンパ,1134.02,1361,510.0,578350.0
2025-10-21,8,セブンスター,1134.02,1361,546.0,619175.0
2025-10-21,8,セブンスター・ＢＯＸ,1134.02,1361,546.0,619175.0
2025-10-21,8,手巻　辛子明太子,1134.02,1361,195.0,221134.0
2025-10-21,8,カロリーＭハーフ　バニラ,1134.02,1361,110.0,124742.0
2025-10-21,8,手巻シーチキンマヨネーズ,1134.02,1361,165.0,187113.0
2025-10-21,8,直巻　和風ツナマヨネーズ,1134.02,1361,149.0,168969.0
2025-10-21,8,テリアブラックＭ１０Ｐ,1134.02,1361,5273.0,5979687.0
2025-10-21,8,アサヒ生ビール３５０,1134.02,1361,216.0,244948.0
2025-10-21,8,スーパードライ３５０,1134.02,1361,216.0,244948.0
2025-10-21,8,さばと青じそおむすび,1134.02,1361,139.0,157629.0
2025-10-21,8,テリアＯパール,1134.02,1361,528.0,598763.0
2025-10-21,8,ポケカ拡張　ブラック,1134.02,1361,264.0,299381.0
2025-10-21,8,ポケカ拡張　バトルＰ,1134.02,1361,164.0,185979.0
2025-10-21,8,サラサクリップ　黒,1134.02,1361,99.0,112268.0
2025-10-21,8,ＬＩＢＥＲＡミルク,1134.02,1361,277.0,314124.0
2025-10-21,8,◎しみチョココーン,1134.02,1361,147.0,166701.0
2025-10-21,8,◎チョコシュー,1134.02,1361,128.0,145155.0
2025-10-21,8,もち麦　鮭ひじきしそ風味,1134.02,1361,163.0,184845.0
2025-10-21,8,◎こだわりのフロランタン,1134.02,1361,184.0,208660.0
2025-10-21,8,◎もちもちレモンドーナツ,1134.02,1361,149.0,168969.0
2025-10-21,8,◎濃厚ミルクドーナツ,1134.02,1361,100.0,113402.0
2025-10-21,8,◎焼たまごカレートースト,1134.02,1361,167.0,189381.0
2025-10-21,8,スイートサンダーいちご,1134.02,1361,60.0,68041.0
2025-10-21,8,ブラックサンダー,1134.02,1361,41.0,46495.0
2025-10-21,8,◎大きいウインナー,1134.02,1361,153.0,173505.0
2025-10-21,8,◎大きいあらびきチョリソ,1134.02,1361,153.0,173505.0
2025-10-21,8,パウダー２５０％ハッピー,1134.02,1361,120.0,136082.0
2025-10-21,8,◎ベーコンチーズオニオン,1134.02,1361,149.0,168969.0
2025-10-21,8,Ｆグレイシアラムネわらび,1134.02,1361,156.0,176907.0
2025-10-21,8,じゃがりこサラダ,1134.02,1361,185.0,209794.0
2025-10-21,8,ミンティアコールドスマッ,1134.02,1361,105.0,119072.0
2025-10-21,8,直巻　とり五目,1134.02,1361,165.0,187113.0
2025-10-21,8,ラッキーＳメンソール,1134.02,1361,391.0,443402.0
2025-10-21,8,ラッキーＳダークＭ,1134.02,1361,391.0,443402.0
2025-10-21,8,直巻　明太子マヨネーズ,1134.02,1361,165.0,187113.0
2025-10-21,8,直巻　焼しゃけ,1134.02,1361,158.0,179175.0
2025-10-21,8,レジ袋,1134.02,1361,3.0,3402.0
2025-10-21,8,１９６ＳＴゼロＷレモン３,1134.02,1361,161.0,182577.0
2025-10-21,8,角ハイボール３５０,1134.02,1361,219.0,248350.0
2025-10-21,8,氷結レモン３５０,1134.02,1361,168.0,190515.0
2025-10-21,8,生ハム寿司,1134.02,1361,212.0,240412.0
2025-10-21,8,テリアブラックパープルＭ,1134.02,1361,528.0,598763.0
2025-10-21,8,テリアブラックメンソール,1134.02,1361,528.0,598763.0
2025-10-21,8,手巻寿司　納豆,1134.02,1361,184.0,208660.0
2025-10-21,8,テリアミント,1134.02,1361,528.0,598763.0
2025-10-21,8,手巻寿司　シーチキンマヨ,1134.02,1361,167.0,189381.0
2025-10-21,8,テリアメンソール,1134.02,1361,528.0,598763.0
2025-10-21,8,テリアリッチレギュラー,1134.02,1361,528.0,598763.0
2025-10-21,8,テリアリビエラパール,1134.02,1361,528.0,598763.0
2025-10-21,8,テリアレギュラー,1134.02,1361,528.0,598763.0
2025-10-21,8,鮭はらみおむすび,1134.02,1361,258.0,292577.0
2025-10-21,8,助六寿司,1134.02,1361,482.0,546598.0
2025-10-21,8,テリアＢルビーＭ,1134.02,1361,528.0,598763.0
2025-10-21,8,ネオアークティックＭ,1134.02,1361,455.0,515979.0
2025-10-21,8,高菜たくあんおむすび,1134.02,1361,135.0,153093.0
2025-10-21,8,ラッキーＳダークタバコ,1134.02,1361,391.0,443402.0
2025-10-21,8,◎ハムチーズマヨネーズ２,1134.02,1361,135.0,153093.0
2025-10-21,8,ＭＶコールドＭプルーム,1134.02,1361,455.0,515979.0
2025-10-21,8,まるで桃みたいなケーキ,1134.02,1361,276.0,312990.0
2025-10-21,8,クリームワッフルクッキー,1134.02,1361,260.0,294845.0
2025-10-21,8,調製豆乳,1134.02,1361,105.0,119072.0
2025-10-21,8,テリアパープルメンソール,1134.02,1361,528.0,598763.0
2025-10-21,8,テリアバランスドＲ,1134.02,1361,528.0,598763.0
2025-10-21,8,野菜一日これ一本,1134.02,1361,113.0,128144.0
2025-10-21,8,◎デニッシュブレッド３枚,1134.02,1361,156.0,176907.0
2025-10-21,8,センティアＳバイオレット,1134.02,1361,482.0,546598.0
2025-10-21,8,◎バタークロワッサンメ３,1134.02,1361,156.0,176907.0
2025-10-21,8,センティアＩパープル,1134.02,1361,482.0,546598.0
2025-10-21,8,◎ファミマの牛乳５００,1134.02,1361,175.0,198454.0
2025-10-21,8,サブレサンドバニライチゴ,1134.02,1361,332.0,376495.0
2025-10-21,8,冷しニンニクまぜそば,1134.02,1361,647.0,733711.0
2025-10-21,8,ＳＰＡＭ　タコスミート,1134.02,1361,315.0,357216.0
2025-10-21,8,ＳＰＡＭ　ツナマヨネーズ,1134.02,1361,266.0,301649.0
2025-10-21,8,不明,1134.02,1361,164.0,185979.0
2025-10-21,8,レジ袋４５号バイオマス,1134.02,1361,7.0,7938.0
2025-10-21,8,鮭ほぐし飯（和風だしごは,1134.02,1361,338.0,383299.0
2025-10-21,8,天タレおむすび,1134.02,1361,138.0,156495.0
2025-10-21,8,植物生のスパイシーカレー,1134.02,1361,146.0,165567.0
2025-10-21,8,赤飯おむすび,1134.02,1361,165.0,187113.0
2025-10-21,8,レジ袋２０号バイオマス,1134.02,1361,5.0,5670.0
2025-10-21,8,鶏のうまみ！鶏そぼろ弁当,1134.02,1361,320.0,362886.0
2025-10-21,8,冷しビャンビャン麺,1134.02,1361,510.0,578350.0
2025-10-21,8,ラッキーＳＲタバコ１０Ｐ,1134.02,1361,3910.0,4434018.0
2025-10-21,8,野沢菜いなり寿司,1134.02,1361,179.0,202990.0
2025-10-21,8,国産チキン彩り野菜うどん,1134.02,1361,554.0,628247.0
2025-10-21,8,手巻寿司　ねぎとろ（青ま,1134.02,1361,230.0,260825.0
2025-10-21,8,かぶり寿司　唐揚げ巻,1134.02,1361,283.0,320928.0
2025-10-21,8,塩こんぶおむすび,1134.02,1361,139.0,157629.0
2025-10-21,8,サンド寿司　まぐろたくあ,1134.02,1361,334.0,378763.0
2025-10-21,8,冷たい生パスタ海老トマト,1134.02,1361,499.0,565876.0
2025-10-21,8,ジューシーハムサンド,1134.02,1361,297.0,336804.0
2025-10-21,8,ラッキーＳリッチタバコ,1134.02,1361,391.0,443402.0
2025-10-21,8,テリヤキチキンとたまごＳ,1134.02,1361,323.0,366288.0
2025-10-21,8,ラッキーＳベリーＭ,1134.02,1361,391.0,443402.0
2025-10-21,8,ラッキーＳトロピカルＳ,1134.02,1361,391.0,443402.0
2025-10-21,8,３種チーズとハムのサンド,1134.02,1361,323.0,366288.0
2025-10-21,8,ベコンレタストマトサンド,1134.02,1361,369.0,418453.0
2025-10-21,8,ネオＢベリーハイパー用,1134.02,1361,455.0,515979.0
2025-10-21,8,チキン南蛮サンド,1134.02,1361,369.0,418453.0
2025-10-21,8,ミックスサンド,1134.02,1361,276.0,312990.0
2025-10-21,8,鶏焼肉のバインミー,1134.02,1361,369.0,418453.0
2025-10-21,8,シーチキン＆たまごサラダ,1134.02,1361,239.0,271031.0
2025-10-21,8,棒棒鶏風サラダ,1134.02,1361,406.0,460412.0
2025-10-21,8,和風ドレッシング,1134.02,1361,33.0,37423.0
2025-10-21,8,シャキシャキレタスサンド,1134.02,1361,297.0,336804.0
2025-10-21,8,サメジマブルーソーダ味,1134.02,1361,178.0,201856.0
2025-10-21,8,蒸鶏とねぎのトマトパスタ,1134.02,1361,462.0,523917.0
2025-10-21,8,大きなおむすび唐揚げマヨ,1134.02,1361,290.0,328866.0
2025-10-21,8,本まぐろわさび醤油おむす,1134.02,1361,280.0,317526.0
2025-10-21,8,◎ベーコンペッパーマヨ,1134.02,1361,121.0,137216.0
2025-10-21,8,メビウス,1134.02,1361,528.0,598763.0
2025-10-21,8,シャインマスカットのど飴,1134.02,1361,105.0,119072.0
2025-10-21,8,ぷっちょＳＴメガコーラ,1134.02,1361,118.0,133814.0
2025-10-21,8,ハイチュウグレープ,1134.02,1361,127.0,144021.0
2025-10-21,8,ハイライトメンソール,1134.02,1361,473.0,536391.0
2025-10-21,8,ハイチュウＰシャインマス,1134.02,1361,152.0,172371.0
2025-10-21,8,センティアＦグリーン,1134.02,1361,482.0,546598.0
2025-10-21,8,ハイライト,1134.02,1361,473.0,536391.0
2025-10-21,8,ハイチュウＰ巨峰,1134.02,1361,152.0,172371.0
2025-10-21,8,キャメルクラフトＭ５,1134.02,1361,410.0,464948.0
2025-10-21,8,アメスピＯＭ１,1134.02,1361,382.0,433196.0
2025-10-21,8,アメスピＯＭライト,1134.02,1361,382.0,433196.0
2025-10-21,8,コロロシャインマスカット,1134.02,1361,148.0,167835.0
2025-10-21,8,コーラアップ,1134.02,1361,242.0,274433.0
2025-10-21,8,アメスピライト,1134.02,1361,382.0,433196.0
2025-10-21,8,ハイチュウＰヨーグルト,1134.02,1361,152.0,172371.0
2025-10-21,8,ＭＶスムースＲプルーム,1134.02,1361,455.0,515979.0
2025-10-21,8,◎しみ旨フレンチトースト,1134.02,1361,144.0,163299.0
2025-10-21,8,ＭＶシトラスＯＰプルーム,1134.02,1361,455.0,515979.0
2025-10-21,8,◎もちっとつぶあんドーナ,1134.02,1361,125.0,141752.0
2025-10-21,8,◎ミニフレンチトースト４,1134.02,1361,172.0,195051.0
2025-10-21,8,センティアＤブロンズ,1134.02,1361,482.0,546598.0
2025-10-21,8,センティアＣジェイド,1134.02,1361,482.0,546598.0
2025-10-21,8,センティアクリアシルバー,1134.02,1361,482.0,546598.0
2025-10-21,8,専ＵＦＯプチ焼そばパン４,1134.02,1361,212.0,240412.0
2025-10-21,8,ケントＴＲメンソール,1134.02,1361,437.0,495567.0
2025-10-21,8,◎北海道メロンパン,1134.02,1361,125.0,141752.0
2025-10-21,8,ケントＴメンソール,1134.02,1361,437.0,495567.0
2025-10-21,8,◎生コッペパン（あんバタ,1134.02,1361,135.0,153093.0
2025-10-21,8,◎白生コッペパン（カスタ,1134.02,1361,128.0,145155.0
2025-10-21,8,マルボロ・ブラックＭ８,1134.02,1361,546.0,619175.0
2025-10-21,8,ＭＶＰＧレギュラーウィズ,1134.02,1361,546.0,619175.0
2025-10-21,8,ＭＶＰＧメンソールウィズ,1134.02,1361,546.0,619175.0
2025-10-21,8,ＭＶＧレッドＭウィズ,1134.02,1361,546.0,619175.0
2025-10-21,8,◎ふんわりホットケーキ２,1134.02,1361,128.0,145155.0
2025-10-21,8,◎完熟バナナパンケーキ,1134.02,1361,138.0,156495.0
2025-10-21,8,ＭＶベリーＯＰプルーム,1134.02,1361,455.0,515979.0
2025-10-21,8,◎いちごのクロワッサン（,1134.02,1361,147.0,166701.0
2025-10-21,8,ＭＶブラックＣＭプルーム,1134.02,1361,455.0,515979.0
2025-10-21,8,タフグミグレーピーパンチ,1134.02,1361,238.0,269897.0
2025-10-21,8,はちみつカリンのど飴,1134.02,1361,124.0,140618.0
2025-10-21,8,メビウスワン,1134.02,1361,528.0,598763.0
2025-10-21,8,メビウスＥ１　１００Ｓ,1134.02,1361,455.0,515979.0
2025-10-21,8,◎スーパーＣＨ無糖レモ３,1134.02,1361,119.0,134948.0
2025-10-21,8,おむすびおかずＳ（昆・ツ,1134.02,1361,434.0,492165.0
2025-10-21,8,特撰　白角水割　２５０,1134.02,1361,175.0,198454.0
2025-10-21,8,茉莉花ジャスミン茶割ＪＪ,1134.02,1361,181.0,205258.0
2025-10-21,8,檸檬堂夏のラムネとレモン,1134.02,1361,160.0,181443.0
2025-10-21,8,手巻寿司　サーモン（青ま,1134.02,1361,230.0,260825.0
2025-10-21,8,本搾りライム３５０,1134.02,1361,168.0,190515.0
2025-10-21,8,未来のレサワオリジナル３,1134.02,1361,271.0,307319.0
2025-10-21,8,ルイボスティーハイ３４０,1134.02,1361,181.0,205258.0
2025-10-21,8,手巻寿司　青しそ納豆,1134.02,1361,190.0,215464.0
2025-10-21,8,◎スーパーＣＨグレフル３,1134.02,1361,119.0,134948.0
2025-10-21,8,大関　佳撰ワンカップ,1134.02,1361,219.0,248350.0
2025-10-21,8,金麦３５０,1134.02,1361,180.0,204124.0
2025-10-21,8,いなり寿司３ヶ入,1134.02,1361,276.0,312990.0
2025-10-21,8,ザプレミアムモルツ３５０,1134.02,1361,254.0,288041.0
2025-10-21,8,黒ラベル３５０,1134.02,1361,216.0,244948.0
2025-10-21,8,炙り焼辛子明太子おむすび,1134.02,1361,251.0,284639.0
2025-10-21,8,◎パン・オ・ショコラ４個,1134.02,1361,184.0,208660.0
2025-10-21,8,６種具材の冷し中華,1134.02,1361,536.0,607835.0
2025-10-21,8,センティアＦパープル,1134.02,1361,482.0,546598.0
2025-10-21,8,キシリトール粒フレッシュ,1134.02,1361,178.0,201856.0
2025-10-21,8,大粒ラムネＲすっぱレモン,1134.02,1361,133.0,150825.0
2025-10-21,8,マルボロアイスＢ・Ｍ８,1134.02,1361,546.0,619175.0
2025-10-21,8,マルボロアイスＢ・Ｍ５,1134.02,1361,546.0,619175.0
2025-10-21,8,ベロＭＰＭインテンス,1134.02,1361,291.0,330000.0
2025-10-21,8,◎黒胡椒香るチーズフラン,1134.02,1361,184.0,208660.0
2025-10-21,8,ケント・１・１００ＢＯＸ,1134.02,1361,473.0,536391.0
2025-10-21,8,◎ファミマ・ザ・カレーパ,1134.02,1361,139.0,157629.0
2025-10-21,8,ケントエス・スパーク１,1134.02,1361,455.0,515979.0
2025-10-21,8,◎手巻きソーセージドーナ,1134.02,1361,158.0,179175.0
2025-10-21,8,マルボロゴールドＢ,1134.02,1361,546.0,619175.0
2025-10-21,8,キシリトール粒グレープ,1134.02,1361,178.0,201856.0
2025-10-21,8,キシリトール粒ライムミン,1134.02,1361,178.0,201856.0
2025-10-21,8,Ｗ・Ｃ・ホワイト・５,1134.02,1361,491.0,556804.0
2025-10-21,8,メビＰＭＯＰＰ１１００,1134.02,1361,528.0,598763.0
2025-10-21,8,メビウスＳＬ,1134.02,1361,528.0,598763.0
2025-10-21,8,フリスクＦＦマスカット,1134.02,1361,278.0,315258.0
2025-10-21,8,ヨーグレットミニ,1134.02,1361,150.0,170103.0
2025-10-21,8,メビウスＥＭＯＰＰ５Ｓ,1134.02,1361,455.0,515979.0
2025-10-21,8,メロンソーダアップ,1134.02,1361,242.0,274433.0
2025-10-21,8,ラムネアップ,1134.02,1361,242.0,274433.0
2025-10-21,8,サンスポ（サンケ,1134.02,1361,164.0,185979.0
2025-10-21,8,コンパクトＳ２４．５ｃｍ,1134.02,1361,230.0,260825.0
2025-10-21,8,忍者めしラムネ,1134.02,1361,125.0,141752.0
2025-10-21,8,週刊少年ジャンプ,1134.02,1361,282.0,319794.0
2025-10-21,8,男梅グミ,1134.02,1361,143.0,162165.0
2025-10-21,8,週　刊　文　春,1134.02,1361,464.0,526185.0
2025-10-21,8,◎ドライみかん,1134.02,1361,276.0,312990.0
2025-10-21,8,ヤングマガジン,1134.02,1361,464.0,526185.0
2025-10-21,8,◎ドライりんご,1134.02,1361,276.0,312990.0
2025-10-21,8,◎５種のナッツ＆フルーツ,1134.02,1361,198.0,224536.0
2025-10-21,8,◎おしゃぶり昆布,1134.02,1361,172.0,195051.0
2025-10-21,8,ＢＩＣ電子ライター,1134.02,1361,170.0,192783.0
2025-10-21,8,◎やみつき種ぬき干し梅,1134.02,1361,175.0,198454.0
2025-10-21,8,コンパクトＳ２１．５ｃｍ,1134.02,1361,230.0,260825.0
2025-10-21,8,◎除菌ハンディＷティシュ,1134.02,1361,164.0,185979.0
2025-10-21,8,コカ・コーラ　３００,1134.02,1361,110.0,124742.0
2025-10-21,8,◎みるくバターまんじゅう,1134.02,1361,144.0,163299.0
2025-10-21,8,◎パイまんじゅうつぶあん,1134.02,1361,153.0,173505.0
2025-10-21,8,ピュレグミＰ白桃,1134.02,1361,180.0,204124.0
2025-10-21,8,ピュレグミＰマスカット,1134.02,1361,180.0,204124.0
2025-10-21,8,ピュレグミグレープ味,1134.02,1361,150.0,170103.0
2025-10-21,8,◎紅はるかの熟成干し芋,1134.02,1361,260.0,294845.0
2025-10-21,8,龍角散ののどすっきり飴袋,1134.02,1361,280.0,317526.0
2025-10-21,8,まい塩あめ小袋,1134.02,1361,138.0,156495.0
2025-10-21,8,今治ＴＨドット,1134.02,1361,600.0,680412.0
2025-10-21,8,ハンカチＳＴ,1134.02,1361,600.0,680412.0
2025-10-21,8,婦人ショートＳ白,1134.02,1361,390.0,442268.0
2025-10-21,8,ひざ下２足ヌードベージュ,1134.02,1361,500.0,567010.0
2025-10-21,8,邪払のど飴小袋,1134.02,1361,119.0,134948.0
2025-10-21,8,◎ばんそうこうＭサイズ,1134.02,1361,362.0,410515.0
2025-10-21,8,プリッツ旨サラダ,1134.02,1361,131.0,148557.0
2025-10-21,8,◎チョコマシュマロ,1134.02,1361,139.0,157629.0
2025-10-21,8,◎ミニバタークッキー,1134.02,1361,128.0,145155.0
2025-10-21,8,シルキータッチふつう,1134.02,1361,398.0,451340.0
2025-10-21,8,◎練乳はちみつドーナツ,1134.02,1361,147.0,166701.0
2025-10-21,8,◎こだわりのマドレーヌ,1134.02,1361,147.0,166701.0
2025-10-21,8,ソフトタンポンコンパクト,1134.02,1361,282.0,319794.0
2025-10-21,8,◎こだわりのワッフル,1134.02,1361,144.0,163299.0
2025-10-21,8,今治ＴＨＳＴ／青橙,1134.02,1361,600.0,680412.0
2025-10-21,8,ジェットスリーム０．５,1134.02,1361,150.0,170103.0
2025-10-21,8,リングメモＡ７Ｂ罫,1134.02,1361,208.0,235876.0
2025-10-21,8,ハリボーハッピーコーラ,1134.02,1361,198.0,224536.0
2025-10-21,8,東スポ（東京スポーツ）,1134.02,1361,164.0,185979.0
2025-10-21,8,ドデカミンＢＩＧ,1134.02,1361,149.0,168969.0
2025-10-21,8,今治ＴＨネイビーＭＩＸ,1134.02,1361,600.0,680412.0
2025-10-21,8,◎ミニ羊羹　煉,1134.02,1361,91.0,103196.0
2025-10-21,8,ペプシコーラ　６００,1134.02,1361,130.0,147423.0
2025-10-21,8,無香料ケープ　ＳＨ　小,1134.02,1361,300.0,340206.0
2025-10-21,8,◎贅沢バウムクーヘン,1134.02,1361,202.0,229072.0
2025-10-21,8,◎とろけるチョコミントＣ,1134.02,1361,139.0,157629.0
2025-10-21,8,◎４種のフルーツケーキ,1134.02,1361,156.0,176907.0
2025-10-21,8,バナナバウムクーヘン,1134.02,1361,139.0,157629.0
2025-10-21,8,さらさらシートせっけん,1134.02,1361,295.0,334536.0
2025-10-21,8,ベースブレッドシナモン,1134.02,1361,260.0,294845.0
2025-10-21,8,ビオレふくだけＣうるおい,1134.02,1361,341.0,386701.0
2025-10-21,8,ベースブレッドチョコ,1134.02,1361,260.0,294845.0
2025-10-21,8,ベースブレッドメープル,1134.02,1361,260.0,294845.0
2025-10-21,8,天然水きりっとヨグ,1134.02,1361,159.0,180309.0
2025-10-21,8,Ｆリーフィアロールケーキ,1134.02,1361,165.0,187113.0
2025-10-21,8,梅のり巻,1134.02,1361,142.0,161031.0
2025-10-21,8,耐風ビニール傘６５,1134.02,1361,705.0,799484.0
2025-10-21,8,ＣＷワンタッチ開閉折傘,1134.02,1361,2014.0,2283916.0
2025-10-21,8,レインコートＬ,1134.02,1361,687.0,779072.0
2025-10-21,8,アクオグリーンミント,1134.02,1361,170.0,192783.0
2025-10-21,8,アクオクリアブルーミント,1134.02,1361,170.0,192783.0
2025-10-21,8,◎春雨スープ担々麺味,1134.02,1361,167.0,189381.0
2025-10-21,8,◎とん汁,1134.02,1361,167.0,189381.0
2025-10-21,8,Ｆレモンクリームのロール,1134.02,1361,153.0,173505.0
2025-10-21,8,クリアクリーントラベル,1134.02,1361,323.0,366288.0
2025-10-21,8,◎濃厚チョコパウンド,1134.02,1361,213.0,241546.0
2025-10-21,8,モンスターエナジーボトル,1134.02,1361,297.0,336804.0
2025-10-21,8,おっとっとうすしお味,1134.02,1361,131.0,148557.0
2025-10-21,8,チップスターＳうすしお味,1134.02,1361,144.0,163299.0
2025-10-21,8,アクエリアス５００,1134.02,1361,160.0,181443.0
2025-10-21,8,チップスターＳコンソメ味,1134.02,1361,144.0,163299.0
2025-10-21,8,サントリー天然水　２Ｌ,1134.02,1361,131.0,148557.0
2025-10-21,8,天然水１Ｌ,1134.02,1361,168.0,190515.0
2025-10-21,8,◎キャラメルコーン,1134.02,1361,119.0,134948.0
2025-10-21,8,◎ＢＳラーメン丸チキン味,1134.02,1361,119.0,134948.0
2025-10-21,8,◎天然水新潟県津南３７０,1134.02,1361,100.0,113402.0
2025-10-21,8,ＳＯＹＪＯＹ　黒ゴマ,1134.02,1361,125.0,141752.0
2025-10-21,8,◎きんつば,1134.02,1361,158.0,179175.0
2025-10-21,8,ウェルチ　１房分のぶどう,1134.02,1361,160.0,181443.0
2025-10-21,8,天然水きりっと果実,1134.02,1361,159.0,180309.0
2025-10-21,8,玉ねぎせん,1134.02,1361,158.0,179175.0
2025-10-21,8,贅沢保湿ポケットＴ,1134.02,1361,169.0,191649.0
2025-10-21,8,◎チョコミントタルト,1134.02,1361,176.0,199588.0
2025-10-21,8,◎チョコミントロール,1134.02,1361,167.0,189381.0
2025-10-21,8,◎水に流せるポケットＴ,1134.02,1361,133.0,150825.0
2025-10-21,8,◎紀州南高梅茎わかめ,1134.02,1361,158.0,179175.0
2025-10-21,8,◎種ぬきはちみつ干し梅,1134.02,1361,158.0,179175.0
2025-10-21,8,今治ＴＨ２５夏の色白,1134.02,1361,600.0,680412.0
2025-10-21,8,１本満足シリアルチョコ,1134.02,1361,152.0,172371.0
2025-10-21,8,１本満足シリアルブラック,1134.02,1361,152.0,172371.0
2025-10-21,8,爽健美茶３００,1134.02,1361,110.0,124742.0
2025-10-21,8,おーいお茶緑茶　３５０,1134.02,1361,110.0,124742.0
2025-10-21,8,１本満足シリアルホワイト,1134.02,1361,152.0,172371.0
2025-10-21,8,伊右衛門特茶,1134.02,1361,170.0,192783.0
2025-10-21,8,ヘルシア緑茶　３５０ｍｌ,1134.02,1361,180.0,204124.0
2025-10-21,8,Ｃ玄米ブラン　ブルーベリ,1134.02,1361,155.0,175773.0
2025-10-21,8,クラフトボスイタリアーノ,1134.02,1361,159.0,180309.0
2025-10-21,8,Ｃ玄米ブランメープル,1134.02,1361,155.0,175773.0
2025-10-21,8,モーニングマアムバニラ,1134.02,1361,130.0,147423.0
2025-10-21,8,◎玄米茶　６００,1134.02,1361,110.0,124742.0
2025-10-21,8,◎台湾烏龍茶　６００,1134.02,1361,110.0,124742.0
2025-10-21,8,ｉｎゼリーマルチビタミン,1134.02,1361,210.0,238144.0
2025-10-21,8,Ｃ１０００ビタミンレモン,1134.02,1361,130.0,147423.0
2025-10-21,8,◎ピーチマンゴールイボス,1134.02,1361,110.0,124742.0
2025-10-21,8,オロナミンＣ,1134.02,1361,135.0,153093.0
2025-10-21,8,ヘパリーゼＷ,1134.02,1361,276.0,312990.0
2025-10-21,8,い・ろ・は・す５４０,1134.02,1361,118.0,133814.0
2025-10-21,8,カロリＭハーフチーズ味,1134.02,1361,110.0,124742.0
2025-10-21,8,クラフトボス　ミルクラテ,1134.02,1361,166.0,188247.0
2025-10-21,8,伊右衛門　６００,1134.02,1361,158.0,179175.0
2025-10-21,8,午後の紅茶　ミルクティー,1134.02,1361,160.0,181443.0
2025-10-21,8,◎オレンジ香アールグレイ,1134.02,1361,110.0,124742.0
2025-10-21,8,きのこベーコン醤油パスタ,1134.02,1361,434.0,492165.0
2025-10-21,8,小岩井　Ｔｈｅカフェオレ,1134.02,1361,159.0,180309.0
2025-10-21,8,おーいお茶濃く香るほうじ,1134.02,1361,158.0,179175.0
2025-10-21,8,クラフトボスブラック,1134.02,1361,149.0,168969.0
2025-10-21,8,ウィルキンソン　レモン,1134.02,1361,112.0,127010.0
2025-10-21,8,クラフトボス　ラテ,1134.02,1361,159.0,180309.0
2025-10-21,8,除菌アルコールタオル,1134.02,1361,238.0,269897.0
2025-10-21,8,１００％　オレンジ,1134.02,1361,168.0,190515.0
2025-10-21,8,カルピス　ザ　リッチ,1134.02,1361,160.0,181443.0
2025-10-21,8,フェイシャルペーパー,1134.02,1361,250.0,283505.0
2025-10-21,8,ｉｎバーザクザクビター,1134.02,1361,170.0,192783.0
2025-10-21,8,ｉｎバー　ベイクドチョコ,1134.02,1361,170.0,192783.0
2025-10-21,8,カシミヤＥＸポケット,1134.02,1361,162.0,183711.0
2025-10-21,8,カロリＭハーフチョコ,1134.02,1361,110.0,124742.0
2025-10-21,8,アイルＣＲ電子ライター,1134.02,1361,159.0,180309.0
2025-10-21,8,カロリーＭハーフフルーツ,1134.02,1361,110.0,124742.0
2025-10-21,8,◎有機栽培の恵み天津甘栗,1134.02,1361,165.0,187113.0
2025-10-21,8,アクエリアス　９５０,1134.02,1361,166.0,188247.0
2025-10-21,8,はだおもい２３ｃｍ,1134.02,1361,253.0,286907.0
2025-10-21,8,コンパクトＳ３０．５ｃｍ,1134.02,1361,230.0,260825.0
2025-10-21,8,イーラインマスクピンク,1134.02,1361,299.0,339072.0
2025-10-21,8,プリングルズサワクリＳ,1134.02,1361,158.0,179175.0
2025-10-21,8,スタイルフィットグレー,1134.02,1361,410.0,464948.0
2025-10-21,8,スタイルフィットＯＬ,1134.02,1361,410.0,464948.0
2025-10-21,8,じゃがビーバターしょうゆ,1134.02,1361,164.0,185979.0
2025-10-21,8,ストロングサワーＣオニオ,1134.02,1361,155.0,175773.0
2025-10-21,8,超快適マスクふつう,1134.02,1361,350.0,396907.0
2025-10-21,8,超快適マスクやや大きめ,1134.02,1361,350.0,396907.0
2025-10-21,8,超快適マスク小さめ,1134.02,1361,350.0,396907.0
2025-10-21,8,７ＤＡＹＳマスク大きめ,1134.02,1361,298.0,337938.0
2025-10-21,8,◎香ばしいバタピー,1134.02,1361,167.0,189381.0
2025-10-21,8,フリクションノックＢＫ,1134.02,1361,230.0,260825.0
2025-10-21,8,◎薫製したうずらたまご,1134.02,1361,249.0,282371.0
2025-10-21,8,富士通ＰＲＥ　単４－４Ｐ,1134.02,1361,528.0,598763.0
2025-10-21,8,◎素焼きミックスナッツ,1134.02,1361,360.0,408247.0
2025-10-21,8,◎ＰＣ濃いめのり塩,1134.02,1361,139.0,157629.0
2025-10-21,8,◎ハンディウェットティシ,1134.02,1361,117.0,132680.0
2025-10-21,8,グリーンダカラ麦茶６８０,1134.02,1361,148.0,167835.0
2025-10-21,8,◎ジュワっとした塩バター,1134.02,1361,130.0,147423.0
2025-10-21,8,ベースブレッドミルク,1134.02,1361,260.0,294845.0
2025-10-21,8,メビウス・ワン・ＢＯＸ,1134.02,1361,528.0,598763.0
2025-10-21,8,カントリーＭミニバニラ,1134.02,1361,121.0,137216.0
2025-10-21,8,ミニたべっ子塩バター味,1134.02,1361,160.0,181443.0
2025-10-21,8,ｅ－ｍａのどグレープ小袋,1134.02,1361,118.0,133814.0
2025-10-21,8,金のミルク小袋,1134.02,1361,138.0,156495.0
2025-10-21,8,塩分チャージタブ小袋塩レ,1134.02,1361,140.0,158763.0
2025-10-21,8,ネオＣＬタバコハイパー用,1134.02,1361,455.0,515979.0
2025-10-21,8,キャメルクラフト６,1134.02,1361,410.0,464948.0
2025-10-21,8,ＭＶＧパープルＭウィズ,1134.02,1361,546.0,619175.0
2025-10-21,8,ＭＶアップルＯＰプルーム,1134.02,1361,455.0,515979.0
2025-10-21,8,ＭＶシャープＣＭプルーム,1134.02,1361,455.0,515979.0
2025-10-21,8,◎チョコチップクッキー,1134.02,1361,128.0,145155.0
2025-10-21,8,ＭＶディープＲプルーム,1134.02,1361,455.0,515979.0
2025-10-21,8,◎ちいさなオールレーズン,1134.02,1361,128.0,145155.0
2025-10-21,8,◎ガトーショコラ風チョコ,1134.02,1361,165.0,187113.0
2025-10-21,8,ＭＶペア―ＯＰプルーム,1134.02,1361,455.0,515979.0
2025-10-21,8,ベースブレッドこしあん,1134.02,1361,276.0,312990.0
2025-10-21,8,ベースブレッドオレンジ,1134.02,1361,276.0,312990.0
2025-10-21,8,◎スティックサラミ,1134.02,1361,110.0,124742.0
2025-10-21,8,◎おつまみイカフライ,1134.02,1361,110.0,124742.0
2025-10-21,8,週刊　モーニング,1134.02,1361,428.0,485361.0
2025-10-21,8,ジャパンニューズ,1134.02,1361,137.0,155361.0
2025-10-21,8,スポーツ報知東日本,1134.02,1361,164.0,185979.0
2025-10-21,8,東京新聞,1134.02,1361,128.0,145155.0
2025-10-21,8,毎日新聞,1134.02,1361,146.0,165567.0
2025-10-21,8,茨城新聞,1134.02,1361,137.0,155361.0
2025-10-21,8,堅ぶつ揚げとうもろこし味,1134.02,1361,128.0,145155.0
2025-10-21,8,ガルボつぶ練り苺ＰＫＰ,1134.02,1361,175.0,198454.0
2025-10-21,8,テリアフュージョンＭ,1134.02,1361,528.0,598763.0
2025-10-21,8,テリアブラックイエローＭ,1134.02,1361,528.0,598763.0
2025-10-21,8,チョコあーんぱん袋,1134.02,1361,121.0,137216.0
2025-10-21,8,産経新聞,1134.02,1361,128.0,145155.0
2025-10-21,8,タフグミ梅マニア,1134.02,1361,238.0,269897.0
2025-10-21,8,テリアトロピカルＭ,1134.02,1361,528.0,598763.0
2025-10-21,8,ＡｐｐｌｅＧＣ＿ＶＡＲ,1134.02,1361,3250.0,3685565.0
2025-10-21,8,ラッキーＥＸカット６,1134.02,1361,428.0,485361.0
2025-10-21,8,キャメルリッチプルーム,1134.02,1361,455.0,515979.0
2025-10-21,8,ソイチキン根菜ラップ,1134.02,1361,369.0,418453.0
2025-10-21,8,ガルボポケットパック,1134.02,1361,175.0,198454.0
2025-10-21,8,クランキーＰＪクランチＣ,1134.02,1361,175.0,198454.0
2025-10-21,8,センティアＴイエロー,1134.02,1361,482.0,546598.0
2025-10-21,8,◎カリカリ梅赤小袋,1134.02,1361,184.0,208660.0
2025-10-21,8,一番搾りホワイト３５０,1134.02,1361,216.0,244948.0
2025-10-21,8,未来のレサワプレーン３４,1134.02,1361,271.0,307319.0
2025-10-21,8,ガーナザクほろ塩ミルＰＪ,1134.02,1361,177.0,200722.0
2025-10-21,8,ひとくちルマンド,1134.02,1361,162.0,183711.0
2025-10-21,8,センティアＳゴールド,1134.02,1361,482.0,546598.0
2025-10-21,8,スニッカーズピーナッツ,1134.02,1361,150.0,170103.0
2025-10-21,8,◎こだわりのフィナンシェ,1134.02,1361,135.0,153093.0
2025-10-21,8,ツナたまごサンド,1134.02,1361,246.0,278969.0
2025-10-21,8,ちびサワーズドリンクアソ,1134.02,1361,211.0,239278.0
2025-10-21,8,メントスグレープ,1134.02,1361,120.0,136082.0
2025-10-21,8,スッパイスッパイマン大作,1134.02,1361,139.0,157629.0
2025-10-21,8,ミンティアＢ濃苺,1134.02,1361,211.0,239278.0
2025-10-21,8,シゲキックス梅ソルト味,1134.02,1361,120.0,136082.0
2025-10-21,8,植物生まれマスカットグミ,1134.02,1361,148.0,167835.0
2025-10-21,8,ザ・クレープ　生チョコ,1134.02,1361,230.0,260825.0
2025-10-21,8,さけるチーズプレーン,1134.02,1361,141.0,159897.0
2025-10-21,8,ナカミグミもも味,1134.02,1361,168.0,190515.0
2025-10-21,8,◎生コッペパン（ツナ＆ポ,1134.02,1361,149.0,168969.0
2025-10-21,8,◎いちごモッチ,1134.02,1361,139.0,157629.0
2025-10-21,8,◎アップルクリームデニッ,1134.02,1361,135.0,153093.0
2025-10-21,8,◎たっぷりクリームデニッ,1134.02,1361,116.0,131546.0
2025-10-21,8,クロレッツＸＰ　オリジナ,1134.02,1361,180.0,204124.0
2025-10-21,8,ミンティアドライハード,1134.02,1361,105.0,119072.0
2025-10-21,8,ミンティアＢシャイニーピ,1134.02,1361,211.0,239278.0
2025-10-21,8,果汁グミぶどう,1134.02,1361,152.0,172371.0
2025-10-21,8,ピュレグミレモン味,1134.02,1361,150.0,170103.0
2025-10-21,8,◎サラダチキンＳハーブ,1134.02,1361,172.0,195051.0
2025-10-21,8,◎グリルチキンＢＰ,1134.02,1361,221.0,250618.0
2025-10-21,8,野菜生活シークヮーサー,1134.02,1361,118.0,133814.0
2025-10-21,8,トマトジュース食塩無添加,1134.02,1361,113.0,128144.0
2025-10-21,8,エッセンシャルズ鉄分,1134.02,1361,152.0,172371.0
2025-10-21,8,エッセンシャルズビタミン,1134.02,1361,152.0,172371.0
2025-10-21,8,ネクターピーチティー,1134.02,1361,193.0,218866.0
2025-10-21,8,◎カフェラテ　砂糖不使用,1134.02,1361,181.0,205258.0
2025-10-21,8,のむフルーチェイチゴ,1134.02,1361,249.0,282371.0
2025-10-21,8,◎のむヨーグルトいちご,1134.02,1361,162.0,183711.0
2025-10-21,8,ＯＡＴＳＩＤＥプレーン,1134.02,1361,128.0,145155.0
2025-10-21,8,激シゲキックスソーダ,1134.02,1361,120.0,136082.0
2025-10-21,8,◎サラダチキンＳスモーク,1134.02,1361,172.0,195051.0
2025-10-21,8,ブレンドＳ,1134.02,1361,135.0,153093.0
2025-10-21,8,◎グリルチキンやきとり,1134.02,1361,221.0,250618.0
2025-10-21,8,アイスコーヒーＳ,1134.02,1361,135.0,153093.0
2025-10-21,8,◎おつまみかまぼこチーズ,1134.02,1361,173.0,196185.0
2025-10-21,8,◎豆腐と枝豆のひじき和え,1134.02,1361,239.0,271031.0
2025-10-21,8,◎特製ダレの味付けたまご,1134.02,1361,304.0,344742.0
2025-10-21,8,豚しゃぶのパスタサラダ,1134.02,1361,369.0,418453.0
2025-10-21,8,豚しゃぶおろしパスタサラ,1134.02,1361,369.0,418453.0
2025-10-21,8,彩りサラダチキンサンド,1134.02,1361,399.0,452474.0
2025-10-21,8,ゆでたまご＆ハムミックス,1134.02,1361,323.0,366288.0
2025-10-21,8,焦がし醤油風グリルチキン,1134.02,1361,369.0,418453.0
2025-10-21,8,ラッキーＥＸカット１０,1134.02,1361,428.0,485361.0
2025-10-21,8,◎チョコツイスト３本入,1134.02,1361,144.0,163299.0
2025-10-21,8,生ハムとルッコラ,1134.02,1361,462.0,523917.0
2025-10-21,8,◎生コッペパン（ダブルピ,1134.02,1361,135.0,153093.0
2025-10-21,8,おいしい牛乳２００ＭＬ,1134.02,1361,133.0,150825.0
2025-10-21,8,◎白生クリームパン（ダブ,1134.02,1361,147.0,166701.0
2025-10-21,8,◎炙りいかそうめん,1134.02,1361,193.0,218866.0
2025-10-21,8,Ｗ・Ｃホワイト１・１００,1134.02,1361,491.0,556804.0
2025-10-21,8,チップスターＳ梅しそ味,1134.02,1361,158.0,179175.0
2025-10-21,8,◎フランクロール,1134.02,1361,184.0,208660.0
2025-10-21,8,メビＰメンＯＰＰ８,1134.02,1361,528.0,598763.0
2025-10-21,8,今治ＴＨ千鳥,1134.02,1361,600.0,680412.0
2025-10-21,8,つかめる実験！ふしぎ玉,1134.02,1361,180.0,204124.0
2025-10-21,8,三次元マスクふつう,1134.02,1361,350.0,396907.0
2025-10-21,8,メビウスＥＸＬＢ,1134.02,1361,528.0,598763.0
2025-10-21,8,グミチョコ苺,1134.02,1361,233.0,264227.0
2025-10-21,8,マカダミアＰＪカラメリゼ,1134.02,1361,175.0,198454.0
2025-10-21,8,たべっ子ラムネレモン味,1134.02,1361,150.0,170103.0
2025-10-21,8,ポテトＣおたくのマヨ味,1134.02,1361,190.0,215464.0
2025-10-21,8,ケントＮＳインテンスリＦ,1134.02,1361,500.0,567010.0
2025-10-21,8,メビウスＥＭＯＰＰ１Ｓ,1134.02,1361,455.0,515979.0
2025-10-21,8,３色そぼろ＆チキン南蛮弁,1134.02,1361,580.0,657732.0
2025-10-21,8,海苔巻おかき,1134.02,1361,228.0,258557.0
2025-10-21,8,レジ袋４５号,1134.02,1361,7.0,7938.0
2025-10-21,8,◎マシマシ紅しょうがせん,1134.02,1361,119.0,134948.0
2025-10-21,8,◎おこめチップスのりしお,1134.02,1361,249.0,282371.0
2025-10-21,8,メビウス１・１００ＢＯＸ,1134.02,1361,528.0,598763.0
2025-10-21,8,◎ミニクッキー,1134.02,1361,128.0,145155.0
2025-10-21,8,グリーンガム,1134.02,1361,138.0,156495.0
2025-10-21,8,◎黒ごまミニアスパラガス,1134.02,1361,119.0,134948.0
2025-10-21,8,健康のど飴梅小袋,1134.02,1361,128.0,145155.0
2025-10-21,8,メビＰメンＯＰＰ５,1134.02,1361,528.0,598763.0
2025-10-21,8,富士通ＰＲＥ　単３－４Ｐ,1134.02,1361,528.0,598763.0
2025-10-21,8,オリオンドラフト３５０,1134.02,1361,216.0,244948.0
2025-10-21,8,週刊少年マガジン,1134.02,1361,364.0,412783.0
2025-10-21,8,ｉｎバープロテインバニラ,1134.02,1361,170.0,192783.0
2025-10-21,8,◎ひとくちこしあん大福５,1134.02,1361,156.0,176907.0
2025-10-21,8,ミルク餅,1134.02,1361,130.0,147423.0
2025-10-21,8,◎有明産の海苔,1134.02,1361,121.0,137216.0
2025-10-21,8,まるごとりんごのど飴小袋,1134.02,1361,128.0,145155.0
2025-10-21,8,キットカットバー,1134.02,1361,140.0,158763.0
2025-10-21,8,グミだよ。レモネード味,1134.02,1361,166.0,188247.0
2025-10-21,8,カンデミーナＷ電撃ライチ,1134.02,1361,200.0,226804.0
2025-10-21,8,◎スパイシービーフジャー,1134.02,1361,156.0,176907.0
2025-10-21,8,ＢＳラーメンおつまみ,1134.02,1361,131.0,148557.0
2025-10-21,8,ケントトゥルータバコ,1134.02,1361,437.0,495567.0
2025-10-21,8,フェットチーネＰピーチパ,1134.02,1361,148.0,167835.0
2025-10-21,8,◎超暴君ハバネロ,1134.02,1361,128.0,145155.0
2025-10-21,8,◎ノアールミニ,1134.02,1361,119.0,134948.0
2025-10-21,8,スティックのりＰＩＴ,1134.02,1361,232.0,263093.0
2025-10-21,8,ケントＴリッチタバコ,1134.02,1361,437.0,495567.0
2025-10-21,8,クロレッツＸＰシャープミ,1134.02,1361,180.0,204124.0
2025-10-21,8,クールループド,1134.02,1361,455.0,515979.0
2025-10-21,8,ラーク・マイルド・ＢＯＸ,1134.02,1361,491.0,556804.0
2025-10-21,8,週　刊　プ　ロ　レ　ス,1134.02,1361,573.0,649793.0
2025-10-21,8,◎しっとりバウムクーヘン,1134.02,1361,167.0,189381.0
2025-10-21,8,◎つぶあんどら焼き,1134.02,1361,144.0,163299.0
2025-10-21,8,今治ＴＨドット／黒青,1134.02,1361,600.0,680412.0
2025-10-21,8,アメスピＯＬゴールド,1134.02,1361,382.0,433196.0
2025-10-21,8,ビッグ　コミック,1134.02,1361,437.0,495567.0
2025-10-21,8,グランドジャンプ,1134.02,1361,437.0,495567.0
2025-10-21,8,◎ばかうけたっぷり青のり,1134.02,1361,110.0,124742.0
2025-10-21,8,ニベアディープモイスチャ,1134.02,1361,533.0,604433.0
2025-10-21,8,ホロチャージホロライブＧ,1134.02,1361,260.0,294845.0
2025-10-21,8,トロピカーナオレンジ,1134.02,1361,150.0,170103.0
2025-10-21,8,１本満足プロテインチョコ,1134.02,1361,171.0,193917.0
2025-10-21,8,プロテインバー　チョコ,1134.02,1361,180.0,204124.0
2025-10-21,8,堅あげポテトうすしお味,1134.02,1361,179.0,202990.0
2025-10-21,8,氷結グレープフルーツ３５,1134.02,1361,168.0,190515.0
2025-10-21,8,読売新聞,1134.02,1361,164.0,185979.0
2025-10-21,8,週刊ベースボール,1134.02,1361,564.0,639587.0
2025-10-21,8,明治Ｒ－１ドリンク,1134.02,1361,149.0,168969.0
2025-10-21,8,◎瀬戸内レモンピール,1134.02,1361,167.0,189381.0
2025-10-21,8,雑貨（雑誌便）,1134.02,1361,2490.0,2823710.0
2025-10-21,8,マルボロ・メン４Ｂ,1134.02,1361,546.0,619175.0
2025-10-21,8,Ｗ・Ｃレッド８・ＢＯＸ,1134.02,1361,491.0,556804.0
2025-10-21,8,ネオＢワイルドベリー,1134.02,1361,455.0,515979.0
2025-10-21,8,ポリッピーしお味,1134.02,1361,120.0,136082.0
2025-10-21,8,特撰月餅,1134.02,1361,140.0,158763.0
2025-10-21,8,ＭＶＰＧフローズンウィズ,1134.02,1361,546.0,619175.0
2025-10-21,8,ふわもち生大福　コーヒー,1134.02,1361,138.0,156495.0
2025-10-21,8,ラー油四川風麻婆焼そば,1134.02,1361,499.0,565876.0
2025-10-21,8,サラサクリップ　赤,1134.02,1361,99.0,112268.0
2025-10-21,8,エボコールドＭ　ＰＬＭ,1134.02,1361,500.0,567010.0
2025-10-21,8,べスティＥＸ首振り,1134.02,1361,100.0,113402.0
2025-10-21,8,野菜スティック味噌マヨ,1134.02,1361,276.0,312990.0
2025-10-21,8,冷たい明太カルボナーラ,1134.02,1361,499.0,565876.0
2025-10-21,8,フレッシュ野菜サラダ,1134.02,1361,199.0,225670.0
2025-10-21,8,ミニチーズおかきお好み焼,1134.02,1361,147.0,166701.0
2025-10-21,8,メビウスＥＯＰＰ８,1134.02,1361,455.0,515979.0
2025-10-21,8,週刊少年サンデー,1134.02,1361,346.0,392371.0
2025-10-21,8,セロテープ小巻直線カッタ,1134.02,1361,220.0,249484.0
2025-10-21,8,メビウスＢ,1134.02,1361,528.0,598763.0
2025-10-21,8,洗顔シート　石けんの香り,1134.02,1361,246.0,278969.0
2025-10-21,8,ラーク・ＢＯＸ,1134.02,1361,491.0,556804.0
2025-10-21,8,日刊ゲンダイ　通常版,1134.02,1361,164.0,185979.0
2025-10-21,8,ＡｐｐｌｅＧＣ　ＶＡＲ,1134.02,1361,5000.0,5670100.0
2025-10-21,8,ＭＶマスカットＯＰＰＬＭ,1134.02,1361,455.0,515979.0
2025-10-21,8,タフグミｍｉｎｉデュオ,1134.02,1361,238.0,269897.0
2025-10-21,8,フェイシャルＰアイス,1134.02,1361,250.0,283505.0
2025-10-21,8,パリジャンサンドハムチズ,1134.02,1361,323.0,366288.0
2025-10-21,8,レインボーキューブグミ,1134.02,1361,198.0,224536.0
2025-10-21,8,冷しとろろそば,1134.02,1361,508.0,576082.0
2025-10-21,8,メビウス１００Ｂ,1134.02,1361,528.0,598763.0
2025-10-21,8,◎グリルチキン梅しそ,1134.02,1361,221.0,250618.0
2025-10-21,8,午後の紅茶　ストレート,1134.02,1361,160.0,181443.0
2025-10-21,8,ネオアイスドＭハイパー,1134.02,1361,455.0,515979.0
2025-10-21,8,じゃがりこＬ明太もんじゃ,1134.02,1361,218.0,247216.0
2025-10-21,8,◎ふんわりカステラ,1134.02,1361,119.0,134948.0
2025-10-21,8,プロテインピーナッツバタ,1134.02,1361,249.0,282371.0
2025-10-21,8,ＭＶアロマＲプルーム,1134.02,1361,473.0,536391.0
2025-10-21,8,さけるチーズとうがらし味,1134.02,1361,141.0,159897.0
2025-10-21,8,◎麻辣花生,1134.02,1361,128.0,145155.0
2025-10-21,8,無限そら豆濃塩ポーク,1134.02,1361,158.0,179175.0
2025-10-21,8,ＡｐｐｌｅＧＣ１．５千,1134.02,1361,1500.0,1701030.0
2025-10-21,8,冷シート　フローラル,1134.02,1361,462.0,523917.0
2025-10-21,8,ポカリスエット５００,1134.02,1361,150.0,170103.0
2025-10-21,8,ポッキーチョコレート,1134.02,1361,207.0,234742.0
2025-10-21,8,メビウスＥ６　１００Ｓ,1134.02,1361,455.0,515979.0
2025-10-21,8,オイコス　ストロベリー,1134.02,1361,189.0,214330.0
2025-10-21,8,センティアＣグリーン,1134.02,1361,482.0,546598.0
2025-10-21,8,デイリースポーツ,1134.02,1361,146.0,165567.0
2025-10-21,8,ハムレタスたまごサンド,1134.02,1361,265.0,300515.0
2025-10-21,8,◎高地栽培バナナ１本,1134.02,1361,130.0,147423.0
2025-10-21,8,ＣＷ晴雨兼用ミニ折傘,1134.02,1361,2014.0,2283916.0
2025-10-21,8,濃い大満足みかん,1134.02,1361,239.0,271031.0
2025-10-21,8,塩分チャージタブレッツ,1134.02,1361,238.0,269897.0
2025-10-21,8,ケントＴベリーブースト,1134.02,1361,437.0,495567.0
2025-10-21,8,朝日新聞,1134.02,1361,164.0,185979.0
2025-10-21,8,１９６無糖Ｗパイン３５,1134.02,1361,161.0,182577.0
2025-10-21,8,ケントＮＳブライトタバコ,1134.02,1361,500.0,567010.0
2025-10-21,8,◎グリルチキンゆず七味,1134.02,1361,221.0,250618.0
2025-10-21,8,エボベリーＣＲ　ＰＬＭ,1134.02,1361,500.0,567010.0
2025-10-21,8,メビウスＳＬＢ,1134.02,1361,528.0,598763.0
2025-10-21,8,エボディープＲ　ＰＬＭ,1134.02,1361,500.0,567010.0
2025-10-21,8,ＳｐｏｒｔｓＧｒａｐｈｉ,1134.02,1361,746.0,845979.0
2025-10-21,8,少年チャンピオン,1134.02,1361,364.0,412783.0
2025-10-21,8,紳士リブＳ黒,1134.02,1361,390.0,442268.0
2025-10-21,8,文庫,1134.02,1361,600.0,680412.0
2025-10-21,8,ヤング　ジャンプ,1134.02,1361,428.0,485361.0
2025-10-21,8,フリスクペパーミント,1134.02,1361,235.0,266495.0
2025-10-21,8,テリアルビーレギュラー,1134.02,1361,528.0,598763.0
2025-10-21,8,週　刊　新　潮,1134.02,1361,464.0,526185.0
2025-10-21,8,◎２種の醤油仕上げ柿ピー,1134.02,1361,167.0,189381.0
2025-10-21,8,三次元マスク大きめ,1134.02,1361,350.0,396907.0
2025-10-21,8,顔体用シート　ゴミポケ,1134.02,1361,280.0,317526.0
2025-10-21,8,炙り焼　鳥めし弁当,1134.02,1361,526.0,596495.0
2025-10-21,8,今治ＴＨ　ハート,1134.02,1361,637.0,722371.0
2025-10-21,8,スポニチ東日本,1134.02,1361,164.0,185979.0
2025-10-21,8,ざるそば,1134.02,1361,417.0,472886.0
2025-10-21,8,◎塩揚げ餅,1134.02,1361,128.0,145155.0
2025-10-21,8,ラッキーＳベリーＢ,1134.02,1361,391.0,443402.0
2025-10-21,8,◎チョコチップスコーン,1134.02,1361,149.0,168969.0
2025-10-21,8,週　刊　実　話,1134.02,1361,519.0,588556.0
2025-10-21,8,チ－ズインカレ－ハンバ－,1134.02,1361,184.0,208660.0
2025-10-21,8,マルボロミディアムＢＯＸ,1134.02,1361,546.0,619175.0
2025-10-21,8,ＧＰｌａｙバリアブル,1134.02,1361,3000.0,3402060.0
2025-10-21,8,ソフトワン使い切り１回分,1134.02,1361,121.0,137216.0
2025-10-21,8,ソルティライチ,1134.02,1361,163.0,184845.0
2025-10-21,8,果汁グミ弾力プラスいちご,1134.02,1361,225.0,255154.0
2025-10-21,8,綴じノートＢ５Ａ罫,1134.02,1361,208.0,235876.0
2025-10-21,8,ニッカン東日本（日刊スポ,1134.02,1361,164.0,185979.0
2025-10-21,8,クリニカハミガキ　ミニ,1134.02,1361,91.0,103196.0
2025-10-21,8,アメリカヘアピン,1134.02,1361,280.0,317526.0
2025-10-21,8,午後の紅茶おいしい無糖,1134.02,1361,158.0,179175.0
2025-10-21,8,折りたたみセットコーム,1134.02,1361,491.0,556804.0
2025-10-21,8,極冷感　フリージア,1134.02,1361,462.0,523917.0
2025-10-21,8,回転焼（抹茶あん）２個入,1134.02,1361,147.0,166701.0
2025-10-21,8,冷しぶっかけ豚肉うどん,1134.02,1361,554.0,628247.0
2025-10-21,8,クリニカトラベルセット,1134.02,1361,330.0,374227.0
2025-10-21,8,かっぱえびせん鳴門の塩,1134.02,1361,158.0,179175.0
2025-10-21,8,プレミアムルック清水白桃,1134.02,1361,270.0,306185.0
2025-10-21,8,ポテトチップス大人の夏味,1134.02,1361,158.0,179175.0
2025-10-21,8,フリスクＣＢフレッシュＭ,1134.02,1361,278.0,315258.0
2025-10-21,8,◎あたりめ　小,1134.02,1361,147.0,166701.0
2025-10-21,8,ハッピーターンスパイス,1134.02,1361,120.0,136082.0
2025-10-21,8,◎チョコマカダミアクッキ,1134.02,1361,184.0,208660.0
2025-10-21,8,アイスコーヒーＭ,1134.02,1361,223.0,252886.0
2025-10-21,8,Ｆ謹製塩豆大福,1134.02,1361,167.0,189381.0
2025-10-21,8,◎トルティーヤＣタコス味,1134.02,1361,128.0,145155.0
2025-10-21,8,ミニ冷し中華,1134.02,1361,369.0,418453.0
2025-10-21,8,競馬ブック,1134.02,1361,500.0,567010.0
2025-10-21,8,週刊　漫画タイムス,1134.02,1361,364.0,412783.0
2025-10-21,8,ＢＳおつまみ激辛チキン,1134.02,1361,136.0,154227.0
2025-10-21,8,東スポ競馬特別版,1134.02,1361,228.0,258557.0
2025-10-21,8,キャメルクラフト１２,1134.02,1361,410.0,464948.0
2025-10-21,8,メビウスＳＴ１　１００,1134.02,1361,528.0,598763.0
2025-10-21,8,アロンアルフア速効多用途,1134.02,1361,501.0,568144.0
2025-10-21,8,◎風味が豊かなチーズ鱈小,1134.02,1361,172.0,195051.0
2025-10-21,8,ライトニング用イヤホン,1134.02,1361,3255.0,3691235.0
2025-10-21,8,ＭＶＭミントＭプルーム,1134.02,1361,455.0,515979.0
2025-10-21,8,◎春雨スープかきたま,1134.02,1361,167.0,189381.0
2025-10-21,8,ピアニシモ・プレシアメン,1134.02,1361,519.0,588556.0
2025-10-21,8,ハイマッキー　太字　黒,1134.02,1361,136.0,154227.0
2025-10-21,8,ミックスアイス,1134.02,1361,464.0,526185.0
2025-10-21,8,コミック,1134.02,1361,520.0,589690.0
2025-10-21,8,海味鮮,1134.02,1361,120.0,136082.0
2025-10-21,8,漫　画　ゴラク,1134.02,1361,500.0,567010.0
2025-10-21,8,ビッグコミックオリジナル,1134.02,1361,437.0,495567.0
2025-10-21,8,もっちりクリームロール,1134.02,1361,313.0,354948.0
2025-10-21,8,塩チョコタルト,1134.02,1361,258.0,292577.0
2025-10-21,8,雑誌（地元発行紙）,1134.02,1361,228.0,258557.0
2025-10-21,8,アクアリッチ　エッセンス,1134.02,1361,880.0,997938.0
2025-10-21,8,ベロブリージーマンゴーＭ,1134.02,1361,291.0,330000.0
2025-10-21,8,噛むブレスケアレモン,1134.02,1361,385.0,436598.0
2025-10-21,8,月刊　少年マガジン,1134.02,1361,637.0,722371.0
2025-10-21,8,マッキー　極細　黒,1134.02,1361,111.0,125876.0
2025-10-21,8,ネオＢレッドフルーツ,1134.02,1361,455.0,515979.0
2025-10-21,8,技のこだ割り濃厚醤油,1134.02,1361,138.0,156495.0
2025-10-21,8,さけるチーズスモーク味,1134.02,1361,141.0,159897.0
2025-10-21,8,冷シート　無香,1134.02,1361,462.0,523917.0
2025-10-21,8,大盛　明太子スパゲティ,1134.02,1361,554.0,628247.0
2025-10-21,8,ブレンドＭ,1134.02,1361,204.0,231340.0
2025-10-21,8,スポーツ報知,1134.02,1361,164.0,185979.0
2025-10-21,8,日刊スポーツ,1134.02,1361,164.0,185979.0
2025-10-21,8,競馬エイト,1134.02,1361,591.0,670206.0
2025-10-21,8,ゼロチョコレートクリスプ,1134.02,1361,220.0,249484.0
2025-10-21,8,◎ドライもも,1134.02,1361,276.0,312990.0
2025-10-21,8,メビウスＥＸＬ１００Ｂ,1134.02,1361,528.0,598763.0
2025-10-21,8,キャメルクラフト１,1134.02,1361,410.0,464948.0
2025-10-21,8,今治ＴＨＣグラデーション,1134.02,1361,600.0,680412.0
2025-10-21,8,今治ＴＨ　ストライプＢＧ,1134.02,1361,637.0,722371.0
2025-10-21,8,テリアメンソール１０Ｐ,1134.02,1361,5273.0,5979687.0
2025-10-21,8,オイコスドリンク　カフェ,1134.02,1361,248.0,281237.0
2025-10-21,8,明治ヨーグルトＲ－１,1134.02,1361,144.0,163299.0
2025-10-21,8,ネオＢマスカッット,1134.02,1361,455.0,515979.0
2025-10-21,8,夏ポテト紀州の南高梅味,1134.02,1361,179.0,202990.0
2025-10-21,8,ＧＰｌａｙ５０００,1134.02,1361,5000.0,5670100.0
2025-10-21,8,スパッシュラムネレモン,1134.02,1361,147.0,166701.0
2025-10-21,8,ラッキーＳトロピカルＢ,1134.02,1361,391.0,443402.0
2025-10-21,8,スフレ・プリン,1134.02,1361,306.0,347010.0
2025-10-21,8,スポーツニッポン,1134.02,1361,164.0,185979.0
2025-10-21,8,エボルタＮＥＯ単３－４Ｐ,1134.02,1361,659.0,747319.0
2025-10-21,8,アスティーグ肌　Ｌ,1134.02,1361,600.0,680412.0
2025-10-21,8,消しゴム　ＭＯＮＯ,1134.02,1361,110.0,124742.0
2025-10-21,8,キャップ付鉛筆３Ｐ,1134.02,1361,180.0,204124.0
2025-10-21,8,ケント・１・ＫＳ・ＢＯＸ,1134.02,1361,473.0,536391.0
2025-10-21,8,スーパーグリップシャープ,1134.02,1361,100.0,113402.0
2025-10-21,8,ショートＳ灰緑／白小,1134.02,1361,390.0,442268.0
2025-10-21,8,ソルティグレフルグミ,1134.02,1361,184.0,208660.0
2025-10-21,8,うまイチュウ青りんご味,1134.02,1361,127.0,144021.0
2025-10-21,8,ペタグーシャインマスカッ,1134.02,1361,150.0,170103.0
2025-10-21,8,クールマイルド・ＢＯＸ,1134.02,1361,528.0,598763.0
2025-10-21,8,マロッシュラムネ味,1134.02,1361,159.0,180309.0
2025-10-21,8,アポロマイスタイル,1134.02,1361,247.0,280103.0
2025-10-21,8,◎夏のベイクドチーズＣ,1134.02,1361,138.0,156495.0
2025-10-21,8,パイの実レアチーズケーキ,1134.02,1361,238.0,269897.0
2025-10-21,8,ビッグコミックスピリッツ,1134.02,1361,464.0,526185.0
2025-10-21,8,塩キャラメルプリン,1134.02,1361,230.0,260825.0
2025-10-21,8,クロレッツＸＰ　クリアミ,1134.02,1361,180.0,204124.0
2025-10-21,8,ライトニング電池式６本,1134.02,1361,2346.0,2660411.0
2025-10-21,8,多当仏　御霊前,1134.02,1361,87.0,98660.0
2025-10-21,8,テリヤキチキンたまごコぺ,1134.02,1361,323.0,366288.0
2025-10-21,8,ワンピデッキシャンクス,1134.02,1361,500.0,567010.0
2025-10-21,8,◎ばんそうこう３サイズ,1134.02,1361,362.0,410515.0
2025-10-21,8,◎塩キャラメルケーキタ３,1134.02,1361,167.0,189381.0
2025-10-21,8,Ｃボス　地中海スカッシュ,1134.02,1361,166.0,188247.0
2025-10-21,8,マッチ　５００,1134.02,1361,150.0,170103.0
2025-10-21,8,テリアスムースＲ１０Ｐ,1134.02,1361,5273.0,5979687.0
2025-10-21,8,こだわり酒場のレモン３５,1134.02,1361,161.0,182577.0
2025-10-21,8,狩人めしエナジードリンク,1134.02,1361,125.0,141752.0
2025-10-21,8,サントリー生ビール３５０,1134.02,1361,212.0,240412.0
2025-10-21,8,北海道生ビール３５０,1134.02,1361,216.0,244948.0
2025-10-21,8,◎やわらか燻製さきいか,1134.02,1361,184.0,208660.0
2025-10-21,8,◎とうふとわかめ,1134.02,1361,121.0,137216.0
2025-10-21,8,青磯海苔　まぐろたくあん,1134.02,1361,187.0,212062.0
2025-10-21,8,ザバスチョコレート２００,1134.02,1361,205.0,232474.0
2025-10-21,8,大粒ラムネアイスボックス,1134.02,1361,161.0,182577.0
2025-10-21,8,男梅サワー梅涼し３５０,1134.02,1361,187.0,212062.0
2025-10-21,8,もち麦　新生姜とわかめ,1134.02,1361,163.0,184845.0
2025-10-21,8,紳士くるぶし丈Ｓ黒,1134.02,1361,390.0,442268.0
2025-10-21,8,ショートＳ灰緑／白大,1134.02,1361,390.0,442268.0
2025-10-21,8,漬け真鯛おむすび,1134.02,1361,260.0,294845.0
2025-10-21,8,こってり炒飯おむすび,1134.02,1361,166.0,188247.0
2025-10-21,8,手巻寿司　ばくだん納豆,1134.02,1361,207.0,234742.0
2025-10-21,8,茶流彩彩　コーン茶,1134.02,1361,110.0,124742.0
2025-10-21,8,◎どかっとベーコンチーズ,1134.02,1361,139.0,157629.0
2025-10-21,8,ＢＩＧあらびきソーセージ,1134.02,1361,150.0,170103.0
2025-10-21,8,◎クランベリー＆チーズク,1134.02,1361,147.0,166701.0
2025-10-21,8,◎塩バターパン（チョコク,1134.02,1361,156.0,176907.0
2025-10-21,8,３種のミックスサンド,1134.02,1361,298.0,337938.0
2025-10-21,8,ネオＢトロピカルハイパー,1134.02,1361,455.0,515979.0
2025-10-21,8,ブラックＴココナッツ小袋,1134.02,1361,128.0,145155.0
2025-10-21,8,ぷっちょＳＴ瀬戸内レモン,1134.02,1361,118.0,133814.0
2025-10-21,8,みんなのレモネード,1134.02,1361,212.0,240412.0
2025-10-21,8,オレンジもちとろクリーム,1134.02,1361,184.0,208660.0
2025-10-21,8,まるごとバナナ,1134.02,1361,260.0,294845.0
2025-10-21,8,８×４ロールオンせっけん,1134.02,1361,641.0,726907.0
2025-10-21,8,ノンシュガー塩果実キャン,1134.02,1361,211.0,239278.0
2025-10-21,8,◎ふんわりとしたパンケ８,1134.02,1361,172.0,195051.0
2025-10-21,8,つくね＆鶏そぼろごはん,1134.02,1361,313.0,354948.0
2025-10-21,8,ＩＱＯＳｉＯＭブラック,1134.02,1361,3619.0,4104018.0
2025-10-21,8,◎焼きカレーパン３個入,1134.02,1361,184.0,208660.0
2025-10-21,8,プライドポテト神戸ビーフ,1134.02,1361,168.0,190515.0
2025-10-21,8,堅あげ焼きとうもろこし,1134.02,1361,179.0,202990.0
2025-10-21,8,◎Ｆボスブラック　４５０,1134.02,1361,130.0,147423.0
2025-10-21,8,コアラのマーチ練乳ミルク,1134.02,1361,177.0,200722.0
2025-10-21,8,ＰＧスパイシーチキンＳ缶,1134.02,1361,168.0,190515.0
2025-10-21,8,ハニーミルクティー,1134.02,1361,230.0,260825.0
2025-10-21,8,果汁グミすいか,1134.02,1361,152.0,172371.0
2025-10-21,8,カスタムプラスＥＸ首振り,1134.02,1361,398.0,451340.0
2025-10-21,8,ツナとたまごサンド,1134.02,1361,265.0,300515.0
2025-10-21,8,◎塩チョコフィナンシェ,1134.02,1361,167.0,189381.0
2025-10-21,8,大盛豚肉とねぎの塩焼そば,1134.02,1361,554.0,628247.0
2025-10-21,8,純連冷し味噌ラーメン,1134.02,1361,599.0,679278.0
2025-10-21,8,フルーツの沼メロン＆白桃,1134.02,1361,230.0,260825.0
2025-10-21,8,トルティーヤ豚生姜ハムチ,1134.02,1361,369.0,418453.0
2025-10-21,8,ぷっちょイカゲーム第二弾,1134.02,1361,193.0,218866.0
2025-10-21,8,Ｗ・Ｃホワイト３ＢＯＸ,1134.02,1361,491.0,556804.0
2025-10-21,8,毎日新聞（１都６県静０１,1134.02,1361,,
2025-10-21,8,東京スポーツ（１都６県静,1134.02,1361,,
2025-10-21,8,東京新聞（１都６県静０１,1134.02,1361,,
2025-10-21,8,スポーツ報知（関東東北北,1134.02,1361,,
2025-10-21,8,日刊ゲンダイ（１都６県静,1134.02,1361,,
2025-10-21,8,納豆細巻寿司（２巻増量）,1134.02,1361,389.0,441134.0
2025-10-21,8,ＪＴニューヨーク（旧：ヘ,1134.02,1361,,
2025-10-21,8,読売新聞（１都６県静０１,1134.02,1361,,
2025-10-21,8,日本経済新聞（静０５）,1134.02,1361,,
2025-10-21,8,朝日新聞（宮山梨静０５以,1134.02,1361,,
2025-10-21,8,ＴｈｅＪａｐａｎＮｅｗｓ,1134.02,1361,,
2025-10-21,8,産経新聞（宮山梨静０５以,1134.02,1361,,
2025-10-21,8,プロテインキャラメル,1134.02,1361,249.0,282371.0
2025-10-21,8,キャメルクラフトＭＢ５,1134.02,1361,410.0,464948.0
2025-10-21,8,◎どかっとテリマヨチキン,1134.02,1361,135.0,153093.0
2025-10-21,8,スポニチ（山梨静０５以外,1134.02,1361,,
2025-10-21,8,デイリースポーツ（１都６,1134.02,1361,,
2025-10-21,8,サンスポ（山梨静０５以外,1134.02,1361,,
2025-10-21,8,日刊スポ（山梨静０５以外,1134.02,1361,,
2025-10-21,8,婦人リブＳ白,1134.02,1361,390.0,442268.0
2025-10-21,8,◎こだわりのバタークッキ,1134.02,1361,239.0,271031.0
2025-10-21,8,Ｆはちみつ＆マーガリンの,1134.02,1361,147.0,166701.0
2025-10-21,8,男梅シート,1134.02,1361,200.0,226804.0
2025-10-21,8,ＧＰｌａｙ３０００,1134.02,1361,3000.0,3402060.0
2025-10-21,8,Ｓスター１０Ｂ,1134.02,1361,546.0,619175.0
2025-10-21,8,オイコス　パッションフル,1134.02,1361,189.0,214330.0
2025-10-21,8,コーヒー用氷Ｓ,1134.02,1361,,
2025-10-21,8,◎冷スープかぼちゃと人参,1134.02,1361,332.0,376495.0
2025-10-21,8,ＣＷ晴雨兼用スリム折傘,1134.02,1361,2014.0,2283916.0
2025-10-21,8,セブンスター１０Ｐ,1134.02,1361,5455.0,6186079.0
2025-10-21,8,フライドチキン＆ハンバー,1134.02,1361,555.0,629381.0
2025-10-21,8,ケントエス・スパーク５,1134.02,1361,455.0,515979.0
2025-10-21,8,Ｃ玄米ブラン贅沢ミルク,1134.02,1361,180.0,204124.0
2025-10-21,8,Ｃ玄米ブラン　カカオ,1134.02,1361,155.0,175773.0
2025-10-21,8,ブルガリアＹＯマスカット,1134.02,1361,185.0,209794.0
2025-10-21,8,激辛韓国風焼そば,1134.02,1361,510.0,578350.0
2025-10-21,8,◎フルーツＣ塩レモン,1134.02,1361,276.0,312990.0
2025-10-21,8,沖縄黒糖のブラウにゃー,1134.02,1361,220.0,249484.0
2025-10-21,8,カントリーＭ塩バニラアイ,1134.02,1361,145.0,164433.0
2025-10-21,8,シングルモルト白州１８０,1134.02,1361,1950.0,2211339.0
2025-10-21,8,週刊ＴＶガイド（関東版）,1134.02,1361,,
2025-10-21,8,その他３口座売上,1134.02,1361,649.0,735979.0
2025-10-21,8,竹箸　５００膳,1134.02,1361,,
2025-10-21,8,ＴＶＬＩＦＥ　首都圏版,1134.02,1361,,
2025-10-21,8,コーヒー用氷Ｍ,1134.02,1361,,
2025-10-21,8,ａｎａｎ（アンアン）,1134.02,1361,,
2025-10-21,8,コーヒーリッドＭ,1134.02,1361,,
2025-10-21,8,今治ＴＨフジＲ２５,1134.02,1361,637.0,722371.0
2025-10-21,8,ストローレスリッド,1134.02,1361,,
2025-10-21,8,しあわせ素肌ミニ夜用,1134.02,1361,162.0,183711.0
2025-10-21,8,ニンフィアゼリードリンク,1134.02,1361,249.0,282371.0
2025-10-21,8,新・値下シール３０円,1134.02,1361,,
2025-10-21,8,ＣＷ折りたたみ耐風傘,1134.02,1361,2014.0,2283916.0
2025-10-21,8,サンデー毎日,1134.02,1361,600.0,680412.0
2025-10-21,8,カフェカップＳ,1134.02,1361,,
2025-10-21,8,塩分チャージタブ小袋,1134.02,1361,140.0,158763.0
2025-10-21,8,週刊　女性セブン,1134.02,1361,482.0,546598.0
2025-10-21,8,第１０７回全国高校野球選,1134.02,1361,,
2025-10-21,8,お泊まりスキンケアセット,1134.02,1361,380.0,430928.0
2025-10-21,8,楽天ギフトバリアブル,1134.02,1361,10500.0,11907210.0
2025-10-21,8,ＡＥＲＡ（アエラ）,1134.02,1361,591.0,670206.0
2025-10-21,8,なめらか食感水ようかん,1134.02,1361,158.0,179175.0
2025-10-21,8,トマトベーコンパスタサラ,1134.02,1361,389.0,441134.0
2025-10-21,8,ベ　ス　ト　カ　ー,1134.02,1361,537.0,608969.0
2025-10-21,8,ポケカ拡張ステラ,1134.02,1361,164.0,185979.0
2025-10-21,8,ベロＢマンゴーＭ５Ｐ,1134.02,1361,1455.0,1649999.0
2025-10-21,8,明太マヨいか天,1134.02,1361,130.0,147423.0
2025-10-21,8,マウスＷクリア８０ＭＬ,1134.02,1361,200.0,226804.0
2025-10-21,8,こんがりパンポタージュ,1134.02,1361,170.0,192783.0
2025-10-21,8,クラフトテープ　１巻,1134.02,1361,,
2025-10-21,8,タリーズブラック３９０,1134.02,1361,158.0,179175.0
2025-10-21,8,アルバトロス・ビュー,1134.02,1361,,
2025-10-21,8,テリアレギュラー１０Ｐ,1134.02,1361,5273.0,5979687.0
2025-10-21,8,発注レジ袋１２号バイオマ,1134.02,1361,,
2025-10-21,8,ショコラ＆ホイップパイ,1134.02,1361,239.0,271031.0
2025-10-21,8,ビッグコミックスペリオー,1134.02,1361,464.0,526185.0
2025-10-21,8,ネイビーやまがた県民手帳,1134.02,1361,500.0,567010.0
2025-10-21,8,塩レモンクッキーシュー,1134.02,1361,204.0,231340.0
2025-10-21,8,アスティーグ黒　Ｍ,1134.02,1361,600.0,680412.0
2025-10-21,8,しょうが香る冷し薬味そば,1134.02,1361,,
2025-10-21,8,明太海苔弁当,1134.02,1361,555.0,629381.0
2025-10-21,8,東京スポーツ競馬特別版,1134.02,1361,,
2025-10-21,8,夏ポテト対馬の浜御塩味,1134.02,1361,179.0,202990.0
2025-10-21,8,優馬（関東山形福島）,1134.02,1361,,
2025-10-21,8,日刊競馬（関東山形福島）,1134.02,1361,,
2025-10-21,8,勝馬（関東山形福島）,1134.02,1361,,
2025-10-21,8,競友（関東福島）,1134.02,1361,,
2025-10-21,8,競馬エイト（関東福島）,1134.02,1361,,
2025-10-21,8,競馬ブック（関東山形福島,1134.02,1361,,
2025-10-21,8,馬サブロー（１都６県宮城,1134.02,1361,,
2025-10-21,8,研究（関東山形福島）,1134.02,1361,,
2025-10-21,8,リルＨリキッドＣ,1134.02,1361,73.0,82783.0
2025-10-21,8,ネックバンドイヤホン　黒,1134.02,1361,3164.0,3588039.0
2025-10-21,8,天使のチーズケーキ,1134.02,1361,230.0,260825.0
2025-10-21,8,プレジデント,1134.02,1361,,
2025-10-21,8,ＰＯＳレジロール５０巻,1134.02,1361,,
2025-10-21,8,ペーパータオルＢＳ,1134.02,1361,,
2025-10-21,8,ＪＴオンサンデー（旧：ジ,1134.02,1361,,
2025-10-21,8,コーヒーフレッシュ,1134.02,1361,,
2025-10-21,8,ダーク豆（ＵＣＣ）,1134.02,1361,,
2025-10-21,8,ピース（２０本）,1134.02,1361,546.0,619175.0
2025-10-21,8,２５０円スポーツ,1134.02,1361,228.0,258557.0
2025-10-21,8,ワンピデッキ緑黄ヤマト,1134.02,1361,500.0,567010.0
2025-10-21,8,ワンピデッキ紫黒ルフィ,1134.02,1361,500.0,567010.0
2025-10-21,8,婦人クルーＳ黒,1134.02,1361,390.0,442268.0
2025-10-21,8,ワンピデッキ　バギー,1134.02,1361,500.0,567010.0
2025-10-21,8,ハミガキハブラシセット,1134.02,1361,448.0,508041.0
2025-10-21,8,ＬストライクＢ,1134.02,1361,564.0,639587.0
2025-10-21,8,備蓄米１Ｋｇ,1134.02,1361,,
2025-10-21,8,ｉｎバー　ベイクドビター,1134.02,1361,170.0,192783.0
2025-10-21,8,２ＷＡＹマーカーピンク,1134.02,1361,180.0,204124.0
2025-10-21,8,ガムシロップ,1134.02,1361,,
2025-10-21,8,備蓄米　１ｋｇ,1134.02,1361,360.0,408247.0
2025-10-21,8,堅ぶつ旨塩,1134.02,1361,128.0,145155.0
2025-10-21,8,◎人気のミックスナッツ,1134.02,1361,360.0,408247.0
2025-10-21,8,うるおいさらっとジェル,1134.02,1361,248.0,281237.0
2025-10-21,8,ワンピデッキジュエリー,1134.02,1361,500.0,567010.0
2025-10-21,8,Ｃボス　フルーツエード,1134.02,1361,143.0,162165.0
2025-10-21,8,紅茶花伝　ミルクティー,1134.02,1361,155.0,175773.0
2025-10-21,8,週刊　プレイボーイ,1134.02,1361,591.0,670206.0
2025-10-21,8,今治ＴＨ２５春の色白,1134.02,1361,600.0,680412.0
2025-10-21,8,週　刊　大　衆,1134.02,1361,437.0,495567.0
2025-10-21,8,サクレグミレモン＆梨,1134.02,1361,208.0,235876.0
2025-10-21,8,つぶ塩梅,1134.02,1361,158.0,179175.0
2025-10-21,8,パーラメント１００ＢＯＸ,1134.02,1361,564.0,639587.0
2025-10-21,8,あの夏のラムネグミ,1134.02,1361,167.0,189381.0
2025-10-21,8,濃厚カスタードシュー,1134.02,1361,156.0,176907.0
2025-10-21,8,オレンジパンチ３５０,1134.02,1361,161.0,182577.0
2025-10-21,8,全粒粉サラダチキンたまご,1134.02,1361,369.0,418453.0
2025-10-21,8,パリジャン３種ミート,1134.02,1361,348.0,394639.0
2025-10-21,8,センテＩブラック１０Ｐ,1134.02,1361,4819.0,5464842.0
2025-10-21,8,炭火焼うなぎおむすび,1134.02,1361,369.0,418453.0
2025-10-21,8,海鮮サラダおむすび,1134.02,1361,147.0,166701.0
2025-10-21,8,おろしタツタ弁当（わかめ,1134.02,1361,598.0,678144.0
2025-10-21,8,ビーフハンバーグのロコモ,1134.02,1361,647.0,733711.0
2025-10-21,8,ＳＰＡＭ　玉子焼き,1134.02,1361,313.0,354948.0
2025-10-21,8,週刊　東洋経済,1134.02,1361,864.0,979793.0
2025-10-21,8,エ　コ　ノ　ミ　ス　ト,1134.02,1361,,
2025-10-21,8,テリアリッチＲ１０Ｐ,1134.02,1361,5273.0,5979687.0
2025-10-21,8,ＹＯＵＮＧ　ＫＩＮＧ（ヤ,1134.02,1361,464.0,526185.0
2025-10-21,8,野菜生活巨峰,1134.02,1361,118.0,133814.0
2025-10-21,8,ブーストバイツ,1134.02,1361,240.0,272165.0
2025-10-21,8,専炭治郎の抹茶クリームロ,1134.02,1361,158.0,179175.0
2025-10-21,8,銀鮭と煮物の幕の内弁当,1134.02,1361,555.0,629381.0
2025-10-21,8,鬼滅の刃フルーツオレ,1134.02,1361,249.0,282371.0
2025-10-21,8,アサイーボウルドリンク,1134.02,1361,249.0,282371.0
2025-10-21,8,◎生スコーン６個入（チー,1134.02,1361,172.0,195051.0
2025-10-21,8,サンド寿司　サーモン,1134.02,1361,334.0,378763.0
2025-10-21,8,Ｆ伊之助のほわほわ大福,1134.02,1361,125.0,141752.0
2025-10-21,8,Ｆ水柱の水まんじゅう（ラ,1134.02,1361,149.0,168969.0
2025-10-21,8,◎マラサダ（マカダミアチ,1134.02,1361,147.0,166701.0
2025-10-21,8,専胡蝶しのぶの藤色メロン,1134.02,1361,165.0,187113.0
2025-10-21,8,◎Ｆボス　ラテ　４５０,1134.02,1361,139.0,157629.0
2025-10-21,8,新Ｅプリンター用インク青,1134.02,1361,,
2025-10-21,8,◎レモネードソーダ,1134.02,1361,186.0,210928.0
2025-10-21,8,翠ジンソーダ３５０,1134.02,1361,194.0,220000.0
2025-10-21,8,ＳＰＡ！（スパ！）,1134.02,1361,573.0,649793.0
2025-10-21,8,半熟たまご大盛冷しうどん,1134.02,1361,554.0,628247.0
2025-10-21,8,ライオンカフェオレ,1134.02,1361,208.0,235876.0
2025-10-21,8,台湾風まぜそば,1134.02,1361,599.0,679278.0
2025-10-21,8,週刊女性自身,1134.02,1361,500.0,567010.0
2025-10-21,8,週刊ゴルフダイジェスト,1134.02,1361,573.0,649793.0
2025-10-21,8,クア・アイナテリチキン,1134.02,1361,369.0,418453.0
2025-10-21,8,フライドサイミン,1134.02,1361,,
2025-10-21,8,週刊アサヒ芸能,1134.02,1361,564.0,639587.0
2025-10-21,8,マカダミアパンケーキ,1134.02,1361,323.0,366288.0
2025-10-21,8,ＦＬＡＳＨ　（フラッシュ,1134.02,1361,664.0,752989.0
2025-10-21,8,ミンティアグレープ,1134.02,1361,105.0,119072.0
2025-10-21,8,健康のど飴冷やし飴小袋,1134.02,1361,138.0,156495.0
2025-10-21,8,コアラのマーチいちご,1134.02,1361,164.0,185979.0
2025-10-21,8,◎ハムエッグデニッシュ２,1134.02,1361,135.0,153093.0
2025-10-21,8,週　刊　女　性,1134.02,1361,,
2025-10-21,8,透明プリン？マンゴー？,1134.02,1361,194.0,220000.0
2025-10-21,8,青ねぎと蒸し鶏のパスタ,1134.02,1361,462.0,523917.0
2025-10-21,8,２０品目のサラダ,1134.02,1361,276.0,312990.0
2025-10-21,8,ベロＭＰミントＸインテン,1134.02,1361,310.0,351546.0
2025-10-21,8,◎りんごカスタードデニ４,1134.02,1361,167.0,189381.0
2025-10-21,8,◎ハムチーズクロワッサン,1134.02,1361,135.0,153093.0
2025-10-21,8,紳士ショートＳ黒,1134.02,1361,390.0,442268.0
2025-10-21,8,ラインＳ２５夏の色白大,1134.02,1361,390.0,442268.0
2025-10-21,8,カルピスＰマンゴーピーチ,1134.02,1361,170.0,192783.0
2025-10-21,8,ブリーフ団イカ墨まぜそば,1134.02,1361,369.0,418453.0
2025-10-21,8,江頭　激辛豚骨ラーメン,1134.02,1361,369.0,418453.0
2025-10-21,8,ラークウルトラ１・１００,1134.02,1361,491.0,556804.0
2025-10-21,8,◎ひとくち濃厚梅だれせん,1134.02,1361,139.0,157629.0
2025-10-21,8,ミニチーズおかきガーリッ,1134.02,1361,150.0,170103.0
2025-10-21,8,◎瀬戸内レモンのドーナツ,1134.02,1361,139.0,157629.0
2025-10-21,8,キリン晴れ風３５０,1134.02,1361,216.0,244948.0
2025-10-21,8,Ｇファイトシャープ芯ＨＢ,1134.02,1361,200.0,226804.0
2025-10-21,8,最強王図鑑激闘バトルグミ,1134.02,1361,193.0,218866.0
2025-10-21,8,すっぱいぶどうグミ,1134.02,1361,100.0,113402.0
2025-10-21,8,レインコートＭ,1134.02,1361,687.0,779072.0
2025-10-21,8,オイコス　レモン＆ハニー,1134.02,1361,179.0,202990.0
2025-10-21,8,４５Ｌ半透明ゴミ袋,1134.02,1361,,
2025-10-21,8,レジ従業員金庫引継ノート,1134.02,1361,,
2025-10-21,8,◎生コッペパン（ハムカツ,1134.02,1361,167.0,189381.0
2025-10-21,8,振って塩こんぶキャベツ,1134.02,1361,221.0,250618.0
2025-10-21,8,センティアＦエメラルド,1134.02,1361,482.0,546598.0
2025-10-21,8,サンカット　ＵＶスプレー,1134.02,1361,798.0,904948.0
2025-10-21,8,抹茶シベリア３個入,1134.02,1361,230.0,260825.0
2025-10-21,8,ライト豆（ＵＣＣ）,1134.02,1361,,
2025-10-21,8,ターザン,1134.02,1361,728.0,825567.0
2025-10-21,8,ジャージー牛乳プリン,1134.02,1361,178.0,201856.0
2025-10-21,8,ＡｐｐｌｅＧＣ＿５千,1134.02,1361,5000.0,5670100.0
2025-10-21,8,ベロスピッフィーＳミント,1134.02,1361,291.0,330000.0
2025-10-21,8,センテＣシルバー１０Ｐ,1134.02,1361,4819.0,5464842.0
2025-10-21,8,電卓　１２桁,1134.02,1361,1280.0,1451546.0
2025-10-21,8,ライトニングイヤホン変換,1134.02,1361,1982.0,2247628.0
2025-10-21,8,ＦＲＩＤＡＹ（フライデー,1134.02,1361,710.0,805154.0
2025-10-21,8,オレンジページ,1134.02,1361,544.0,616907.0
2025-10-21,8,ミルクソースのシフォン,1134.02,1361,369.0,418453.0
2025-10-21,8,ネオチルドＭハイパー用,1134.02,1361,455.0,515979.0
2025-10-21,8,カーセンサー東日本版,1134.02,1361,,
2025-10-21,8,Ｗｅｄｇｅ（ウェッジ）,1134.02,1361,,
2025-10-21,8,週　刊　ポ　ス　ト,1134.02,1361,519.0,588556.0
2025-10-21,8,ＵＳＢーＣ用イヤホン黒,1134.02,1361,2164.0,2454019.0
2025-10-21,8,Ｎｅｗｔｏｎ（ニュートン,1134.02,1361,1082.0,1227010.0
2025-10-21,8,パリパリ麺サラダ,1134.02,1361,369.0,418453.0
2025-10-21,8,カーセンサー首都圏版,1134.02,1361,,
2025-10-21,8,新Ｅプリンター用インク赤,1134.02,1361,,
2025-10-21,8,新Ｅプリンター用インク黒,1134.02,1361,,
2025-10-21,8,ネオＢマスカット,1134.02,1361,455.0,515979.0
2025-10-21,8,ＩＱＯＳｉＯＢブルー,1134.02,1361,3619.0,4104018.0
2025-10-21,8,クール・ＢＯＸ,1134.02,1361,528.0,598763.0
2025-10-21,8,アルカリ水クリーナ－詰替,1134.02,1361,,
2025-10-21,8,やまがた県民手帳ブラック,1134.02,1361,500.0,567010.0
2025-10-21,8,ごまだれ冷し中華,1134.02,1361,554.0,628247.0
2025-10-21,8,Ｓスター７Ｂ,1134.02,1361,546.0,619175.0
2025-10-21,8,綾鷹　濃い緑茶　６５０,1134.02,1361,158.0,179175.0
2025-10-21,8,ＵＳＢ－Ｃ電池充電器,1134.02,1361,1710.0,1939174.0
2025-10-21,8,氷結無糖スモモ３５０,1134.02,1361,168.0,190515.0
2025-10-21,8,ゼロシュガーフリーチョコ,1134.02,1361,220.0,249484.0
2025-10-21,8,トッポ,1134.02,1361,209.0,237010.0
2025-10-21,8,コーヒーリッド黒Ｓ,1134.02,1361,,
2025-10-21,8,カフェカップＭ,1134.02,1361,,
2025-10-21,8,◎フルーツミックス５００,1134.02,1361,112.0,127010.0
2025-10-21,8,◎南高梅うす塩個食,1134.02,1361,131.0,148557.0
2025-10-21,8,◎南高梅はちみつ入個食,1134.02,1361,131.0,148557.0
2025-10-21,8,◎生コッペパン（厚ぎりと,1134.02,1361,230.0,260825.0
2025-10-21,8,綾鷹　６５０,1134.02,1361,158.0,179175.0
2025-10-21,8,サントリー天然水　５５０,1134.02,1361,118.0,133814.0
2025-10-21,8,烏龍茶　６００,1134.02,1361,158.0,179175.0
2025-10-21,8,鮭わかめおむすび,1134.02,1361,139.0,157629.0
2025-10-21,8,つぶグミＰ濃厚マンゴー,1134.02,1361,198.0,224536.0
2025-10-21,8,ケント・６・１００ＢＯＸ,1134.02,1361,473.0,536391.0
2025-10-21,8,４Ｄグミ旅路のマジックア,1134.02,1361,221.0,250618.0
2025-10-21,8,モチド富良野メロン味,1134.02,1361,171.0,193917.0
2025-10-21,8,三ツ矢　ひんやり和梨,1134.02,1361,160.0,181443.0
2025-10-21,8,備蓄米　２Ｋｇ,1134.02,1361,,
2025-10-21,8,◎生コッペパン（チョコバ,1134.02,1361,135.0,153093.0
2025-10-21,8,ビスコ発酵バター,1134.02,1361,156.0,176907.0
2025-10-21,8,銀座ライオンビヤ３５０,1134.02,1361,216.0,244948.0
2025-10-21,8,◎プリンみたいなパン,1134.02,1361,119.0,134948.0
2025-10-21,8,善逸たまごＢＯＸＤ２,1134.02,1361,425.0,481958.0
2025-10-21,8,炭治郎＆義勇おむ２,1134.02,1361,369.0,418453.0
2025-10-21,8,はみでたチキンカツバーガ,1134.02,1361,369.0,418453.0
2025-10-21,8,国チキンとゴーダとたまご,1134.02,1361,443.0,502371.0
2025-10-21,8,海苔監修　手巻たまごかけ,1134.02,1361,185.0,209794.0
2025-10-21,8,手巻ベーコン＆コーンマヨ,1134.02,1361,184.0,208660.0
2025-10-21,8,◎桃大福,1134.02,1361,147.0,166701.0
2025-10-21,8,まるで鶏皮のようなＰＣ,1134.02,1361,176.0,199588.0
2025-10-21,8,Ｌｉｐｔｏｎチャームグミ,1134.02,1361,350.0,396907.0
2025-10-21,8,◎サーターアンダギー６個,1134.02,1361,165.0,187113.0
2025-10-21,8,週　刊　現　代,1134.02,1361,546.0,619175.0
2025-10-21,8,７０Ｌ半透明ゴミ袋,1134.02,1361,,
2025-10-21,8,スウェディッシュキャンデ,1134.02,1361,498.0,564742.0
2025-10-21,8,一粒梅おむすび,1134.02,1361,241.0,273299.0
2025-10-21,8,大粒ラムネ強炭酸シュワコ,1134.02,1361,133.0,150825.0
2025-10-21,8,きりっと果実　ピンクＧＦ,1134.02,1361,159.0,180309.0
2025-10-21,8,サラダラップチキンサルサ,1134.02,1361,348.0,394639.0
2025-10-21,8,新旧両用）ペーパフィルタ,1134.02,1361,,
2025-10-21,8,くりーむパン　カスタード,1134.02,1361,260.0,294845.0
2025-10-21,8,◎桃パウンドケーキ,1134.02,1361,165.0,187113.0
2025-10-21,8,めっちゃふくらむフーセン,1134.02,1361,158.0,179175.0
2025-10-21,8,しゃりｉｎグミソーダ味,1134.02,1361,168.0,190515.0
2025-10-21,8,すだち明太クリームうどん,1134.02,1361,462.0,523917.0
2025-10-21,8,岩下の新生姜いなり寿司,1134.02,1361,185.0,209794.0
2025-10-21,8,◎のむヨーグルトメロン,1134.02,1361,195.0,221134.0
2025-10-21,8,レモンチーズケーキ,1134.02,1361,156.0,176907.0
2025-10-21,8,バター醤油パスタ,1134.02,1361,426.0,483093.0
2025-10-21,8,りんごの目覚め,1134.02,1361,276.0,312990.0
2025-10-21,8,ミンティア宮崎日向夏,1134.02,1361,105.0,119072.0
2025-10-21,8,生ラムネ玉,1134.02,1361,152.0,172371.0
2025-10-21,8,タリーズ　無糖ラテ,1134.02,1361,170.0,192783.0
2025-10-21,8,名札バッジ　２個入,1134.02,1361,,
2025-10-21,8,フエラムネサイダー第２弾,1134.02,1361,138.0,156495.0
2025-10-21,8,たべっ子水族館ソルティ,1134.02,1361,170.0,192783.0
2025-10-21,8,マーブルパウチ,1134.02,1361,215.0,243814.0
2025-10-21,8,ドリトス激辛ナチョチーズ,1134.02,1361,180.0,204124.0
2025-10-21,8,ピンクグレープフルーツア,1134.02,1361,186.0,210928.0
2025-10-21,8,野菜生活ベリーサラダ,1134.02,1361,113.0,128144.0
2025-10-21,8,フルーツこれ１本ビタミン,1134.02,1361,150.0,170103.0
2025-10-21,8,Ｙｏｕｎｇ　ｃｈａｍｐｉ,1134.02,1361,410.0,464948.0
2025-10-21,8,ゆず塩ラーメンサラダ,1134.02,1361,389.0,441134.0
2025-10-21,8,◎お好み焼＆塩焼そば,1134.02,1361,,
2025-10-21,8,牛スープの旨み盛岡風冷麺,1134.02,1361,536.0,607835.0
2025-10-21,8,冷し鶏天タルタルうどん,1134.02,1361,599.0,679278.0
2025-10-21,8,オレンジ,1134.02,1361,315.0,357216.0
2025-10-21,8,グレープフルーツ,1134.02,1361,276.0,312990.0
2025-10-21,8,ラインＳＣ白１９－２２,1134.02,1361,390.0,442268.0
2025-10-21,8,備蓄米　２ｋｇ,1134.02,1361,700.0,793814.0
2025-10-21,8,◎オクラわかめとろり豆腐,1134.02,1361,258.0,292577.0
2025-10-21,8,コロネクッキー,1134.02,1361,71.0,80515.0
2025-10-21,8,フルーツサラダヨーグルト,1134.02,1361,230.0,260825.0
2025-10-21,8,野菜生活１００オリジナル,1134.02,1361,113.0,128144.0
2025-10-21,8,クラッシュ蒟蒻畑りんご味,1134.02,1361,183.0,207526.0
2025-10-21,8,ビスコ,1134.02,1361,156.0,176907.0
2025-10-21,8,サラダチキンロール,1134.02,1361,399.0,452474.0
2025-10-21,8,グローＨプロサクラＥＤ,1134.02,1361,3619.0,4104018.0
2025-10-21,8,ザ・クレープチョコバナナ,1134.02,1361,249.0,282371.0
2025-10-21,8,こだわりカレー,1134.02,1361,367.0,416185.0
2025-10-21,8,コーヒーゼリーパフェ,1134.02,1361,313.0,354948.0
2025-10-21,8,チョコラＳＰ　グレフル＆,1134.02,1361,149.0,168969.0
2025-10-21,8,キレート　ＭＵＫＵＭＩ,1134.02,1361,158.0,179175.0
2025-10-21,8,ワンピカードＢＥＳＴ２,1134.02,1361,500.0,567010.0
2025-10-21,8,アスティーグ黒　Ｌ,1134.02,1361,600.0,680412.0
2025-10-21,8,慶弔サインペン（筆文字）,1134.02,1361,250.0,283505.0
2025-10-21,8,モンスターエナジー,1134.02,1361,213.0,241546.0
2025-10-21,8,ヒヤロン,1134.02,1361,180.0,204124.0
2025-10-21,8,ラインＳ２５夏の色白小,1134.02,1361,390.0,442268.0
2025-10-21,8,冷し鶏ねぎそば,1134.02,1361,599.0,679278.0
2025-10-21,8,０．０１ゼロワン,1134.02,1361,900.0,1020618.0
2025-10-21,8,イープラス　発券,1134.02,1361,165.0,187113.0
2025-10-21,8,ダブルフロマージュ　２個,1134.02,1361,426.0,483093.0
2025-10-21,8,ＵＳＢ－Ｃ１．２ｍ,1134.02,1361,1255.0,1423195.0
2025-10-21,8,サンドおむすび　豚焼肉,1134.02,1361,323.0,366288.0
2025-10-21,8,ハイチュウＰメロン,1134.02,1361,152.0,172371.0
2025-10-21,8,マッチビタミンみかん,1134.02,1361,150.0,170103.0
2025-10-21,8,◎ハムチーズエッグマフィ,1134.02,1361,156.0,176907.0
2025-10-21,8,直巻　炙り焼　牛タン,1134.02,1361,199.0,225670.0
2025-10-21,8,具だくさん炙り焼鶏つくね,1134.02,1361,213.0,241546.0
2025-10-21,8,コミック乱,1134.02,1361,546.0,619175.0
2025-10-21,8,カニカママカロニサラダ,1134.02,1361,239.0,271031.0
2025-10-21,8,じゅるるマンゴー,1134.02,1361,221.0,250618.0
2025-10-21,8,コク旨たまごサンド,1134.02,1361,276.0,312990.0
2025-10-21,8,むっち実グミオレンジ味,1134.02,1361,198.0,224536.0
2025-10-21,8,たまご海老ブロコリサンド,1134.02,1361,348.0,394639.0
2025-10-21,8,カンデミーナ電撃マスカッ,1134.02,1361,200.0,226804.0
2025-10-21,8,◎ホットサンド（ハム＆チ,1134.02,1361,158.0,179175.0
2025-10-21,8,ウィルキンソンＥＸグレプ,1134.02,1361,117.0,132680.0
2025-10-21,8,生茶ほうじ煎茶,1134.02,1361,158.0,179175.0
2025-10-21,8,サーモン寿司,1134.02,1361,237.0,268763.0
2025-10-21,8,フレンチクルーラーミルク,1134.02,1361,193.0,218866.0
2025-10-21,8,ちいかわステッカーグミ,1134.02,1361,180.0,204124.0
2025-10-21,8,激モロコシフライドアラレ,1134.02,1361,158.0,179175.0
2025-10-21,8,んぽちゃむグミ,1134.02,1361,180.0,204124.0
2025-10-21,8,じゃがりこ肉じゃがｂｉｔ,1134.02,1361,129.0,146289.0
2025-10-21,8,１９６レモン３５０,1134.02,1361,161.0,182577.0
2025-10-21,8,ねるねるねるねドリンク,1134.02,1361,276.0,312990.0
2025-10-21,8,ポケカ拡張ナイトワンダ,1134.02,1361,164.0,185979.0
2025-10-21,8,ホームパイチビムーホ,1134.02,1361,140.0,158763.0
2025-10-21,8,野菜生活Ｓベリー＆ざくろ,1134.02,1361,178.0,201856.0
2025-10-21,8,テリヤキチキンとたまご,1134.02,1361,332.0,376495.0
2025-10-21,8,スーパー大麦安曇野わさび,1134.02,1361,181.0,205258.0
2025-10-21,8,◎つぶつぶいちご蒸しＣ,1134.02,1361,135.0,153093.0
2025-10-21,8,鶏そぼろ野沢菜醤油パスタ,1134.02,1361,369.0,418453.0
2025-10-21,8,ヨーグレットグミブルーベ,1134.02,1361,140.0,158763.0
2025-10-21,8,冷し明太クリームうどん,1134.02,1361,445.0,504639.0
2025-10-21,8,◎ツイストサンド（カスタ,1134.02,1361,128.0,145155.0
2025-10-21,8,野菜食べよう冷しタンメン,1134.02,1361,554.0,628247.0
2025-10-21,8,ポケぷにソーダ,1134.02,1361,218.0,247216.0
2025-10-21,8,チョコチャンクスコーン,1134.02,1361,119.0,134948.0
2025-10-21,8,窯出しとろけるプリン,1134.02,1361,195.0,221134.0
2025-10-21,8,香ばし炒めの玉子炒飯,1134.02,1361,341.0,386701.0
2025-10-21,8,ＢＳおつまみ焼そば味スパ,1134.02,1361,136.0,154227.0
2025-10-21,8,ナイキ　ラバーグローブＬ,1134.02,1361,498.0,564742.0
2025-10-21,8,冷し担担麺,1134.02,1361,462.0,523917.0
2025-10-21,8,はちみつとりんごのケーキ,1134.02,1361,276.0,312990.0
2025-10-21,8,センテＦグリーン１０Ｐ,1134.02,1361,4819.0,5464842.0
2025-10-21,8,３種チーズのミートソース,1134.02,1361,599.0,679278.0
2025-10-21,8,ピュレフルーツりんご,1134.02,1361,268.0,303917.0
2025-10-21,8,巨峰大福（白こしあん）,1134.02,1361,188.0,213196.0
2025-10-21,8,すッパイチュウレモン味,1134.02,1361,127.0,144021.0
2025-10-21,8,てんこ盛弁当,1134.02,1361,598.0,678144.0
2025-10-21,8,ナイキ　ラバーグローブＭ,1134.02,1361,498.0,564742.0
2025-10-21,8,厚切りポテトペッパー,1134.02,1361,142.0,161031.0
2025-10-21,8,ハイチュウ人気ミックス,1134.02,1361,127.0,144021.0
2025-10-21,8,コロコロハイチュウ,1134.02,1361,127.0,144021.0
2025-10-21,8,黒わらび餅,1134.02,1361,178.0,201856.0
2025-10-21,8,メガシャキ,1134.02,1361,239.0,271031.0
2025-10-21,8,ポケカ拡張メガシンフォ,1134.02,1361,164.0,185979.0
2025-10-21,8,ポケカ拡張メガブレイブ,1134.02,1361,164.0,185979.0
2025-10-21,8,イープラス　入金,1134.02,1361,16455.0,18660299.0
2025-10-21,8,夏のミルクシュー,1134.02,1361,138.0,156495.0
2025-10-21,8,ふわしゅわスフレレモン,1134.02,1361,249.0,282371.0
2025-10-21,8,ラッキーＳベリーＳ,1134.02,1361,391.0,443402.0
2025-10-21,8,グローＨプロオニキスＰ,1134.02,1361,3619.0,4104018.0
2025-10-21,8,エボＴバナナＣＰＬＭ,1134.02,1361,500.0,567010.0
2025-10-21,8,エボＴベリーＣＰＬＭ,1134.02,1361,500.0,567010.0
2025-10-21,8,マウススプレークールＭ,1134.02,1361,251.0,284639.0
2025-10-21,8,おーいお茶緑茶　６００,1134.02,1361,158.0,179175.0
2025-10-21,8,◎のむヨーグルトパイン,1134.02,1361,158.0,179175.0
2025-10-21,8,ルーローハン風パスタサラ,1134.02,1361,417.0,472886.0
2025-10-21,8,１９６白桃３５０,1134.02,1361,161.0,182577.0
2025-10-21,8,履歴書用紙,1134.02,1361,309.0,350412.0
2025-10-21,8,メガライフガード　７００,1134.02,1361,150.0,170103.0
2025-10-21,8,１９６マスカット３５０,1134.02,1361,161.0,182577.0
2025-10-21,8,ケントＮＳダークＦ,1134.02,1361,500.0,567010.0
2025-10-21,8,ワンピデッキ　ティーチ,1134.02,1361,500.0,567010.0
2025-10-21,8,ソフト携帯吸殻入れ,1134.02,1361,273.0,309587.0
2025-10-21,8,リチウム５０００ｍＡｈ,1134.02,1361,2982.0,3381648.0
2025-10-21,8,ユニアリ　ワンパンマン,1134.02,1361,350.0,396907.0
2025-10-21,8,多当祝　御祝,1134.02,1361,87.0,98660.0
2025-10-21,8,碧Ａｏ海薫るＨＢ３５０,1134.02,1361,350.0,396907.0
2025-10-21,8,ポケピファンピカチュウ,1134.02,1361,3164.0,3588039.0
2025-10-21,8,タフグミビッグバンピーチ,1134.02,1361,238.0,269897.0
2025-10-21,8,もちっとガブリマスカット,1134.02,1361,143.0,162165.0
2025-10-21,8,ＭＶＰＧレギュウィズ６Ｐ,1134.02,1361,3273.0,3711647.0
2025-10-21,8,テリアＯパール１０Ｐ,1134.02,1361,5273.0,5979687.0
2025-10-21,8,ふんわりたまごのオムライ,1134.02,1361,276.0,312990.0
2025-10-21,8,韓国風海苔佃煮おむすび,1134.02,1361,147.0,166701.0
2025-10-21,8,ラークスーパー５,1134.02,1361,491.0,556804.0
2025-10-21,8,青しそ高菜おむすび,1134.02,1361,139.0,157629.0
2025-10-21,8,ツメキリ　Ｓ,1134.02,1361,480.0,544330.0
2025-10-21,8,ビタミン野菜,1134.02,1361,113.0,128144.0
2025-10-21,8,ポケぷにフルーツ,1134.02,1361,218.0,247216.0
2025-10-21,8,◎ジューシーソーセージパ,1134.02,1361,135.0,153093.0
2025-10-21,8,炙り豚焼肉マヨネーズ,1134.02,1361,276.0,312990.0
2025-10-21,8,おーいお茶濃い茶６００,1134.02,1361,158.0,179175.0
2025-10-21,8,細ーいじゃがビーサワクリ,1134.02,1361,164.0,185979.0
2025-10-21,8,テリアＢルビーＭ１０Ｐ,1134.02,1361,5273.0,5979687.0
2025-10-21,8,Ｃ１０００コラーゲン＆,1134.02,1361,147.0,166701.0
2025-10-21,8,カニカマの寿司,1134.02,1361,174.0,197319.0
2025-10-21,8,いかめしおむすび,1134.02,1361,258.0,292577.0
2025-10-21,8,モッチュ白桃味,1134.02,1361,148.0,167835.0
2025-10-21,8,テリアミント１０Ｐ,1134.02,1361,5273.0,5979687.0
2025-10-21,8,◎増量うす焼せんべい,1134.02,1361,147.0,166701.0
2025-10-21,8,ポテロング,1134.02,1361,162.0,183711.0
2025-10-21,8,カルピス　リンゴ＆洋梨,1134.02,1361,160.0,181443.0
2025-10-21,8,ごろごろゆでたまごサンド,1134.02,1361,369.0,418453.0
2025-10-21,8,◎ふんわりもっちパン（チ,1134.02,1361,128.0,145155.0
2025-10-21,8,ミンティアＢブラック,1134.02,1361,211.0,239278.0
2025-10-21,8,増量チキンパスタサラダ,1134.02,1361,369.0,418453.0
2025-10-21,8,島星シトラスエール３５０,1134.02,1361,306.0,347010.0
2025-10-21,8,アーモンド効果プロテイン,1134.02,1361,198.0,224536.0
2025-10-21,8,小枝チョコクッキーサンド,1134.02,1361,239.0,271031.0
2025-10-21,8,冷たい生パスタツナトマト,1134.02,1361,499.0,565876.0
2025-10-21,8,◎レアチーズデニッシュ,1134.02,1361,147.0,166701.0
2025-10-21,8,にゃんともチーズ塩バニラ,1134.02,1361,230.0,260825.0
2025-10-21,8,ザクザクやみつきクランキ,1134.02,1361,198.0,224536.0
2025-10-21,8,増量ロースかつカレー,1134.02,1361,555.0,629381.0
2025-10-21,8,＊Ｆハイキューまんじゅう,1134.02,1361,172.0,195051.0
2025-10-21,8,ペタグーソーダ,1134.02,1361,150.0,170103.0
2025-10-21,8,超急速２ｉｎ１Ｃ＆Ｌ１ｍ,1134.02,1361,2346.0,2660411.0
2025-10-21,8,トマトジュースプレミアム,1134.02,1361,148.0,167835.0
2025-10-21,8,玉子焼＆ハムサンド,1134.02,1361,323.0,366288.0
2025-10-21,8,２種チーズとハムサンド,1134.02,1361,323.0,366288.0
2025-10-21,8,かぶり寿司　甘辛そぼろマ,1134.02,1361,283.0,320928.0
2025-10-21,8,◎増量チョコビスケット,1134.02,1361,139.0,157629.0
2025-10-21,8,マーブル,1134.02,1361,184.0,208660.0
2025-10-21,8,ラーク・１００・ＢＯＸ,1134.02,1361,491.0,556804.0
2025-10-21,8,１９６無糖冷凍みかん３５,1134.02,1361,161.0,182577.0
2025-10-21,8,メビウスワン１００Ｂ１０,1134.02,1361,5273.0,5979687.0
2025-10-21,8,◎ミニメンチカツバーガ３,1134.02,1361,195.0,221134.0
2025-10-21,8,野菜マシマシ冷し中華,1134.02,1361,647.0,733711.0
2025-10-21,8,ミンティアＢＣマイルド,1134.02,1361,210.0,238144.0
2025-10-21,8,塩おむすび,1134.02,1361,129.0,146289.0
2025-10-21,8,ミンティアＢＦピーチ,1134.02,1361,211.0,239278.0
2025-10-21,8,ミンティアＢＦレモン,1134.02,1361,211.0,239278.0
2025-10-21,8,カロリーメイトチョコ,1134.02,1361,220.0,249484.0
2025-10-21,8,カロリーメイト　バニラ,1134.02,1361,220.0,249484.0
2025-10-21,8,ゼロプロテインチョコ,1134.02,1361,198.0,224536.0
2025-10-21,8,カントリーＭマロンケーキ,1134.02,1361,180.0,204124.0
2025-10-21,8,カンロザストロングソーダ,1134.02,1361,200.0,226804.0
2025-10-21,8,◎増量大盛たこ焼き,1134.02,1361,554.0,628247.0
2025-10-21,8,フリクション３スリムＢＫ,1134.02,1361,541.0,613505.0
2025-10-21,8,パイの実,1134.02,1361,237.0,268763.0
2025-10-21,8,ゼログラノーラチョコ,1134.02,1361,198.0,224536.0
2025-10-21,8,ペタグーグレープ,1134.02,1361,150.0,170103.0
2025-10-21,8,ＩＱＯＳｉＯＤバイオレ,1134.02,1361,3619.0,4104018.0
2025-10-21,8,テリアＢトロピカルＭ,1134.02,1361,528.0,598763.0
2025-10-21,8,カレーせんオリジナルスパ,1134.02,1361,138.0,156495.0
2025-10-21,8,花椒香る　麻婆焼そばＤ２,1134.02,1361,554.0,628247.0
2025-10-21,8,ジャパンタイムズ,1134.02,1361,273.0,309587.0
2025-10-21,8,たまごっち　めじるし２,1134.02,1361,300.0,340206.0
2025-10-21,8,ワンピカード　師弟の絆,1134.02,1361,200.0,226804.0
2025-10-21,8,アポロチョコレート,1134.02,1361,184.0,208660.0
2025-10-21,8,テリアＢフューシャＭ,1134.02,1361,528.0,598763.0
2025-10-21,8,勝馬,1134.02,1361,500.0,567010.0
2025-10-21,8,おむすび２個（鮭・昆布）,1134.02,1361,313.0,354948.0
2025-10-21,8,クッキークリームクレープ,1134.02,1361,332.0,376495.0
2025-10-21,8,きのこの山のジクカール,1134.02,1361,263.0,298247.0
2025-10-21,8,アーモンド・ブリーズ微糖,1134.02,1361,128.0,145155.0
2025-10-21,8,チーズあじカカールアーモ,1134.02,1361,230.0,260825.0
2025-10-21,8,◎増量かーるいチーズスナ,1134.02,1361,128.0,145155.0
2025-10-21,8,三ツ矢サイダー５００,1134.02,1361,160.0,181443.0
2025-10-21,8,栄養強化型　１日分の野菜,1134.02,1361,131.0,148557.0
2025-10-21,8,ぶどうきゃん,1134.02,1361,128.0,145155.0
2025-10-21,8,大きなロール焼そばたまご,1134.02,1361,369.0,418453.0
2025-10-21,8,シーザーパスタサラダ,1134.02,1361,389.0,441134.0
2025-10-21,8,納豆細巻寿司（５巻増量）,1134.02,1361,389.0,441134.0
2025-10-21,8,わさび海苔　野沢菜わさび,1134.02,1361,175.0,198454.0
2025-10-21,8,さばほぐしごはん,1134.02,1361,332.0,376495.0
2025-10-21,8,ねるねるねるねゼリー,1134.02,1361,276.0,312990.0
2025-10-21,8,たまごボーロっち２,1134.02,1361,350.0,396907.0
2025-10-21,8,グミだよ。ピーチフラッペ,1134.02,1361,166.0,188247.0
2025-10-21,8,◎３種フルーツとナッツ,1134.02,1361,165.0,187113.0
2025-10-21,8,◎でっかいカレーたまごパ,1134.02,1361,139.0,157629.0
2025-10-21,8,◎チョコバナナロール,1134.02,1361,156.0,176907.0
2025-10-21,8,シゲキックスグレープ,1134.02,1361,120.0,136082.0
2025-10-21,8,天使のグミ甘熟マンゴー味,1134.02,1361,170.0,192783.0
2025-10-21,8,かむかむレモン,1134.02,1361,150.0,170103.0
2025-10-21,8,梨スムージー,1134.02,1361,193.0,218866.0
2025-10-21,8,のむアサイーボウル,1134.02,1361,188.0,213196.0
2025-10-21,8,ミルキーバニラアイス味,1134.02,1361,170.0,192783.0
2025-10-21,8,ウェルチ　マスカットＳＰ,1134.02,1361,160.0,181443.0
2025-10-21,8,ゆず鶏だしミニ塩ラーメン,1134.02,1361,399.0,452474.0
2025-10-21,8,コク旨醤油だれの油そば,1134.02,1361,499.0,565876.0
2025-10-21,8,くりーむメロンパン,1134.02,1361,276.0,312990.0
2025-10-21,8,ネバネバと大根のサラダ,1134.02,1361,297.0,336804.0
2025-10-21,8,麻辣湯,1134.02,1361,248.0,281237.0
2025-10-21,8,ポケピファンワッカネズミ,1134.02,1361,3164.0,3588039.0
2025-10-21,8,シフォンマンゴー＆ピーチ,1134.02,1361,250.0,283505.0
2025-10-21,8,ふわもち生大福　きなこ,1134.02,1361,138.0,156495.0
2025-10-21,8,生クリームパイコロネ,1134.02,1361,204.0,231340.0
2025-10-21,8,コカ・コーラゼロ５００,1134.02,1361,170.0,192783.0
2025-10-21,8,ケント１・１００Ｂ１０Ｐ,1134.02,1361,4728.0,5361647.0
2025-10-21,8,生茶６００,1134.02,1361,158.0,179175.0
2025-10-21,8,アリィージェルＵＶミニ,1134.02,1361,1346.0,1526391.0
2025-10-21,8,ｉｎゼリーＥＮ　ブドウ糖,1134.02,1361,210.0,238144.0
2025-10-21,8,その他１０口座売上,1134.02,1361,228.0,258557.0
2025-10-21,8,優馬,1134.02,1361,591.0,670206.0
2025-10-21,8,◎増量しみチョココーン,1134.02,1361,147.0,166701.0
2025-10-21,8,◎クルーラーリングドー８,1134.02,1361,184.0,208660.0
2025-10-21,8,◎クラウンメロンパン,1134.02,1361,139.0,157629.0
2025-10-21,8,◎つぶあんぱん北海道小豆,1134.02,1361,121.0,137216.0
2025-10-21,8,大きなチーズカレーパン（,1134.02,1361,184.0,208660.0
2025-10-21,8,梅づくしおむすび,1134.02,1361,172.0,195051.0
2025-10-21,8,もち麦　枝豆ゆかり,1134.02,1361,163.0,184845.0
2025-10-21,8,青磯海苔　漬けサーモン,1134.02,1361,199.0,225670.0
2025-10-21,8,三ツ矢　特濃アップル,1134.02,1361,160.0,181443.0
2025-10-21,8,ＧＰｌａｙ１０００,1134.02,1361,1000.0,1134020.0
2025-10-21,8,堅あげ極味玉ねぎ黒胡椒,1134.02,1361,196.0,222268.0
2025-10-21,8,秋味３５０,1134.02,1361,216.0,244948.0
2025-10-21,8,黒チャーハンおむすび,1134.02,1361,175.0,198454.0
2025-10-21,8,トルティーヤケバブチキン,1134.02,1361,369.0,418453.0
2025-10-21,8,ピュアポテト濃いのり塩,1134.02,1361,155.0,175773.0
2025-10-21,8,マシマシ焼もろこしせん,1134.02,1361,148.0,167835.0
2025-10-21,8,増量　天使のチーズケーキ,1134.02,1361,230.0,260825.0
2025-10-21,8,ＩＱＯＳｉＯＳモデル,1134.02,1361,3619.0,4104018.0
2025-10-21,8,ｉｎゼリートリプルＥ,1134.02,1361,210.0,238144.0
2025-10-21,8,ＳＰＡＭむすび　玉子焼き,1134.02,1361,320.0,362886.0
2025-10-21,8,蒸し鶏ラー油ネギ冷うどん,1134.02,1361,499.0,565876.0
2025-10-21,8,大きな具材ミックスサント,1134.02,1361,399.0,452474.0
2025-10-21,8,手巻寿司　梅ゆかり納豆,1134.02,1361,189.0,214330.0
2025-10-21,8,大きいバウムクーヘン,1134.02,1361,221.0,250618.0
2025-10-21,8,パリジャン　ハム＆チーズ,1134.02,1361,350.0,396907.0
2025-10-21,8,大きいフィナンシェ,1134.02,1361,221.0,250618.0
2025-10-21,8,◎メロンクリームパン４,1134.02,1361,156.0,176907.0
2025-10-21,8,サンド寿司　まぐろたたき,1134.02,1361,332.0,376495.0
2025-10-21,8,白いたべっ子おさつバター,1134.02,1361,180.0,204124.0
2025-10-21,8,大きなたまごづくしサンド,1134.02,1361,369.0,418453.0
2025-10-21,8,ウィルキンソンマスカット,1134.02,1361,138.0,156495.0
2025-10-21,8,◎北海道メロンのコロネ,1134.02,1361,135.0,153093.0
2025-10-21,8,ミニプラグ用イヤホン,1134.02,1361,1528.0,1732783.0
2025-10-21,8,マスカットのど飴小袋,1134.02,1361,138.0,156495.0
2025-10-21,8,じゃがりこＬヤンニョム,1134.02,1361,218.0,247216.0
2025-10-21,8,カレーコロッケバ－ガ－（,1134.02,1361,167.0,189381.0
2025-10-21,8,檸檬堂白ぶどうレモン３５,1134.02,1361,160.0,181443.0
2025-10-21,8,増量麻婆豆腐ごはん,1134.02,1361,462.0,523917.0
2025-10-21,8,ファミマ・ザ・ナポリタン,1134.02,1361,406.0,460412.0
2025-10-21,8,フルーチェグミイチゴ,1134.02,1361,184.0,208660.0
2025-10-21,8,ガルボチョコパウチ,1134.02,1361,270.0,306185.0
2025-10-21,8,冷たいパスタチキンバジル,1134.02,1361,499.0,565876.0
2025-10-21,8,ポケピファンポッチャマ,1134.02,1361,3164.0,3588039.0
2025-10-21,8,チキングリル弁当,1134.02,1361,555.0,629381.0
2025-10-21,8,辛口回鍋肉焼そば,1134.02,1361,536.0,607835.0
2025-10-21,8,パステルのプリンマドレー,1134.02,1361,220.0,249484.0
2025-10-21,8,ピュアポテト塩と岩塩,1134.02,1361,155.0,175773.0
2025-10-21,8,いちごミルク,1134.02,1361,269.0,305051.0
2025-10-21,8,甘辛醤油たれ唐揚弁当,1134.02,1361,555.0,629381.0
2025-10-21,8,ワンピカード意志,1134.02,1361,200.0,226804.0
2025-10-21,8,ビオレトラベルセット,1134.02,1361,620.0,703092.0
2025-10-21,8,ノンオイル青じそドレッシ,1134.02,1361,28.0,31753.0
2025-10-21,8,◎プリンみたいなパンケー,1134.02,1361,138.0,156495.0
2025-10-21,8,１９６王林３５０,1134.02,1361,161.0,182577.0
2025-10-21,8,オイコス　プレーン加糖,1134.02,1361,179.0,202990.0
2025-10-21,8,ＩＱＯＳｉＤバイオレット,1134.02,1361,6346.0,7196491.0
2025-10-21,8,柿安監修　牛すきおむすび,1134.02,1361,258.0,292577.0
2025-10-21,8,ＧＩＮＯＮレモン３５０,1134.02,1361,167.0,189381.0
2025-10-21,8,◎ラベルレス天然水安曇箱,1134.02,1361,489.0,554536.0
2025-10-21,8,一番搾り糖質ゼロ３５０,1134.02,1361,216.0,244948.0
2025-10-21,8,オニポテスナック,1134.02,1361,248.0,281237.0
2025-10-21,8,しゃりｉｎグミみかん,1134.02,1361,168.0,190515.0
2025-10-21,8,ググッタＳマスカット味,1134.02,1361,199.0,225670.0
2025-10-21,8,とろみーグミぶどう味,1134.02,1361,184.0,208660.0
2025-10-21,8,果汁グミシチリアレモン,1134.02,1361,152.0,172371.0
2025-10-21,8,◎ベーコン＆チーズデニッ,1134.02,1361,158.0,179175.0
2025-10-21,8,桃マカロン,1134.02,1361,249.0,282371.0
2025-10-21,8,梅蒸し鶏あったかそうめん,1134.02,1361,399.0,452474.0
2025-10-21,8,千里眼　ニンニクまぜそば,1134.02,1361,647.0,733711.0
2025-10-21,8,ナッツフルーツカッサータ,1134.02,1361,258.0,292577.0
2025-10-21,8,ＳＤブラックピンク３５０,1134.02,1361,216.0,244948.0
2025-10-21,8,大きな　鮭マヨと生たらこ,1134.02,1361,276.0,312990.0
2025-10-21,8,クリーミーほうじ茶ラテ,1134.02,1361,181.0,205258.0
2025-10-21,8,ハムカツサンド,1134.02,1361,297.0,336804.0
2025-10-21,8,◎たまご蒸しパン４個入,1134.02,1361,172.0,195051.0
2025-10-21,8,しゃりぷにょ梅グミ,1134.02,1361,170.0,192783.0
2025-10-21,8,もちゅグミ温州みかん味,1134.02,1361,184.0,208660.0
2025-10-21,8,むちもっちバナナグミ,1134.02,1361,180.0,204124.0
2025-10-21,8,プリン！？シュー,1134.02,1361,138.0,156495.0
2025-10-21,8,◎ジュワっとしたチーズ塩,1134.02,1361,139.0,157629.0
2025-10-21,8,たっぷりハムサンド,1134.02,1361,323.0,366288.0
2025-10-21,8,野菜生活マスカット,1134.02,1361,118.0,133814.0
2025-10-21,8,◎たっぷりマロンクリーム,1134.02,1361,147.0,166701.0
2025-10-21,8,◎生スコーン６個入（スイ,1134.02,1361,172.0,195051.0
2025-10-21,8,モンブランのサンダー,1134.02,1361,50.0,56701.0
2025-10-21,8,にじピグチップスうすしお,1134.02,1361,230.0,260825.0
2025-10-21,8,◎バウムクーヘン（４）,1134.02,1361,239.0,271031.0
2025-10-21,8,ブルーベリーサンド,1134.02,1361,195.0,221134.0
2025-10-21,8,ハガキフリー,1134.02,1361,200.0,226804.0
2025-10-21,8,ＢＩＯ　ブルーベリーミッ,1134.02,1361,168.0,190515.0
2025-10-21,8,半熟玉子冷ぶっかけうどん,1134.02,1361,399.0,452474.0
2025-10-21,8,ヴイックスのど飴シトラス,1134.02,1361,238.0,269897.0
2025-10-21,8,多当　　御見舞,1134.02,1361,87.0,98660.0
2025-10-21,8,しゃり蔵ザクザクッラー油,1134.02,1361,120.0,136082.0
2025-10-21,8,赤肉メロンミルク,1134.02,1361,267.0,302783.0
2025-10-21,8,完熟トマトベーコンパスタ,1134.02,1361,536.0,607835.0
2025-10-21,8,ＰＧスイートチリＳ缶,1134.02,1361,168.0,190515.0
2025-10-21,8,唐揚巻（マヨネーズ付）,1134.02,1361,462.0,523917.0
2025-10-21,8,クリーム＆コーヒーゼリー,1134.02,1361,135.0,153093.0
2025-10-21,8,ＵＳＢ－Ｃ電池式６本,1134.02,1361,1800.0,2041236.0
2025-10-21,8,甜面醤の旨ジャージャー麺,1134.02,1361,499.0,565876.0
2025-10-21,8,パリジャンサンドチキンべ,1134.02,1361,350.0,396907.0
2025-10-21,8,ケントＮＳスムースＦ,1134.02,1361,500.0,567010.0
2025-10-21,8,スパイシーチキン野菜サラ,1134.02,1361,554.0,628247.0
2025-10-21,8,充電器５０００ｍＡｈ,1134.02,1361,2982.0,3381648.0
2025-10-21,8,キャラパキ発掘恐竜,1134.02,1361,110.0,124742.0
2025-10-21,8,食べマスおぱんちゅうさぎ,1134.02,1361,350.0,396907.0
2025-10-21,8,海老マヨネーズおむすび,1134.02,1361,239.0,271031.0
2025-10-21,8,さけるグミハロウィン,1134.02,1361,120.0,136082.0
2025-10-21,8,◎シャルドネ香るティー,1134.02,1361,110.0,124742.0
2025-10-21,8,スニッカーズハーフＳアー,1134.02,1361,158.0,179175.0
2025-10-21,8,大きな　肉そぼろ卵黄ソー,1134.02,1361,297.0,336804.0
2025-10-21,8,ヱビス和奏３５０,1134.02,1361,272.0,308453.0
2025-10-21,8,タフグミＰＲＯローヤル,1134.02,1361,359.0,407113.0
2025-10-21,8,ヴァルトメンソールＣＬ,1134.02,1361,528.0,598763.0
2025-10-21,8,グロー・ヒーロ・ルビー,1134.02,1361,3619.0,4104018.0
2025-10-21,8,◎サクサク食感のミニチ５,1134.02,1361,184.0,208660.0
2025-10-21,8,ＧＯＤＩＶＡドリンク,1134.02,1361,397.0,450206.0
2025-10-21,8,伝説のケバブ風味ポテトＣ,1134.02,1361,193.0,218866.0
2025-10-21,8,北海道なまらでっかいシュ,1134.02,1361,315.0,357216.0
2025-10-21,8,クラッシュ蒟蒻畑みかん味,1134.02,1361,183.0,207526.0
2025-10-21,8,ＦＭオリジナル安食ロール,1134.02,1361,369.0,418453.0
2025-10-21,8,レッツハロウィンつぶグミ,1134.02,1361,158.0,179175.0
2025-10-21,8,◎ピリ辛明太フランス（か,1134.02,1361,135.0,153093.0
2025-10-21,8,◎和風ツナパン,1134.02,1361,135.0,153093.0
2025-10-21,8,ハラペーニョチキンチェダ,1134.02,1361,443.0,502371.0
2025-10-21,8,全粒粉サラダチキンとハム,1134.02,1361,369.0,418453.0
2025-10-21,8,◎ピスタチオいちごケーキ,1134.02,1361,230.0,260825.0
2025-10-21,8,焼ベーコン寿司,1134.02,1361,230.0,260825.0
2025-10-21,8,ちいかわ黒猫ミニバッグ,1134.02,1361,1000.0,1134020.0
2025-10-21,8,ごろっと白桃ケーキ,1134.02,1361,297.0,336804.0
2025-10-21,8,さくふわきなこもちぼーる,1134.02,1361,150.0,170103.0
2025-10-21,8,◎白生コッペパン（レアチ,1134.02,1361,153.0,173505.0
2025-10-21,8,秋のフルーツこれ一本,1134.02,1361,118.0,133814.0
2025-10-21,8,◎キャラメルバニラメロン,1134.02,1361,172.0,195051.0
2025-10-21,8,３１マスコットつきグミ２,1134.02,1361,350.0,396907.0
2025-10-21,8,◎ショコラクッキー,1134.02,1361,212.0,240412.0
2025-10-21,8,ピュレグミＰふじりんご,1134.02,1361,180.0,204124.0
2025-10-21,8,たぬきおむすび,1134.02,1361,138.0,156495.0
2025-10-21,8,わた雪みたいなレアチーズ,1134.02,1361,315.0,357216.0
2025-10-21,8,スイートポテトスティック,1134.02,1361,212.0,240412.0
2025-10-21,8,ハリボープリマヴェーラ,1134.02,1361,198.0,224536.0
2025-10-21,8,ザバスミルクキャラメル,1134.02,1361,222.0,251752.0
2025-10-21,8,パーラメントＥＸＬ１００,1134.02,1361,564.0,639587.0
2025-10-21,8,チャーシュー冷しまぜそば,1134.02,1361,599.0,679278.0
2025-10-21,8,氷結無糖ゆずＳＰ３５０,1134.02,1361,168.0,190515.0
2025-10-21,8,スティックモンブラン,1134.02,1361,249.0,282371.0
2025-10-21,8,１９６無糖ピンクＧＦ３５,1134.02,1361,161.0,182577.0
2025-10-21,8,◎アールグレイクロワッサ,1134.02,1361,172.0,195051.0
2025-10-21,8,ラーメン荘　豚ラーメン,1134.02,1361,647.0,733711.0
2025-10-21,8,◎ハムチーズデニッシュ４,1134.02,1361,184.0,208660.0
2025-10-21,8,ヴァルトダークタバコ,1134.02,1361,528.0,598763.0
2025-10-21,8,ヴァルトメロンクリック,1134.02,1361,528.0,598763.0
2025-10-21,8,ドラキュラへんしんグミ,1134.02,1361,350.0,396907.0
2025-10-21,8,わさびいなり寿司,1134.02,1361,178.0,201856.0
2025-10-21,8,ちいかわ花占いグミ,1134.02,1361,230.0,260825.0
2025-10-21,8,ねぎ塩チキン醤油まぶし飯,1134.02,1361,555.0,629381.0
2025-10-21,8,紫いもミルクティー,1134.02,1361,190.0,215464.0
2025-10-21,8,ＢＳラーメン柿の種ミック,1134.02,1361,110.0,124742.0
2025-10-21,8,焼まろん,1134.02,1361,215.0,243814.0
2025-10-21,8,ウィルキンソンＥＸ　ＧＦ,1134.02,1361,117.0,132680.0
2025-10-21,8,ミンティア瀬戸田レモン,1134.02,1361,105.0,119072.0
2025-10-21,8,北海道リッチミルクプリン,1134.02,1361,399.0,452474.0
2025-10-21,8,焼ほし芋,1134.02,1361,195.0,221134.0
2025-10-21,8,冷しすだちおろしうどん,1134.02,1361,510.0,578350.0
2025-10-21,8,テリヤキチキンのサラダ,1134.02,1361,397.0,450206.0
2025-10-21,8,和牛カラムーチョわさび,1134.02,1361,155.0,175773.0
2025-10-21,8,きのことベーコンのドリア,1134.02,1361,526.0,596495.0
2025-10-21,8,ｂｉｔｌｏｔガンダム,1134.02,1361,680.0,771134.0
2025-10-21,8,ポケカメガゲンガーｅｘ,1134.02,1361,1637.0,1856391.0
2025-10-21,8,ポケカメガディアンシー,1134.02,1361,1637.0,1856391.0
2025-10-21,8,◎トマトコンソメスープ,1134.02,1361,350.0,396907.0
2025-10-21,8,◎４種きのこクリームスー,1134.02,1361,426.0,483093.0
2025-10-21,8,Ａｐｐｌｅチャージ,1134.02,1361,10500.0,11907210.0
2025-10-21,8,ＨＷ変顔キャンディ,1134.02,1361,400.0,453608.0
2025-10-21,8,週末版ジャパンタイムズ,1134.02,1361,364.0,412783.0
2025-10-21,8,魚ギョッと釣りグミ,1134.02,1361,70.0,79381.0
2025-10-21,8,じゃりむちグミピーチＳ,1134.02,1361,175.0,198454.0
2025-10-21,8,スターバックス　ブラック,1134.02,1361,168.0,190515.0
2025-10-21,8,フリスクＦＦみかん,1134.02,1361,278.0,315258.0
2025-10-21,8,アップルパンチ３５０,1134.02,1361,161.0,182577.0
2025-10-21,8,山ちゃん監修　海老天むす,1134.02,1361,276.0,312990.0
2025-10-21,8,スヌーピークッキーサンド,1134.02,1361,369.0,418453.0
2025-10-21,8,◎塩バターケーキタルト,1134.02,1361,147.0,166701.0
2025-10-21,8,ＳＰＡＭ　玉子焼き明太子,1134.02,1361,369.0,418453.0
2025-10-21,8,ヴァルトＩメンソールＣＬ,1134.02,1361,528.0,598763.0
2025-10-21,8,スターバックスカフェラテ,1134.02,1361,178.0,201856.0
2025-10-21,8,グローＨＧブラック,1134.02,1361,1346.0,1526391.0
2025-10-21,8,ガイコツグミグレープ味,1134.02,1361,230.0,260825.0
2025-10-21,8,モンストロマーブルガム,1134.02,1361,100.0,113402.0
2025-10-21,8,ぷっちょ袋ＨＷアソート,1134.02,1361,210.0,238144.0
2025-10-21,8,宇都宮線・高崎線チップス,1134.02,1361,156.0,176907.0
2025-10-21,8,つくねおむすび,1134.02,1361,276.0,312990.0
2025-10-21,8,ヴァルトＩベリークリック,1134.02,1361,528.0,598763.0
2025-10-21,8,おーいお茶濃茶ストロング,1134.02,1361,158.0,179175.0
2025-10-21,8,ちぎれるブリオッシュパン,1134.02,1361,147.0,166701.0
2025-10-21,8,鮭金ごまおむすび,1134.02,1361,139.0,157629.0
2025-10-21,8,ピュレグミラ・フランス,1134.02,1361,150.0,170103.0
2025-10-21,8,チュッパサワーバイトグミ,1134.02,1361,158.0,179175.0
2025-10-21,8,味付海苔　ベーコンマヨ,1134.02,1361,184.0,208660.0
2025-10-21,8,バナナカスタードブリュレ,1134.02,1361,350.0,396907.0
2025-10-21,8,◎生コッペパン（オムナポ,1134.02,1361,184.0,208660.0
2025-10-21,8,◎伊右衛門　濃い緑茶,1134.02,1361,121.0,137216.0
2025-10-21,8,チョコクリームたい焼き,1134.02,1361,176.0,199588.0
2025-10-21,8,専スヌーピーチョコドーナ,1134.02,1361,156.0,176907.0
2025-10-21,8,ヴァルトベリークリック,1134.02,1361,528.0,598763.0
2025-10-21,8,鶏天うどん,1134.02,1361,599.0,679278.0
2025-10-21,8,チキンカツサンド,1134.02,1361,399.0,452474.0
2025-10-21,8,ルーシーのレモネード,1134.02,1361,184.0,208660.0
2025-10-21,8,ブルガリアＹＯさくらんぼ,1134.02,1361,195.0,221134.0
2025-10-21,8,たべっ子ラムネみかん,1134.02,1361,150.0,170103.0
2025-10-21,8,さつまりこ焼きいも,1134.02,1361,185.0,209794.0
2025-10-21,8,◎焦がしバターのクロワッ,1134.02,1361,121.0,137216.0
2025-10-21,8,モッチ生ドーナツ生チョコ,1134.02,1361,184.0,208660.0
2025-10-21,8,カンデミーナＳＰベスト,1134.02,1361,200.0,226804.0
2025-10-21,8,ＦチャーリーＢロール,1134.02,1361,165.0,187113.0
2025-10-21,8,ルックア・ラ・モード,1134.02,1361,200.0,226804.0
2025-10-21,8,ルックホワイトラバーズ,1134.02,1361,200.0,226804.0
2025-10-21,8,くりーむパン　和栗,1134.02,1361,269.0,305051.0
2025-10-21,8,Ｐルックシャインマスカッ,1134.02,1361,270.0,306185.0
2025-10-21,8,海老とブロッコリーロール,1134.02,1361,369.0,418453.0
2025-10-21,8,かぶり寿司　旨辛唐揚げ巻,1134.02,1361,283.0,320928.0
2025-10-21,8,Ｐルック生キャラメル,1134.02,1361,270.0,306185.0
2025-10-21,8,来来亭監修　冷し中華,1134.02,1361,554.0,628247.0
2025-10-21,8,野菜生活Ｓアサイーバナナ,1134.02,1361,178.0,201856.0
2025-10-21,8,ポテトＣ感謝のほたてしお,1134.02,1361,157.0,178041.0
2025-10-21,8,ぷっちょＳＴ有田みかん,1134.02,1361,118.0,133814.0
2025-10-21,8,ａｍｉ活ゼリーピングレ味,1134.02,1361,210.0,238144.0
2025-10-21,8,ベーコンとレタスのサラダ,1134.02,1361,332.0,376495.0
2025-10-21,8,カカオ味わうショコララテ,1134.02,1361,230.0,260825.0
2025-10-21,8,スッパイマンちいかわ一番,1134.02,1361,200.0,226804.0
2025-10-21,8,天津あんかけ焼そば,1134.02,1361,554.0,628247.0
2025-10-21,8,ヴァルトミントクリック,1134.02,1361,528.0,598763.0
2025-10-21,8,生パスタ　カルボナーラ,1134.02,1361,499.0,565876.0
2025-10-21,8,プルームオーラＪブラック,1134.02,1361,2710.0,3073194.0
2025-10-21,8,帆立と鰹の昆布水つけ麺,1134.02,1361,600.0,680412.0
2025-10-21,8,秋のフルーツスムージー,1134.02,1361,193.0,218866.0
2025-10-21,8,Ｗ・Ｃホワイト５・１０Ｐ,1134.02,1361,4910.0,5568038.0
2025-10-21,8,ＧＰｌａｙ１００００,1134.02,1361,10000.0,11340200.0
2025-10-21,8,白身フライごはん,1134.02,1361,276.0,312990.0
2025-10-21,8,カルピス　Ｐグレープ,1134.02,1361,170.0,192783.0
2025-10-21,8,◎なすトマトソースグラタ,1134.02,1361,508.0,576082.0
2025-10-21,8,０１：ＢＥ：ＦＩＲＳＴ,1134.02,1361,0.0,0.0
2025-10-21,8,コミック乱ツインズ,1134.02,1361,528.0,598763.0
2025-10-21,8,いなり寿司５ヶ入,1134.02,1361,443.0,502371.0
2025-10-21,8,◎根菜入つくね和風スープ,1134.02,1361,406.0,460412.0
2025-10-21,8,もち明太チーズドリア,1134.02,1361,491.0,556804.0
2025-10-21,8,シングルモルト山崎１８０,1134.02,1361,1950.0,2211339.0
2025-10-21,8,グミチョコボールぶどう味,1134.02,1361,199.0,225670.0
2025-10-21,8,Ｈ綾鷹,1134.02,1361,128.0,145155.0
2025-10-21,8,Ｈ伊右衛門５００,1134.02,1361,138.0,156495.0
2025-10-21,8,堅あげポテト鬼旨ブラック,1134.02,1361,190.0,215464.0
2025-10-21,8,三陸産わかめおむすび,1134.02,1361,139.0,157629.0
2025-10-21,8,大きな　チキンとタルタル,1134.02,1361,304.0,344742.0
2025-10-21,8,サンドおむすび炙り焼チキ,1134.02,1361,352.0,399175.0
2025-10-21,8,ベースブレッドさつまいも,1134.02,1361,260.0,294845.0
2025-10-21,8,伊右衛門　京都サイダー,1134.02,1361,158.0,179175.0
2025-10-21,8,紅はるかのスイートポテト,1134.02,1361,264.0,299381.0
2025-10-21,8,スイートポテトロール,1134.02,1361,276.0,312990.0
2025-10-21,8,◎どかっと満足パン（ベー,1134.02,1361,230.0,260825.0
2025-10-21,8,掘って発見スイートポテト,1134.02,1361,341.0,386701.0
2025-10-21,8,メントスＤＵＯブラッドオ,1134.02,1361,163.0,184845.0
2025-10-21,8,カジッテミカン＆レモン,1134.02,1361,228.0,258557.0
2025-10-21,8,大盛！野菜スティック,1134.02,1361,369.0,418453.0
2025-10-21,8,スーパー大麦　梅ひじき,1134.02,1361,175.0,198454.0
2025-10-21,8,野菜生活北海道メロン,1134.02,1361,138.0,156495.0
2025-10-21,8,おーいお茶濃い茶１Ｌ,1134.02,1361,176.0,199588.0
2025-10-21,8,カジッテグレープ＆マスカ,1134.02,1361,228.0,258557.0
2025-10-21,8,生パスタ海老トマトクリム,1134.02,1361,508.0,576082.0
2025-10-21,8,◎スイートポテトタルトデ,1134.02,1361,158.0,179175.0
2025-10-21,8,青磯海苔　まぐろたたき,1134.02,1361,199.0,225670.0
2025-10-21,8,◎スイートポテト蒸しケ４,1134.02,1361,176.0,199588.0
2025-10-21,8,まいたけおこわ,1134.02,1361,185.0,209794.0
2025-10-21,8,◎どかっとパン（テリマヨ,1134.02,1361,135.0,153093.0
2025-10-21,8,鎌倉コロッケサンド,1134.02,1361,297.0,336804.0
2025-10-21,8,◎生フランスパン（おいも,1134.02,1361,156.0,176907.0
2025-10-21,8,◎おいものパウンドケーキ,1134.02,1361,167.0,189381.0
2025-10-21,8,ワイルドターキーＨＢ３５,1134.02,1361,238.0,269897.0
2025-10-21,8,サラダチキンのサラダ,1134.02,1361,239.0,271031.0
2025-10-21,8,ハムチーズとツナサンド,1134.02,1361,323.0,366288.0
2025-10-21,8,◎はちみつすいーとぽてと,1134.02,1361,176.0,199588.0
2025-10-21,8,ロリポップＣちいかわ黒猫,1134.02,1361,300.0,340206.0
2025-10-21,8,◎おいものマドレーヌ,1134.02,1361,167.0,189381.0
2025-10-21,8,シャンゴ監修　ベスビオ,1134.02,1361,582.0,660000.0
2025-10-21,8,ポケカ拡張　ロケット団,1134.02,1361,164.0,185979.0
2025-10-21,8,手巻寿司　３種のねばねば,1134.02,1361,190.0,215464.0
2025-10-21,8,グミチョコボール苺,1134.02,1361,199.0,225670.0
2025-10-21,8,増量３色そぼろ＆チキン南,1134.02,1361,580.0,657732.0
2025-10-21,8,◎紅はるかのおいもチップ,1134.02,1361,198.0,224536.0
2025-10-21,8,お手軽！冷しぶっかけそば,1134.02,1361,276.0,312990.0
2025-10-21,8,極上はちみつ紅茶Ｃ小袋,1134.02,1361,125.0,141752.0
2025-10-21,8,福かまど　べこ餅,1134.02,1361,165.0,187113.0
2025-10-21,8,ねぎたっぷり！豚肉そば,1134.02,1361,554.0,628247.0
2025-10-21,8,ヱビスビール３５０,1134.02,1361,254.0,288041.0
2025-10-21,8,Ｃ玄米プラス　アーモンド,1134.02,1361,180.0,204124.0
2025-10-21,8,お月見タルト　カスタード,1134.02,1361,276.0,312990.0
2025-10-21,8,爽健美茶　６００,1134.02,1361,158.0,179175.0
2025-10-21,8,鳴門金時ラテ,1134.02,1361,267.0,302783.0
2025-10-21,8,ｉｎゼリーＶカロリーゼロ,1134.02,1361,210.0,238144.0
2025-10-21,8,ヘパリーゼＷハイパー,1134.02,1361,380.0,430928.0
2025-10-21,8,増量特製ダレの炙り焼牛カ,1134.02,1361,625.0,708762.0
2025-10-21,8,増量明太海苔弁当,1134.02,1361,555.0,629381.0
2025-10-21,8,ヤクルトＹ１０００,1134.02,1361,150.0,170103.0
2025-10-21,8,クラッシュ蒟蒻畑ぶどう味,1134.02,1361,183.0,207526.0
2025-10-21,8,ブルガリアＹＯブルーベ,1134.02,1361,168.0,190515.0
2025-10-21,8,ビューティチャージハニー,1134.02,1361,548.0,621443.0
2025-10-21,8,ミックスアイスプラス,1134.02,1361,464.0,526185.0
2025-10-21,8,ＡｐｐｌｅＧＣ＿１万,1134.02,1361,10000.0,11340200.0
2025-10-21,8,馬サブロー,1134.02,1361,500.0,567010.0
2025-10-21,8,コロロ二十世紀梨,1134.02,1361,148.0,167835.0
2025-10-21,8,海老とあさりのスパゲティ,1134.02,1361,499.0,565876.0
2025-10-21,8,ライフガード５００,1134.02,1361,150.0,170103.0
2025-10-21,8,ブロックロス　ユニコーン,1134.02,1361,1700.0,1927834.0
2025-10-21,8,Ｈジョージア　カフェラテ,1134.02,1361,148.0,167835.0
2025-10-21,8,サッポロラガービール３５,1134.02,1361,216.0,244948.0
2025-10-21,8,手巻　チャーシューマヨ,1134.02,1361,185.0,209794.0
2025-10-21,8,大きなおむすび　鮭昆布,1134.02,1361,239.0,271031.0
2025-10-21,8,だし醤油まぶし飯海苔佃煮,1134.02,1361,156.0,176907.0
2025-10-21,8,忍者めし鉄の鎧グレープ味,1134.02,1361,160.0,181443.0
2025-10-21,8,ＢＳラーメン丸銀だこ,1134.02,1361,160.0,181443.0
2025-10-21,8,フェットチーネマスカット,1134.02,1361,112.0,127010.0
2025-10-21,8,ラインＳ２５秋の色黒小,1134.02,1361,390.0,442268.0
2025-10-21,8,ミルクブッセ,1134.02,1361,93.0,105464.0
2025-10-21,8,コーヒーブッセ,1134.02,1361,93.0,105464.0
2025-10-21,8,Ｈ伊右衛門焙じ茶,1134.02,1361,138.0,156495.0
2025-10-21,8,Ｈジョージア　ブラック,1134.02,1361,138.0,156495.0
2025-10-21,8,カフェオレクリームサンド,1134.02,1361,121.0,137216.0
2025-10-21,8,キレートレモンクエン酸,1134.02,1361,175.0,198454.0
2025-10-21,8,チョコパイとろ甘キャラメ,1134.02,1361,138.0,156495.0
2025-10-21,8,午後フルーツティ白ぶどう,1134.02,1361,158.0,179175.0
2025-10-21,8,午後フルーツティオレンジ,1134.02,1361,158.0,179175.0
2025-10-21,8,チョコパイほろ苦ダークカ,1134.02,1361,138.0,156495.0
2025-10-21,8,ガルボほろにがブラックＰ,1134.02,1361,175.0,198454.0
2025-10-21,8,スイートポテト＆ホイップ,1134.02,1361,348.0,394639.0
2025-10-21,8,白玉入りお芋のどら焼き,1134.02,1361,195.0,221134.0
2025-10-21,8,ピザサンド　さつまいも,1134.02,1361,306.0,347010.0
2025-10-21,8,カフェラッテクリーミーラ,1134.02,1361,181.0,205258.0
2025-10-21,8,ふわしゅわショコラスフレ,1134.02,1361,258.0,292577.0
2025-10-21,8,◎クロワッサンワッフル,1134.02,1361,167.0,189381.0
2025-10-21,8,ジャックジンジャーＨＢ３,1134.02,1361,210.0,238144.0
2025-10-21,8,たまご＆海老ブロサンド,1134.02,1361,348.0,394639.0
2025-10-21,8,◎チーズインてりやきバー,1134.02,1361,184.0,208660.0
2025-10-21,8,のむココナッツ杏仁,1134.02,1361,276.0,312990.0
2025-10-21,8,たまごっち　まんまる焼き,1134.02,1361,232.0,263093.0
2025-10-21,8,大粒ラムネ濃い果実ぶどう,1134.02,1361,133.0,150825.0
2025-10-21,8,ブロックロスジークアクス,1134.02,1361,1700.0,1927834.0
2025-10-21,8,サンド寿司サーモンチーズ,1134.02,1361,332.0,376495.0
2025-10-21,8,ダースミルク,1134.02,1361,191.0,216598.0
2025-10-21,8,ショコラキャラメルタルト,1134.02,1361,230.0,260825.0
2025-10-21,8,大きなつくねの醤油パスタ,1134.02,1361,510.0,578350.0
2025-10-21,8,コーンのバター醤油パスタ,1134.02,1361,426.0,483093.0
2025-10-21,8,◎グリルＣヨシダテリヤキ,1134.02,1361,232.0,263093.0
2025-10-21,8,スプバレ豊潤ラガー３５０,1134.02,1361,245.0,277835.0
2025-10-21,8,ハリボーハッピーグレープ,1134.02,1361,198.0,224536.0
2025-10-21,8,野菜を食べよう　タンメン,1134.02,1361,554.0,628247.0
2025-10-21,8,たべっ子グミグレープ＆マ,1134.02,1361,200.0,226804.0
2025-10-21,8,バヤリース果実のど飴,1134.02,1361,220.0,249484.0
2025-10-21,8,豚焼肉弁当（マヨネーズ付,1134.02,1361,499.0,565876.0
2025-10-21,8,ｈａｎａキンモクセイ,1134.02,1361,698.0,791546.0
2025-10-21,8,ちいかわひやキャラ,1134.02,1361,280.0,317526.0
2025-10-21,8,４Ｄグミサンリオキャラ,1134.02,1361,180.0,204124.0
2025-10-21,8,オイコス　ピーチ,1134.02,1361,189.0,214330.0
2025-10-21,8,サンリオグミチュアチャー,1134.02,1361,350.0,396907.0
2025-10-21,8,ブラックサンダー至福のバ,1134.02,1361,60.0,68041.0
2025-10-21,8,その他４口座売上,1134.02,1361,164.0,185979.0
2025-10-21,8,１日分Ｖゼリーピーチ,1134.02,1361,218.0,247216.0
2025-10-21,8,うるおいトラベルセット,1134.02,1361,1680.0,1905154.0
2025-10-21,8,ポップアップス！ハチワレ,1134.02,1361,390.0,442268.0
2025-10-21,8,ポップアップス！うさぎ,1134.02,1361,390.0,442268.0
2025-10-21,8,コロロ巨峰,1134.02,1361,148.0,167835.0
2025-10-21,8,◎ロングデニッシュ（バタ,1134.02,1361,121.0,137216.0
2025-10-21,8,麻辣湯（はるさめ麺）,1134.02,1361,554.0,628247.0
2025-10-21,8,◎ふくちゃん豚骨どんぶり,1134.02,1361,297.0,336804.0
2025-10-21,8,ポケカ拡張インフェルノ,1134.02,1361,164.0,185979.0
2025-10-21,8,５種チーズのドリア,1134.02,1361,499.0,565876.0
2025-10-21,8,新金封　結ちどり,1134.02,1361,500.0,567010.0
2025-10-21,8,チップスターＳバター味,1134.02,1361,158.0,179175.0
2025-10-21,8,レンジかき揚げそば,1134.02,1361,462.0,523917.0
2025-10-21,8,モッチュＳマスカット,1134.02,1361,148.0,167835.0
2025-10-21,8,まるごと和なしのど飴小袋,1134.02,1361,128.0,145155.0
2025-10-21,8,ガルボ紫いもＰＫＰ,1134.02,1361,175.0,198454.0
2025-10-21,8,クランキーＰＪストロベリ,1134.02,1361,175.0,198454.0
2025-10-21,8,漬けぶりおむすび,1134.02,1361,249.0,282371.0
2025-10-21,8,ライオンコーヒーブラック,1134.02,1361,168.0,190515.0
2025-10-21,8,ライオンコーヒカフェオレ,1134.02,1361,178.0,201856.0
2025-10-21,8,◎芋きんつば,1134.02,1361,184.0,208660.0
2025-10-21,8,たっぷりコーンマヨネーズ,1134.02,1361,297.0,336804.0
2025-10-21,8,◎肉たっぷり７種具材豚汁,1134.02,1361,369.0,418453.0
2025-10-21,8,Ｐガーナトリュフキャラメ,1134.02,1361,325.0,368556.0
2025-10-21,8,マミー風味シュークリーム,1134.02,1361,167.0,189381.0
2025-10-21,8,背徳　月見台湾風まぜそば,1134.02,1361,647.0,733711.0
2025-10-21,8,メキシカンチキン雑穀,1134.02,1361,462.0,523917.0
2025-10-21,8,森永れん乳風味クレープ,1134.02,1361,239.0,271031.0
2025-10-21,8,◎ふわもち食感のメープル,1134.02,1361,135.0,153093.0
2025-10-21,8,ライトニング電池充電器,1134.02,1361,2164.0,2454019.0
2025-10-21,8,大きな　月見おむすびマヨ,1134.02,1361,304.0,344742.0
2025-10-21,8,あなご寿司,1134.02,1361,255.0,289175.0
2025-10-21,8,とろ生おいもチーズケーキ,1134.02,1361,230.0,260825.0
2025-10-21,8,きつねおむすび,1134.02,1361,147.0,166701.0
2025-10-21,8,チキンチェダーたまご,1134.02,1361,452.0,512577.0
2025-10-21,8,◎ミニベーコンピザパン４,1134.02,1361,212.0,240412.0
2025-10-21,8,◎ミルクツイスト３本入,1134.02,1361,144.0,163299.0
2025-10-21,8,◎ルイボスティー６００,1134.02,1361,110.0,124742.0
2025-10-21,8,野菜生活青森りんご,1134.02,1361,118.0,133814.0
2025-10-21,8,専おかず全部乗せ！お弁当,1134.02,1361,323.0,366288.0
2025-10-21,8,１９６無糖３種の果実３５,1134.02,1361,161.0,182577.0
2025-10-21,8,◎生コッペパン（モンブラ,1134.02,1361,135.0,153093.0
2025-10-21,8,月見うさぎ,1134.02,1361,90.0,102062.0
2025-10-21,8,◎芋あん豆大福,1134.02,1361,165.0,187113.0
2025-10-21,8,エナジーの塊,1134.02,1361,199.0,225670.0
2025-10-21,8,ちいかわチャームグミ,1134.02,1361,380.0,430928.0
2025-10-21,8,◎ロングスティックパン（,1134.02,1361,158.0,179175.0
2025-10-21,8,いちごドーナツ棒１本,1134.02,1361,74.0,83917.0
2025-10-21,8,マカダミアチョコ沖縄黒糖,1134.02,1361,333.0,377629.0
2025-10-21,8,カフェラッテ,1134.02,1361,181.0,205258.0
2025-10-21,8,グミっちょ夕張メロン,1134.02,1361,238.0,269897.0
2025-10-21,8,◎ボロネーゼ風ラザニア,1134.02,1361,369.0,418453.0
2025-10-21,8,ガパオまぜごはん,1134.02,1361,163.0,184845.0
2025-10-21,8,今治ＴＨ斜ＳＴ　Ｔ紺,1134.02,1361,600.0,680412.0
2025-10-21,8,ＳＤドライクリスタル３５,1134.02,1361,216.0,244948.0
2025-10-21,8,◎ふわふわアソートリン４,1134.02,1361,193.0,218866.0
2025-10-21,8,月見チーズバーガー,1134.02,1361,399.0,452474.0
2025-10-21,8,厚切りロースカツサンド,1134.02,1361,426.0,483093.0
2025-10-21,8,きのこの山ポケットパック,1134.02,1361,161.0,182577.0
2025-10-21,8,暴君ハバネロ１５０粒ハバ,1134.02,1361,176.0,199588.0
2025-10-21,8,Ｈ午後の紅茶ミルクティー,1134.02,1361,159.0,180309.0
2025-10-21,8,たけのこの里ＰＫＰ,1134.02,1361,161.0,182577.0
2025-10-21,9,しらすおむすび,1142.61,1371,165.0,188531.0
2025-10-21,9,Ｍアーモンドチョコレート,1142.61,1371,305.0,348496.0
2025-10-21,9,龍角散ののどすっきりタブ,1142.61,1371,200.0,228522.0
2025-10-21,9,忍者めし鋼グレープ味,1142.61,1371,148.0,169106.0
2025-10-21,9,◎もちもちくるみパン,1142.61,1371,128.0,146254.0
2025-10-21,9,ｉｎゼリーエネルギー,1142.61,1371,210.0,239948.0
2025-10-21,9,◎白生クロワッサン（ダブ,1142.61,1371,156.0,178247.0
2025-10-21,9,モンスター　リッパー,1142.61,1371,213.0,243376.0
2025-10-21,9,◎レモン香るティーソーダ,1142.61,1371,130.0,148539.0
2025-10-21,9,カルピス　ひんやりライチ,1142.61,1371,160.0,182818.0
2025-10-21,9,カルピスウォーター５００,1142.61,1371,160.0,182818.0
2025-10-21,9,トロピカーナアップル,1142.61,1371,120.0,137113.0
2025-10-21,9,ミンティアＢカルピス,1142.61,1371,211.0,241091.0
2025-10-21,9,◎ボディＰレモンミント,1142.61,1371,350.0,399913.0
2025-10-21,9,薬用リップスティック,1142.61,1371,299.0,341640.0
2025-10-21,9,さらさらシートクール,1142.61,1371,295.0,337070.0
2025-10-21,9,◎のむＹＧアサイーボウル,1142.61,1371,184.0,210240.0
2025-10-21,9,Ｚｅｒｏシート携帯,1142.61,1371,328.0,374776.0
2025-10-21,9,レッドブルエナジー２５０,1142.61,1371,198.0,226237.0
2025-10-21,9,ペパーミント１００ＭＬ,1142.61,1371,200.0,228522.0
2025-10-21,9,ヘアリングゴム黒,1142.61,1371,200.0,228522.0
2025-10-21,9,１日分鉄分のむヨーグルト,1142.61,1371,145.0,165678.0
2025-10-21,9,ザバスミルクココア風味,1142.61,1371,181.0,206812.0
2025-10-21,9,イーラインマスクベージュ,1142.61,1371,299.0,341640.0
2025-10-21,9,ブルガリアＹＯ　苺,1142.61,1371,158.0,180532.0
2025-10-21,9,◎カフェラテレギュラー,1142.61,1371,181.0,206812.0
2025-10-21,9,金のミルクキャンディ,1142.61,1371,221.0,252517.0
2025-10-21,9,ミンティアＢリフレッシュ,1142.61,1371,211.0,241091.0
2025-10-21,9,邪払のど飴,1142.61,1371,258.0,294793.0
2025-10-21,9,◎生コッペパン（たまご）,1142.61,1371,128.0,146254.0
2025-10-21,9,キレートクエン酸ゼリー,1142.61,1371,210.0,239948.0
2025-10-21,9,◎もっち歩き（チョコ）,1142.61,1371,125.0,142826.0
2025-10-21,9,ミンティアワイルド＆クー,1142.61,1371,105.0,119974.0
2025-10-21,9,アーモンドＣ香ばしＰＪ,1142.61,1371,175.0,199957.0
2025-10-21,9,ミンティアＢクリスタル,1142.61,1371,211.0,241091.0
2025-10-21,9,ブラックＴひとくちサイズ,1142.61,1371,120.0,137113.0
2025-10-21,9,ジャムグミいちご,1142.61,1371,182.0,207955.0
2025-10-21,9,ぷにキャラグミちいかわ,1142.61,1371,218.0,249089.0
2025-10-21,9,ソルベットグミ白桃味,1142.61,1371,140.0,159965.0
2025-10-21,9,つぶグミカタイソーダ,1142.61,1371,168.0,191958.0
2025-10-21,9,たべっ子グミパイナップル,1142.61,1371,200.0,228522.0
2025-10-21,9,おとうふくんグミ,1142.61,1371,161.0,183960.0
2025-10-21,9,あの日夢見た雲グミ,1142.61,1371,171.0,195386.0
2025-10-21,9,ピュレグミなつももソーダ,1142.61,1371,150.0,171391.0
2025-10-21,9,ポケぷに,1142.61,1371,218.0,249089.0
2025-10-21,9,龍角散のど飴ｍａｘＳＴ,1142.61,1371,160.0,182818.0
2025-10-21,9,忍者めし巨峰,1142.61,1371,125.0,142826.0
2025-10-21,9,即攻元気ゼリー,1142.61,1371,204.0,233092.0
2025-10-21,9,龍角散のど飴スティック,1142.61,1371,140.0,159965.0
2025-10-21,9,のど飴,1142.61,1371,124.0,141684.0
2025-10-21,9,忍者めし鋼マスカット味,1142.61,1371,148.0,169106.0
2025-10-21,9,◎ドライマンゴー,1142.61,1371,276.0,315360.0
2025-10-21,9,◎カリカリ梅無着色小袋,1142.61,1371,184.0,210240.0
2025-10-21,9,大粒ラムネ,1142.61,1371,133.0,151967.0
2025-10-21,9,牛乳パン,1142.61,1371,230.0,262800.0
2025-10-21,9,１本満足プロテイン　ＷＴ,1142.61,1371,171.0,195386.0
2025-10-21,9,シルキータッチ大きめ,1142.61,1371,398.0,454759.0
2025-10-21,9,スマートカラーグレー,1142.61,1371,566.0,646717.0
2025-10-21,9,◎しっとりやわらか食パ６,1142.61,1371,158.0,180532.0
2025-10-21,9,◎ファミマ・ザ・クリーム,1142.61,1371,128.0,146254.0
2025-10-21,9,たまごサンド,1142.61,1371,265.0,302792.0
2025-10-21,9,具だくさん！チキン南蛮,1142.61,1371,221.0,252517.0
2025-10-21,9,具だくさん！チャーシュー,1142.61,1371,215.0,245661.0
2025-10-21,9,キャメＭマスカットＰＬ,1142.61,1371,455.0,519888.0
2025-10-21,9,◎ソフトなチーズクリーム,1142.61,1371,135.0,154252.0
2025-10-21,9,キャメＭベリープルーム,1142.61,1371,455.0,519888.0
2025-10-21,9,◎バタークロワッサンメロ,1142.61,1371,147.0,167964.0
2025-10-21,9,キャメＭコールドプルーム,1142.61,1371,455.0,519888.0
2025-10-21,9,◎チョコチップスナック６,1142.61,1371,135.0,154252.0
2025-10-21,9,◎ファミマ・ザ・メロンパ,1142.61,1371,128.0,146254.0
2025-10-21,9,ラーククラシックＭ,1142.61,1371,491.0,561022.0
2025-10-21,9,ラッキーＥＸカット１４,1142.61,1371,428.0,489037.0
2025-10-21,9,ラッキーＢチルベリー８,1142.61,1371,428.0,489037.0
2025-10-21,9,◎生コッペパン（コロッケ,1142.61,1371,167.0,190816.0
2025-10-21,9,ラッキーストライク,1142.61,1371,564.0,644432.0
2025-10-21,9,◎生コッペパン（焼きそば,1142.61,1371,167.0,190816.0
2025-10-21,9,ラッキーシガリロＳライト,1142.61,1371,428.0,489037.0
2025-10-21,9,◎白生コッペパン（トリプ,1142.61,1371,147.0,167964.0
2025-10-21,9,◎ひと口もち食感チーズ（,1142.61,1371,149.0,170249.0
2025-10-21,9,マルボロ・メン８Ｂ,1142.61,1371,546.0,623865.0
2025-10-21,9,◎もっちパン（ミート＆チ,1142.61,1371,121.0,138256.0
2025-10-21,9,◎お肉たっぷりメンチカツ,1142.61,1371,184.0,210240.0
2025-10-21,9,◎天然水新潟県津南６００,1142.61,1371,110.0,125687.0
2025-10-21,9,◎ミニクリームパン５個入,1142.61,1371,149.0,170249.0
2025-10-21,9,◎ジャスミン茶６００,1142.61,1371,110.0,125687.0
2025-10-21,9,クリームたい焼きカスター,1142.61,1371,165.0,188531.0
2025-10-21,9,アスティーグ肌　Ｍ,1142.61,1371,600.0,685566.0
2025-10-21,9,◎のむヨーグルトプレーン,1142.61,1371,149.0,170249.0
2025-10-21,9,ルーロー飯おむすび,1142.61,1371,194.0,221666.0
2025-10-21,9,グリーンダカラ,1142.61,1371,141.0,161108.0
2025-10-21,9,ウィルキンソン　タンサン,1142.61,1371,112.0,127972.0
2025-10-21,9,チョコラＢＢハイパー,1142.61,1371,380.0,434192.0
2025-10-21,9,◎発酵バター香るチョコク,1142.61,1371,147.0,167964.0
2025-10-21,9,◎ダブルチョコデニッシュ,1142.61,1371,128.0,146254.0
2025-10-21,9,ウコンの力ドリンク,1142.61,1371,191.0,218239.0
2025-10-21,9,リポビタンＤ,1142.61,1371,164.0,187388.0
2025-10-21,9,◎ゴロゴロチョコのクッキ,1142.61,1371,138.0,157680.0
2025-10-21,9,ジョージア　カフェモカ,1142.61,1371,168.0,191958.0
2025-10-21,9,ジョージア　カフェラテ,1142.61,1371,159.0,181675.0
2025-10-21,9,◎しっとりケーキ（チョコ,1142.61,1371,135.0,154252.0
2025-10-21,9,ジョージア　ブラック,1142.61,1371,149.0,170249.0
2025-10-21,9,◎白生フランスパン（つぶ,1142.61,1371,156.0,178247.0
2025-10-21,9,◎天然水長野県安曇野２Ｌ,1142.61,1371,112.0,127972.0
2025-10-21,9,午後の紅茶　レモンティー,1142.61,1371,160.0,182818.0
2025-10-21,9,◎緑茶６００,1142.61,1371,110.0,125687.0
2025-10-21,9,◎ぶどうぱん（シュガーマ,1142.61,1371,128.0,146254.0
2025-10-21,9,◎麦茶６００,1142.61,1371,110.0,125687.0
2025-10-21,9,健康ミネラルむぎ茶,1142.61,1371,158.0,180532.0
2025-10-21,9,◎生スコーン６個入,1142.61,1371,172.0,196529.0
2025-10-21,9,◎アップル香るジャスミン,1142.61,1371,110.0,125687.0
2025-10-21,9,塩バター揚げ焼きくりーむ,1142.61,1371,276.0,315360.0
2025-10-21,9,マルボロ・メン１２Ｂ,1142.61,1371,546.0,623865.0
2025-10-21,9,専ＵＦＯ大盛焼そばパンガ,1142.61,1371,276.0,315360.0
2025-10-21,9,じゃがりこチーズ,1142.61,1371,185.0,211383.0
2025-10-21,9,◎冷やし胡瓜一本漬,1142.61,1371,172.0,196529.0
2025-10-21,9,◎タンスティックレモン,1142.61,1371,184.0,210240.0
2025-10-21,9,メビウスＥＸＬ,1142.61,1371,528.0,603298.0
2025-10-21,9,メビウスＬ,1142.61,1371,528.0,603298.0
2025-10-21,9,メビウスＳＬ１００Ｂ,1142.61,1371,528.0,603298.0
2025-10-21,9,焙煎ごまドレッシング,1142.61,1371,33.0,37706.0
2025-10-21,9,◎半熟ゆでたまご１個,1142.61,1371,98.0,111976.0
2025-10-21,9,ポケカ拡張　ホワイト,1142.61,1371,264.0,301649.0
2025-10-21,9,テリアスムースレギュラー,1142.61,1371,528.0,603298.0
2025-10-21,9,高菜の寿司,1142.61,1371,176.0,201099.0
2025-10-21,9,レジ袋弁当大バイオマス,1142.61,1371,5.0,5713.0
2025-10-21,9,ホープ１０,1142.61,1371,273.0,311933.0
2025-10-21,9,手巻　紀州南高梅,1142.61,1371,158.0,180532.0
2025-10-21,9,手巻　真昆布,1142.61,1371,158.0,180532.0
2025-10-21,9,大きな　僕の梅おかか,1142.61,1371,297.0,339355.0
2025-10-21,9,味付海苔　おかか味噌,1142.61,1371,161.0,183960.0
2025-10-21,9,増量　手巻　紅しゃけ,1142.61,1371,195.0,222809.0
2025-10-21,9,増量　手巻　辛子明太子,1142.61,1371,195.0,222809.0
2025-10-21,9,大きな　昆布とツナマヨ,1142.61,1371,269.0,307362.0
2025-10-21,9,手巻　たらこマヨネーズ,1142.61,1371,188.0,214811.0
2025-10-21,9,豚バラしょうゆ,1142.61,1371,276.0,315360.0
2025-10-21,9,サンドおむすび　牛カルビ,1142.61,1371,328.0,374776.0
2025-10-21,9,手巻　紅しゃけ,1142.61,1371,195.0,222809.0
2025-10-21,9,レジ袋１２号バイオマス,1142.61,1371,3.0,3428.0
2025-10-21,9,ピース・ライト・ＢＯＸ,1142.61,1371,546.0,623865.0
2025-10-21,9,ピアニシモ・アリア・メン,1142.61,1371,519.0,593015.0
2025-10-21,9,◎海鮮スティック明太マヨ,1142.61,1371,167.0,190816.0
2025-10-21,9,センティアＩブラック,1142.61,1371,482.0,550738.0
2025-10-21,9,冷し明太とろろうどん,1142.61,1371,508.0,580446.0
2025-10-21,9,冷したぬきうどん,1142.61,1371,399.0,455901.0
2025-10-21,9,ゆず冷し鶏塩おろしうどん,1142.61,1371,526.0,601013.0
2025-10-21,9,テリアイエローメンソール,1142.61,1371,528.0,603298.0
2025-10-21,9,テリアサンパール,1142.61,1371,528.0,603298.0
2025-10-21,9,テリアシャインパール,1142.61,1371,528.0,603298.0
2025-10-21,9,マルボロ・ボックス,1142.61,1371,546.0,623865.0
2025-10-21,9,シーチキン＆コーンサラダ,1142.61,1371,249.0,284510.0
2025-10-21,9,ケントエス１・１００Ｂ,1142.61,1371,455.0,519888.0
2025-10-21,9,ローストチキンパスタサラ,1142.61,1371,369.0,421623.0
2025-10-21,9,エボルタＮＥＯ単４－４Ｐ,1142.61,1371,659.0,752980.0
2025-10-21,9,ライトニング１．２ｍ,1142.61,1371,1800.0,2056698.0
2025-10-21,9,ＣＲバーナーライター,1142.61,1371,190.0,217096.0
2025-10-21,9,耐風ビニール傘７０,1142.61,1371,862.0,984930.0
2025-10-21,9,ダブルシュー,1142.61,1371,172.0,196529.0
2025-10-21,9,デイリースポーツ東日本,1142.61,1371,146.0,166821.0
2025-10-21,9,冷やして食べるバウム,1142.61,1371,167.0,190816.0
2025-10-21,9,マカロンチョコパッション,1142.61,1371,267.0,305077.0
2025-10-21,9,日刊ゲンダイ,1142.61,1371,164.0,187388.0
2025-10-21,9,日本経済新聞,1142.61,1371,182.0,207955.0
2025-10-21,9,ＡｍａｚｏｎＶＡＲ,1142.61,1371,10000.0,11426100.0
2025-10-21,9,２種のキンパ,1142.61,1371,510.0,582731.0
2025-10-21,9,セブンスター,1142.61,1371,546.0,623865.0
2025-10-21,9,セブンスター・ＢＯＸ,1142.61,1371,546.0,623865.0
2025-10-21,9,手巻　辛子明太子,1142.61,1371,195.0,222809.0
2025-10-21,9,カロリーＭハーフ　バニラ,1142.61,1371,110.0,125687.0
2025-10-21,9,手巻シーチキンマヨネーズ,1142.61,1371,165.0,188531.0
2025-10-21,9,直巻　和風ツナマヨネーズ,1142.61,1371,149.0,170249.0
2025-10-21,9,テリアブラックＭ１０Ｐ,1142.61,1371,5273.0,6024983.0
2025-10-21,9,アサヒ生ビール３５０,1142.61,1371,216.0,246804.0
2025-10-21,9,スーパードライ３５０,1142.61,1371,216.0,246804.0
2025-10-21,9,さばと青じそおむすび,1142.61,1371,139.0,158823.0
2025-10-21,9,テリアＯパール,1142.61,1371,528.0,603298.0
2025-10-21,9,ポケカ拡張　ブラック,1142.61,1371,264.0,301649.0
2025-10-21,9,ポケカ拡張　バトルＰ,1142.61,1371,164.0,187388.0
2025-10-21,9,サラサクリップ　黒,1142.61,1371,99.0,113118.0
2025-10-21,9,ＬＩＢＥＲＡミルク,1142.61,1371,277.0,316503.0
2025-10-21,9,◎しみチョココーン,1142.61,1371,147.0,167964.0
2025-10-21,9,◎チョコシュー,1142.61,1371,128.0,146254.0
2025-10-21,9,もち麦　鮭ひじきしそ風味,1142.61,1371,163.0,186245.0
2025-10-21,9,◎こだわりのフロランタン,1142.61,1371,184.0,210240.0
2025-10-21,9,◎もちもちレモンドーナツ,1142.61,1371,149.0,170249.0
2025-10-21,9,◎濃厚ミルクドーナツ,1142.61,1371,100.0,114261.0
2025-10-21,9,◎焼たまごカレートースト,1142.61,1371,167.0,190816.0
2025-10-21,9,スイートサンダーいちご,1142.61,1371,60.0,68557.0
2025-10-21,9,ブラックサンダー,1142.61,1371,41.0,46847.0
2025-10-21,9,◎大きいウインナー,1142.61,1371,153.0,174819.0
2025-10-21,9,◎大きいあらびきチョリソ,1142.61,1371,153.0,174819.0
2025-10-21,9,パウダー２５０％ハッピー,1142.61,1371,120.0,137113.0
2025-10-21,9,◎ベーコンチーズオニオン,1142.61,1371,149.0,170249.0
2025-10-21,9,Ｆグレイシアラムネわらび,1142.61,1371,156.0,178247.0
2025-10-21,9,じゃがりこサラダ,1142.61,1371,185.0,211383.0
2025-10-21,9,ミンティアコールドスマッ,1142.61,1371,105.0,119974.0
2025-10-21,9,直巻　とり五目,1142.61,1371,165.0,188531.0
2025-10-21,9,ラッキーＳメンソール,1142.61,1371,391.0,446761.0
2025-10-21,9,ラッキーＳダークＭ,1142.61,1371,391.0,446761.0
2025-10-21,9,直巻　明太子マヨネーズ,1142.61,1371,165.0,188531.0
2025-10-21,9,直巻　焼しゃけ,1142.61,1371,158.0,180532.0
2025-10-21,9,レジ袋,1142.61,1371,3.0,3428.0
2025-10-21,9,１９６ＳＴゼロＷレモン３,1142.61,1371,161.0,183960.0
2025-10-21,9,角ハイボール３５０,1142.61,1371,219.0,250232.0
2025-10-21,9,氷結レモン３５０,1142.61,1371,168.0,191958.0
2025-10-21,9,生ハム寿司,1142.61,1371,212.0,242233.0
2025-10-21,9,テリアブラックパープルＭ,1142.61,1371,528.0,603298.0
2025-10-21,9,テリアブラックメンソール,1142.61,1371,528.0,603298.0
2025-10-21,9,手巻寿司　納豆,1142.61,1371,184.0,210240.0
2025-10-21,9,テリアミント,1142.61,1371,528.0,603298.0
2025-10-21,9,手巻寿司　シーチキンマヨ,1142.61,1371,167.0,190816.0
2025-10-21,9,テリアメンソール,1142.61,1371,528.0,603298.0
2025-10-21,9,テリアリッチレギュラー,1142.61,1371,528.0,603298.0
2025-10-21,9,テリアリビエラパール,1142.61,1371,528.0,603298.0
2025-10-21,9,テリアレギュラー,1142.61,1371,528.0,603298.0
2025-10-21,9,鮭はらみおむすび,1142.61,1371,258.0,294793.0
2025-10-21,9,助六寿司,1142.61,1371,482.0,550738.0
2025-10-21,9,テリアＢルビーＭ,1142.61,1371,528.0,603298.0
2025-10-21,9,ネオアークティックＭ,1142.61,1371,455.0,519888.0
2025-10-21,9,高菜たくあんおむすび,1142.61,1371,135.0,154252.0
2025-10-21,9,ラッキーＳダークタバコ,1142.61,1371,391.0,446761.0
2025-10-21,9,◎ハムチーズマヨネーズ２,1142.61,1371,135.0,154252.0
2025-10-21,9,ＭＶコールドＭプルーム,1142.61,1371,455.0,519888.0
2025-10-21,9,まるで桃みたいなケーキ,1142.61,1371,276.0,315360.0
2025-10-21,9,クリームワッフルクッキー,1142.61,1371,260.0,297079.0
2025-10-21,9,調製豆乳,1142.61,1371,105.0,119974.0
2025-10-21,9,テリアパープルメンソール,1142.61,1371,528.0,603298.0
2025-10-21,9,テリアバランスドＲ,1142.61,1371,528.0,603298.0
2025-10-21,9,野菜一日これ一本,1142.61,1371,113.0,129115.0
2025-10-21,9,◎デニッシュブレッド３枚,1142.61,1371,156.0,178247.0
2025-10-21,9,センティアＳバイオレット,1142.61,1371,482.0,550738.0
2025-10-21,9,◎バタークロワッサンメ３,1142.61,1371,156.0,178247.0
2025-10-21,9,センティアＩパープル,1142.61,1371,482.0,550738.0
2025-10-21,9,◎ファミマの牛乳５００,1142.61,1371,175.0,199957.0
2025-10-21,9,サブレサンドバニライチゴ,1142.61,1371,332.0,379347.0
2025-10-21,9,冷しニンニクまぜそば,1142.61,1371,647.0,739269.0
2025-10-21,9,ＳＰＡＭ　タコスミート,1142.61,1371,315.0,359922.0
2025-10-21,9,ＳＰＡＭ　ツナマヨネーズ,1142.61,1371,266.0,303934.0
2025-10-21,9,不明,1142.61,1371,164.0,187388.0
2025-10-21,9,レジ袋４５号バイオマス,1142.61,1371,7.0,7998.0
2025-10-21,9,鮭ほぐし飯（和風だしごは,1142.61,1371,338.0,386202.0
2025-10-21,9,天タレおむすび,1142.61,1371,138.0,157680.0
2025-10-21,9,植物生のスパイシーカレー,1142.61,1371,146.0,166821.0
2025-10-21,9,赤飯おむすび,1142.61,1371,165.0,188531.0
2025-10-21,9,レジ袋２０号バイオマス,1142.61,1371,5.0,5713.0
2025-10-21,9,鶏のうまみ！鶏そぼろ弁当,1142.61,1371,320.0,365635.0
2025-10-21,9,冷しビャンビャン麺,1142.61,1371,510.0,582731.0
2025-10-21,9,ラッキーＳＲタバコ１０Ｐ,1142.61,1371,3910.0,4467605.0
2025-10-21,9,野沢菜いなり寿司,1142.61,1371,179.0,204527.0
2025-10-21,9,国産チキン彩り野菜うどん,1142.61,1371,554.0,633006.0
2025-10-21,9,手巻寿司　ねぎとろ（青ま,1142.61,1371,230.0,262800.0
2025-10-21,9,かぶり寿司　唐揚げ巻,1142.61,1371,283.0,323359.0
2025-10-21,9,塩こんぶおむすび,1142.61,1371,139.0,158823.0
2025-10-21,9,サンド寿司　まぐろたくあ,1142.61,1371,334.0,381632.0
2025-10-21,9,冷たい生パスタ海老トマト,1142.61,1371,499.0,570162.0
2025-10-21,9,ジューシーハムサンド,1142.61,1371,297.0,339355.0
2025-10-21,9,ラッキーＳリッチタバコ,1142.61,1371,391.0,446761.0
2025-10-21,9,テリヤキチキンとたまごＳ,1142.61,1371,323.0,369063.0
2025-10-21,9,ラッキーＳベリーＭ,1142.61,1371,391.0,446761.0
2025-10-21,9,ラッキーＳトロピカルＳ,1142.61,1371,391.0,446761.0
2025-10-21,9,３種チーズとハムのサンド,1142.61,1371,323.0,369063.0
2025-10-21,9,ベコンレタストマトサンド,1142.61,1371,369.0,421623.0
2025-10-21,9,ネオＢベリーハイパー用,1142.61,1371,455.0,519888.0
2025-10-21,9,チキン南蛮サンド,1142.61,1371,369.0,421623.0
2025-10-21,9,ミックスサンド,1142.61,1371,276.0,315360.0
2025-10-21,9,鶏焼肉のバインミー,1142.61,1371,369.0,421623.0
2025-10-21,9,シーチキン＆たまごサラダ,1142.61,1371,239.0,273084.0
2025-10-21,9,棒棒鶏風サラダ,1142.61,1371,406.0,463900.0
2025-10-21,9,和風ドレッシング,1142.61,1371,33.0,37706.0
2025-10-21,9,シャキシャキレタスサンド,1142.61,1371,297.0,339355.0
2025-10-21,9,サメジマブルーソーダ味,1142.61,1371,178.0,203385.0
2025-10-21,9,蒸鶏とねぎのトマトパスタ,1142.61,1371,462.0,527886.0
2025-10-21,9,大きなおむすび唐揚げマヨ,1142.61,1371,290.0,331357.0
2025-10-21,9,本まぐろわさび醤油おむす,1142.61,1371,280.0,319931.0
2025-10-21,9,◎ベーコンペッパーマヨ,1142.61,1371,121.0,138256.0
2025-10-21,9,メビウス,1142.61,1371,528.0,603298.0
2025-10-21,9,シャインマスカットのど飴,1142.61,1371,105.0,119974.0
2025-10-21,9,ぷっちょＳＴメガコーラ,1142.61,1371,118.0,134828.0
2025-10-21,9,ハイチュウグレープ,1142.61,1371,127.0,145111.0
2025-10-21,9,ハイライトメンソール,1142.61,1371,473.0,540455.0
2025-10-21,9,ハイチュウＰシャインマス,1142.61,1371,152.0,173677.0
2025-10-21,9,センティアＦグリーン,1142.61,1371,482.0,550738.0
2025-10-21,9,ハイライト,1142.61,1371,473.0,540455.0
2025-10-21,9,ハイチュウＰ巨峰,1142.61,1371,152.0,173677.0
2025-10-21,9,キャメルクラフトＭ５,1142.61,1371,410.0,468470.0
2025-10-21,9,アメスピＯＭ１,1142.61,1371,382.0,436477.0
2025-10-21,9,アメスピＯＭライト,1142.61,1371,382.0,436477.0
2025-10-21,9,コロロシャインマスカット,1142.61,1371,148.0,169106.0
2025-10-21,9,コーラアップ,1142.61,1371,242.0,276512.0
2025-10-21,9,アメスピライト,1142.61,1371,382.0,436477.0
2025-10-21,9,ハイチュウＰヨーグルト,1142.61,1371,152.0,173677.0
2025-10-21,9,ＭＶスムースＲプルーム,1142.61,1371,455.0,519888.0
2025-10-21,9,◎しみ旨フレンチトースト,1142.61,1371,144.0,164536.0
2025-10-21,9,ＭＶシトラスＯＰプルーム,1142.61,1371,455.0,519888.0
2025-10-21,9,◎もちっとつぶあんドーナ,1142.61,1371,125.0,142826.0
2025-10-21,9,◎ミニフレンチトースト４,1142.61,1371,172.0,196529.0
2025-10-21,9,センティアＤブロンズ,1142.61,1371,482.0,550738.0
2025-10-21,9,センティアＣジェイド,1142.61,1371,482.0,550738.0
2025-10-21,9,センティアクリアシルバー,1142.61,1371,482.0,550738.0
2025-10-21,9,専ＵＦＯプチ焼そばパン４,1142.61,1371,212.0,242233.0
2025-10-21,9,ケントＴＲメンソール,1142.61,1371,437.0,499321.0
2025-10-21,9,◎北海道メロンパン,1142.61,1371,125.0,142826.0
2025-10-21,9,ケントＴメンソール,1142.61,1371,437.0,499321.0
2025-10-21,9,◎生コッペパン（あんバタ,1142.61,1371,135.0,154252.0
2025-10-21,9,◎白生コッペパン（カスタ,1142.61,1371,128.0,146254.0
2025-10-21,9,マルボロ・ブラックＭ８,1142.61,1371,546.0,623865.0
2025-10-21,9,ＭＶＰＧレギュラーウィズ,1142.61,1371,546.0,623865.0
2025-10-21,9,ＭＶＰＧメンソールウィズ,1142.61,1371,546.0,623865.0
2025-10-21,9,ＭＶＧレッドＭウィズ,1142.61,1371,546.0,623865.0
2025-10-21,9,◎ふんわりホットケーキ２,1142.61,1371,128.0,146254.0
2025-10-21,9,◎完熟バナナパンケーキ,1142.61,1371,138.0,157680.0
2025-10-21,9,ＭＶベリーＯＰプルーム,1142.61,1371,455.0,519888.0
2025-10-21,9,◎いちごのクロワッサン（,1142.61,1371,147.0,167964.0
2025-10-21,9,ＭＶブラックＣＭプルーム,1142.61,1371,455.0,519888.0
2025-10-21,9,タフグミグレーピーパンチ,1142.61,1371,238.0,271941.0
2025-10-21,9,はちみつカリンのど飴,1142.61,1371,124.0,141684.0
2025-10-21,9,メビウスワン,1142.61,1371,528.0,603298.0
2025-10-21,9,メビウスＥ１　１００Ｓ,1142.61,1371,455.0,519888.0
2025-10-21,9,◎スーパーＣＨ無糖レモ３,1142.61,1371,119.0,135971.0
2025-10-21,9,おむすびおかずＳ（昆・ツ,1142.61,1371,434.0,495893.0
2025-10-21,9,特撰　白角水割　２５０,1142.61,1371,175.0,199957.0
2025-10-21,9,茉莉花ジャスミン茶割ＪＪ,1142.61,1371,181.0,206812.0
2025-10-21,9,檸檬堂夏のラムネとレモン,1142.61,1371,160.0,182818.0
2025-10-21,9,手巻寿司　サーモン（青ま,1142.61,1371,230.0,262800.0
2025-10-21,9,本搾りライム３５０,1142.61,1371,168.0,191958.0
2025-10-21,9,未来のレサワオリジナル３,1142.61,1371,271.0,309647.0
2025-10-21,9,ルイボスティーハイ３４０,1142.61,1371,181.0,206812.0
2025-10-21,9,手巻寿司　青しそ納豆,1142.61,1371,190.0,217096.0
2025-10-21,9,◎スーパーＣＨグレフル３,1142.61,1371,119.0,135971.0
2025-10-21,9,大関　佳撰ワンカップ,1142.61,1371,219.0,250232.0
2025-10-21,9,金麦３５０,1142.61,1371,180.0,205670.0
2025-10-21,9,いなり寿司３ヶ入,1142.61,1371,276.0,315360.0
2025-10-21,9,ザプレミアムモルツ３５０,1142.61,1371,254.0,290223.0
2025-10-21,9,黒ラベル３５０,1142.61,1371,216.0,246804.0
2025-10-21,9,炙り焼辛子明太子おむすび,1142.61,1371,251.0,286795.0
2025-10-21,9,◎パン・オ・ショコラ４個,1142.61,1371,184.0,210240.0
2025-10-21,9,６種具材の冷し中華,1142.61,1371,536.0,612439.0
2025-10-21,9,センティアＦパープル,1142.61,1371,482.0,550738.0
2025-10-21,9,キシリトール粒フレッシュ,1142.61,1371,178.0,203385.0
2025-10-21,9,大粒ラムネＲすっぱレモン,1142.61,1371,133.0,151967.0
2025-10-21,9,マルボロアイスＢ・Ｍ８,1142.61,1371,546.0,623865.0
2025-10-21,9,マルボロアイスＢ・Ｍ５,1142.61,1371,546.0,623865.0
2025-10-21,9,ベロＭＰＭインテンス,1142.61,1371,291.0,332500.0
2025-10-21,9,◎黒胡椒香るチーズフラン,1142.61,1371,184.0,210240.0
2025-10-21,9,ケント・１・１００ＢＯＸ,1142.61,1371,473.0,540455.0
2025-10-21,9,◎ファミマ・ザ・カレーパ,1142.61,1371,139.0,158823.0
2025-10-21,9,ケントエス・スパーク１,1142.61,1371,455.0,519888.0
2025-10-21,9,◎手巻きソーセージドーナ,1142.61,1371,158.0,180532.0
2025-10-21,9,マルボロゴールドＢ,1142.61,1371,546.0,623865.0
2025-10-21,9,キシリトール粒グレープ,1142.61,1371,178.0,203385.0
2025-10-21,9,キシリトール粒ライムミン,1142.61,1371,178.0,203385.0
2025-10-21,9,Ｗ・Ｃ・ホワイト・５,1142.61,1371,491.0,561022.0
2025-10-21,9,メビＰＭＯＰＰ１１００,1142.61,1371,528.0,603298.0
2025-10-21,9,メビウスＳＬ,1142.61,1371,528.0,603298.0
2025-10-21,9,フリスクＦＦマスカット,1142.61,1371,278.0,317646.0
2025-10-21,9,ヨーグレットミニ,1142.61,1371,150.0,171391.0
2025-10-21,9,メビウスＥＭＯＰＰ５Ｓ,1142.61,1371,455.0,519888.0
2025-10-21,9,メロンソーダアップ,1142.61,1371,242.0,276512.0
2025-10-21,9,ラムネアップ,1142.61,1371,242.0,276512.0
2025-10-21,9,サンスポ（サンケ,1142.61,1371,164.0,187388.0
2025-10-21,9,コンパクトＳ２４．５ｃｍ,1142.61,1371,230.0,262800.0
2025-10-21,9,忍者めしラムネ,1142.61,1371,125.0,142826.0
2025-10-21,9,週刊少年ジャンプ,1142.61,1371,282.0,322216.0
2025-10-21,9,男梅グミ,1142.61,1371,143.0,163393.0
2025-10-21,9,週　刊　文　春,1142.61,1371,464.0,530171.0
2025-10-21,9,◎ドライみかん,1142.61,1371,276.0,315360.0
2025-10-21,9,ヤングマガジン,1142.61,1371,464.0,530171.0
2025-10-21,9,◎ドライりんご,1142.61,1371,276.0,315360.0
2025-10-21,9,◎５種のナッツ＆フルーツ,1142.61,1371,198.0,226237.0
2025-10-21,9,◎おしゃぶり昆布,1142.61,1371,172.0,196529.0
2025-10-21,9,ＢＩＣ電子ライター,1142.61,1371,170.0,194244.0
2025-10-21,9,◎やみつき種ぬき干し梅,1142.61,1371,175.0,199957.0
2025-10-21,9,コンパクトＳ２１．５ｃｍ,1142.61,1371,230.0,262800.0
2025-10-21,9,◎除菌ハンディＷティシュ,1142.61,1371,164.0,187388.0
2025-10-21,9,コカ・コーラ　３００,1142.61,1371,110.0,125687.0
2025-10-21,9,◎みるくバターまんじゅう,1142.61,1371,144.0,164536.0
2025-10-21,9,◎パイまんじゅうつぶあん,1142.61,1371,153.0,174819.0
2025-10-21,9,ピュレグミＰ白桃,1142.61,1371,180.0,205670.0
2025-10-21,9,ピュレグミＰマスカット,1142.61,1371,180.0,205670.0
2025-10-21,9,ピュレグミグレープ味,1142.61,1371,150.0,171391.0
2025-10-21,9,◎紅はるかの熟成干し芋,1142.61,1371,260.0,297079.0
2025-10-21,9,龍角散ののどすっきり飴袋,1142.61,1371,280.0,319931.0
2025-10-21,9,まい塩あめ小袋,1142.61,1371,138.0,157680.0
2025-10-21,9,今治ＴＨドット,1142.61,1371,600.0,685566.0
2025-10-21,9,ハンカチＳＴ,1142.61,1371,600.0,685566.0
2025-10-21,9,婦人ショートＳ白,1142.61,1371,390.0,445618.0
2025-10-21,9,ひざ下２足ヌードベージュ,1142.61,1371,500.0,571305.0
2025-10-21,9,邪払のど飴小袋,1142.61,1371,119.0,135971.0
2025-10-21,9,◎ばんそうこうＭサイズ,1142.61,1371,362.0,413625.0
2025-10-21,9,プリッツ旨サラダ,1142.61,1371,131.0,149682.0
2025-10-21,9,◎チョコマシュマロ,1142.61,1371,139.0,158823.0
2025-10-21,9,◎ミニバタークッキー,1142.61,1371,128.0,146254.0
2025-10-21,9,シルキータッチふつう,1142.61,1371,398.0,454759.0
2025-10-21,9,◎練乳はちみつドーナツ,1142.61,1371,147.0,167964.0
2025-10-21,9,◎こだわりのマドレーヌ,1142.61,1371,147.0,167964.0
2025-10-21,9,ソフトタンポンコンパクト,1142.61,1371,282.0,322216.0
2025-10-21,9,◎こだわりのワッフル,1142.61,1371,144.0,164536.0
2025-10-21,9,今治ＴＨＳＴ／青橙,1142.61,1371,600.0,685566.0
2025-10-21,9,ジェットスリーム０．５,1142.61,1371,150.0,171391.0
2025-10-21,9,リングメモＡ７Ｂ罫,1142.61,1371,208.0,237663.0
2025-10-21,9,ハリボーハッピーコーラ,1142.61,1371,198.0,226237.0
2025-10-21,9,東スポ（東京スポーツ）,1142.61,1371,164.0,187388.0
2025-10-21,9,ドデカミンＢＩＧ,1142.61,1371,149.0,170249.0
2025-10-21,9,今治ＴＨネイビーＭＩＸ,1142.61,1371,600.0,685566.0
2025-10-21,9,◎ミニ羊羹　煉,1142.61,1371,91.0,103978.0
2025-10-21,9,ペプシコーラ　６００,1142.61,1371,130.0,148539.0
2025-10-21,9,無香料ケープ　ＳＨ　小,1142.61,1371,300.0,342783.0
2025-10-21,9,◎贅沢バウムクーヘン,1142.61,1371,202.0,230807.0
2025-10-21,9,◎とろけるチョコミントＣ,1142.61,1371,139.0,158823.0
2025-10-21,9,◎４種のフルーツケーキ,1142.61,1371,156.0,178247.0
2025-10-21,9,バナナバウムクーヘン,1142.61,1371,139.0,158823.0
2025-10-21,9,さらさらシートせっけん,1142.61,1371,295.0,337070.0
2025-10-21,9,ベースブレッドシナモン,1142.61,1371,260.0,297079.0
2025-10-21,9,ビオレふくだけＣうるおい,1142.61,1371,341.0,389630.0
2025-10-21,9,ベースブレッドチョコ,1142.61,1371,260.0,297079.0
2025-10-21,9,ベースブレッドメープル,1142.61,1371,260.0,297079.0
2025-10-21,9,天然水きりっとヨグ,1142.61,1371,159.0,181675.0
2025-10-21,9,Ｆリーフィアロールケーキ,1142.61,1371,165.0,188531.0
2025-10-21,9,梅のり巻,1142.61,1371,142.0,162251.0
2025-10-21,9,耐風ビニール傘６５,1142.61,1371,705.0,805540.0
2025-10-21,9,ＣＷワンタッチ開閉折傘,1142.61,1371,2014.0,2301217.0
2025-10-21,9,レインコートＬ,1142.61,1371,687.0,784973.0
2025-10-21,9,アクオグリーンミント,1142.61,1371,170.0,194244.0
2025-10-21,9,アクオクリアブルーミント,1142.61,1371,170.0,194244.0
2025-10-21,9,◎春雨スープ担々麺味,1142.61,1371,167.0,190816.0
2025-10-21,9,◎とん汁,1142.61,1371,167.0,190816.0
2025-10-21,9,Ｆレモンクリームのロール,1142.61,1371,153.0,174819.0
2025-10-21,9,クリアクリーントラベル,1142.61,1371,323.0,369063.0
2025-10-21,9,◎濃厚チョコパウンド,1142.61,1371,213.0,243376.0
2025-10-21,9,モンスターエナジーボトル,1142.61,1371,297.0,339355.0
2025-10-21,9,おっとっとうすしお味,1142.61,1371,131.0,149682.0
2025-10-21,9,チップスターＳうすしお味,1142.61,1371,144.0,164536.0
2025-10-21,9,アクエリアス５００,1142.61,1371,160.0,182818.0
2025-10-21,9,チップスターＳコンソメ味,1142.61,1371,144.0,164536.0
2025-10-21,9,サントリー天然水　２Ｌ,1142.61,1371,131.0,149682.0
2025-10-21,9,天然水１Ｌ,1142.61,1371,168.0,191958.0
2025-10-21,9,◎キャラメルコーン,1142.61,1371,119.0,135971.0
2025-10-21,9,◎ＢＳラーメン丸チキン味,1142.61,1371,119.0,135971.0
2025-10-21,9,◎天然水新潟県津南３７０,1142.61,1371,100.0,114261.0
2025-10-21,9,ＳＯＹＪＯＹ　黒ゴマ,1142.61,1371,125.0,142826.0
2025-10-21,9,◎きんつば,1142.61,1371,158.0,180532.0
2025-10-21,9,ウェルチ　１房分のぶどう,1142.61,1371,160.0,182818.0
2025-10-21,9,天然水きりっと果実,1142.61,1371,159.0,181675.0
2025-10-21,9,玉ねぎせん,1142.61,1371,158.0,180532.0
2025-10-21,9,贅沢保湿ポケットＴ,1142.61,1371,169.0,193101.0
2025-10-21,9,◎チョコミントタルト,1142.61,1371,176.0,201099.0
2025-10-21,9,◎チョコミントロール,1142.61,1371,167.0,190816.0
2025-10-21,9,◎水に流せるポケットＴ,1142.61,1371,133.0,151967.0
2025-10-21,9,◎紀州南高梅茎わかめ,1142.61,1371,158.0,180532.0
2025-10-21,9,◎種ぬきはちみつ干し梅,1142.61,1371,158.0,180532.0
2025-10-21,9,今治ＴＨ２５夏の色白,1142.61,1371,600.0,685566.0
2025-10-21,9,１本満足シリアルチョコ,1142.61,1371,152.0,173677.0
2025-10-21,9,１本満足シリアルブラック,1142.61,1371,152.0,173677.0
2025-10-21,9,爽健美茶３００,1142.61,1371,110.0,125687.0
2025-10-21,9,おーいお茶緑茶　３５０,1142.61,1371,110.0,125687.0
2025-10-21,9,１本満足シリアルホワイト,1142.61,1371,152.0,173677.0
2025-10-21,9,伊右衛門特茶,1142.61,1371,170.0,194244.0
2025-10-21,9,ヘルシア緑茶　３５０ｍｌ,1142.61,1371,180.0,205670.0
2025-10-21,9,Ｃ玄米ブラン　ブルーベリ,1142.61,1371,155.0,177105.0
2025-10-21,9,クラフトボスイタリアーノ,1142.61,1371,159.0,181675.0
2025-10-21,9,Ｃ玄米ブランメープル,1142.61,1371,155.0,177105.0
2025-10-21,9,モーニングマアムバニラ,1142.61,1371,130.0,148539.0
2025-10-21,9,◎玄米茶　６００,1142.61,1371,110.0,125687.0
2025-10-21,9,◎台湾烏龍茶　６００,1142.61,1371,110.0,125687.0
2025-10-21,9,ｉｎゼリーマルチビタミン,1142.61,1371,210.0,239948.0
2025-10-21,9,Ｃ１０００ビタミンレモン,1142.61,1371,130.0,148539.0
2025-10-21,9,◎ピーチマンゴールイボス,1142.61,1371,110.0,125687.0
2025-10-21,9,オロナミンＣ,1142.61,1371,135.0,154252.0
2025-10-21,9,ヘパリーゼＷ,1142.61,1371,276.0,315360.0
2025-10-21,9,い・ろ・は・す５４０,1142.61,1371,118.0,134828.0
2025-10-21,9,カロリＭハーフチーズ味,1142.61,1371,110.0,125687.0
2025-10-21,9,クラフトボス　ミルクラテ,1142.61,1371,166.0,189673.0
2025-10-21,9,伊右衛門　６００,1142.61,1371,158.0,180532.0
2025-10-21,9,午後の紅茶　ミルクティー,1142.61,1371,160.0,182818.0
2025-10-21,9,◎オレンジ香アールグレイ,1142.61,1371,110.0,125687.0
2025-10-21,9,きのこベーコン醤油パスタ,1142.61,1371,434.0,495893.0
2025-10-21,9,小岩井　Ｔｈｅカフェオレ,1142.61,1371,159.0,181675.0
2025-10-21,9,おーいお茶濃く香るほうじ,1142.61,1371,158.0,180532.0
2025-10-21,9,クラフトボスブラック,1142.61,1371,149.0,170249.0
2025-10-21,9,ウィルキンソン　レモン,1142.61,1371,112.0,127972.0
2025-10-21,9,クラフトボス　ラテ,1142.61,1371,159.0,181675.0
2025-10-21,9,除菌アルコールタオル,1142.61,1371,238.0,271941.0
2025-10-21,9,１００％　オレンジ,1142.61,1371,168.0,191958.0
2025-10-21,9,カルピス　ザ　リッチ,1142.61,1371,160.0,182818.0
2025-10-21,9,フェイシャルペーパー,1142.61,1371,250.0,285652.0
2025-10-21,9,ｉｎバーザクザクビター,1142.61,1371,170.0,194244.0
2025-10-21,9,ｉｎバー　ベイクドチョコ,1142.61,1371,170.0,194244.0
2025-10-21,9,カシミヤＥＸポケット,1142.61,1371,162.0,185103.0
2025-10-21,9,カロリＭハーフチョコ,1142.61,1371,110.0,125687.0
2025-10-21,9,アイルＣＲ電子ライター,1142.61,1371,159.0,181675.0
2025-10-21,9,カロリーＭハーフフルーツ,1142.61,1371,110.0,125687.0
2025-10-21,9,◎有機栽培の恵み天津甘栗,1142.61,1371,165.0,188531.0
2025-10-21,9,アクエリアス　９５０,1142.61,1371,166.0,189673.0
2025-10-21,9,はだおもい２３ｃｍ,1142.61,1371,253.0,289080.0
2025-10-21,9,コンパクトＳ３０．５ｃｍ,1142.61,1371,230.0,262800.0
2025-10-21,9,イーラインマスクピンク,1142.61,1371,299.0,341640.0
2025-10-21,9,プリングルズサワクリＳ,1142.61,1371,158.0,180532.0
2025-10-21,9,スタイルフィットグレー,1142.61,1371,410.0,468470.0
2025-10-21,9,スタイルフィットＯＬ,1142.61,1371,410.0,468470.0
2025-10-21,9,じゃがビーバターしょうゆ,1142.61,1371,164.0,187388.0
2025-10-21,9,ストロングサワーＣオニオ,1142.61,1371,155.0,177105.0
2025-10-21,9,超快適マスクふつう,1142.61,1371,350.0,399913.0
2025-10-21,9,超快適マスクやや大きめ,1142.61,1371,350.0,399913.0
2025-10-21,9,超快適マスク小さめ,1142.61,1371,350.0,399913.0
2025-10-21,9,７ＤＡＹＳマスク大きめ,1142.61,1371,298.0,340498.0
2025-10-21,9,◎香ばしいバタピー,1142.61,1371,167.0,190816.0
2025-10-21,9,フリクションノックＢＫ,1142.61,1371,230.0,262800.0
2025-10-21,9,◎薫製したうずらたまご,1142.61,1371,249.0,284510.0
2025-10-21,9,富士通ＰＲＥ　単４－４Ｐ,1142.61,1371,528.0,603298.0
2025-10-21,9,◎素焼きミックスナッツ,1142.61,1371,360.0,411340.0
2025-10-21,9,◎ＰＣ濃いめのり塩,1142.61,1371,139.0,158823.0
2025-10-21,9,◎ハンディウェットティシ,1142.61,1371,117.0,133685.0
2025-10-21,9,グリーンダカラ麦茶６８０,1142.61,1371,148.0,169106.0
2025-10-21,9,◎ジュワっとした塩バター,1142.61,1371,130.0,148539.0
2025-10-21,9,ベースブレッドミルク,1142.61,1371,260.0,297079.0
2025-10-21,9,メビウス・ワン・ＢＯＸ,1142.61,1371,528.0,603298.0
2025-10-21,9,カントリーＭミニバニラ,1142.61,1371,121.0,138256.0
2025-10-21,9,ミニたべっ子塩バター味,1142.61,1371,160.0,182818.0
2025-10-21,9,ｅ－ｍａのどグレープ小袋,1142.61,1371,118.0,134828.0
2025-10-21,9,金のミルク小袋,1142.61,1371,138.0,157680.0
2025-10-21,9,塩分チャージタブ小袋塩レ,1142.61,1371,140.0,159965.0
2025-10-21,9,ネオＣＬタバコハイパー用,1142.61,1371,455.0,519888.0
2025-10-21,9,キャメルクラフト６,1142.61,1371,410.0,468470.0
2025-10-21,9,ＭＶＧパープルＭウィズ,1142.61,1371,546.0,623865.0
2025-10-21,9,ＭＶアップルＯＰプルーム,1142.61,1371,455.0,519888.0
2025-10-21,9,ＭＶシャープＣＭプルーム,1142.61,1371,455.0,519888.0
2025-10-21,9,◎チョコチップクッキー,1142.61,1371,128.0,146254.0
2025-10-21,9,ＭＶディープＲプルーム,1142.61,1371,455.0,519888.0
2025-10-21,9,◎ちいさなオールレーズン,1142.61,1371,128.0,146254.0
2025-10-21,9,◎ガトーショコラ風チョコ,1142.61,1371,165.0,188531.0
2025-10-21,9,ＭＶペア―ＯＰプルーム,1142.61,1371,455.0,519888.0
2025-10-21,9,ベースブレッドこしあん,1142.61,1371,276.0,315360.0
2025-10-21,9,ベースブレッドオレンジ,1142.61,1371,276.0,315360.0
2025-10-21,9,◎スティックサラミ,1142.61,1371,110.0,125687.0
2025-10-21,9,◎おつまみイカフライ,1142.61,1371,110.0,125687.0
2025-10-21,9,週刊　モーニング,1142.61,1371,428.0,489037.0
2025-10-21,9,ジャパンニューズ,1142.61,1371,137.0,156538.0
2025-10-21,9,スポーツ報知東日本,1142.61,1371,164.0,187388.0
2025-10-21,9,東京新聞,1142.61,1371,128.0,146254.0
2025-10-21,9,毎日新聞,1142.61,1371,146.0,166821.0
2025-10-21,9,茨城新聞,1142.61,1371,137.0,156538.0
2025-10-21,9,堅ぶつ揚げとうもろこし味,1142.61,1371,128.0,146254.0
2025-10-21,9,ガルボつぶ練り苺ＰＫＰ,1142.61,1371,175.0,199957.0
2025-10-21,9,テリアフュージョンＭ,1142.61,1371,528.0,603298.0
2025-10-21,9,テリアブラックイエローＭ,1142.61,1371,528.0,603298.0
2025-10-21,9,チョコあーんぱん袋,1142.61,1371,121.0,138256.0
2025-10-21,9,産経新聞,1142.61,1371,128.0,146254.0
2025-10-21,9,タフグミ梅マニア,1142.61,1371,238.0,271941.0
2025-10-21,9,テリアトロピカルＭ,1142.61,1371,528.0,603298.0
2025-10-21,9,ＡｐｐｌｅＧＣ＿ＶＡＲ,1142.61,1371,3250.0,3713482.0
2025-10-21,9,ラッキーＥＸカット６,1142.61,1371,428.0,489037.0
2025-10-21,9,キャメルリッチプルーム,1142.61,1371,455.0,519888.0
2025-10-21,9,ソイチキン根菜ラップ,1142.61,1371,369.0,421623.0
2025-10-21,9,ガルボポケットパック,1142.61,1371,175.0,199957.0
2025-10-21,9,クランキーＰＪクランチＣ,1142.61,1371,175.0,199957.0
2025-10-21,9,センティアＴイエロー,1142.61,1371,482.0,550738.0
2025-10-21,9,◎カリカリ梅赤小袋,1142.61,1371,184.0,210240.0
2025-10-21,9,一番搾りホワイト３５０,1142.61,1371,216.0,246804.0
2025-10-21,9,未来のレサワプレーン３４,1142.61,1371,271.0,309647.0
2025-10-21,9,ガーナザクほろ塩ミルＰＪ,1142.61,1371,177.0,202242.0
2025-10-21,9,ひとくちルマンド,1142.61,1371,162.0,185103.0
2025-10-21,9,センティアＳゴールド,1142.61,1371,482.0,550738.0
2025-10-21,9,スニッカーズピーナッツ,1142.61,1371,150.0,171391.0
2025-10-21,9,◎こだわりのフィナンシェ,1142.61,1371,135.0,154252.0
2025-10-21,9,ツナたまごサンド,1142.61,1371,246.0,281082.0
2025-10-21,9,ちびサワーズドリンクアソ,1142.61,1371,211.0,241091.0
2025-10-21,9,メントスグレープ,1142.61,1371,120.0,137113.0
2025-10-21,9,スッパイスッパイマン大作,1142.61,1371,139.0,158823.0
2025-10-21,9,ミンティアＢ濃苺,1142.61,1371,211.0,241091.0
2025-10-21,9,シゲキックス梅ソルト味,1142.61,1371,120.0,137113.0
2025-10-21,9,植物生まれマスカットグミ,1142.61,1371,148.0,169106.0
2025-10-21,9,ザ・クレープ　生チョコ,1142.61,1371,230.0,262800.0
2025-10-21,9,さけるチーズプレーン,1142.61,1371,141.0,161108.0
2025-10-21,9,ナカミグミもも味,1142.61,1371,168.0,191958.0
2025-10-21,9,◎生コッペパン（ツナ＆ポ,1142.61,1371,149.0,170249.0
2025-10-21,9,◎いちごモッチ,1142.61,1371,139.0,158823.0
2025-10-21,9,◎アップルクリームデニッ,1142.61,1371,135.0,154252.0
2025-10-21,9,◎たっぷりクリームデニッ,1142.61,1371,116.0,132543.0
2025-10-21,9,クロレッツＸＰ　オリジナ,1142.61,1371,180.0,205670.0
2025-10-21,9,ミンティアドライハード,1142.61,1371,105.0,119974.0
2025-10-21,9,ミンティアＢシャイニーピ,1142.61,1371,211.0,241091.0
2025-10-21,9,果汁グミぶどう,1142.61,1371,152.0,173677.0
2025-10-21,9,ピュレグミレモン味,1142.61,1371,150.0,171391.0
2025-10-21,9,◎サラダチキンＳハーブ,1142.61,1371,172.0,196529.0
2025-10-21,9,◎グリルチキンＢＰ,1142.61,1371,221.0,252517.0
2025-10-21,9,野菜生活シークヮーサー,1142.61,1371,118.0,134828.0
2025-10-21,9,トマトジュース食塩無添加,1142.61,1371,113.0,129115.0
2025-10-21,9,エッセンシャルズ鉄分,1142.61,1371,152.0,173677.0
2025-10-21,9,エッセンシャルズビタミン,1142.61,1371,152.0,173677.0
2025-10-21,9,ネクターピーチティー,1142.61,1371,193.0,220524.0
2025-10-21,9,◎カフェラテ　砂糖不使用,1142.61,1371,181.0,206812.0
2025-10-21,9,のむフルーチェイチゴ,1142.61,1371,249.0,284510.0
2025-10-21,9,◎のむヨーグルトいちご,1142.61,1371,162.0,185103.0
2025-10-21,9,ＯＡＴＳＩＤＥプレーン,1142.61,1371,128.0,146254.0
2025-10-21,9,激シゲキックスソーダ,1142.61,1371,120.0,137113.0
2025-10-21,9,◎サラダチキンＳスモーク,1142.61,1371,172.0,196529.0
2025-10-21,9,ブレンドＳ,1142.61,1371,135.0,154252.0
2025-10-21,9,◎グリルチキンやきとり,1142.61,1371,221.0,252517.0
2025-10-21,9,アイスコーヒーＳ,1142.61,1371,135.0,154252.0
2025-10-21,9,◎おつまみかまぼこチーズ,1142.61,1371,173.0,197672.0
2025-10-21,9,◎豆腐と枝豆のひじき和え,1142.61,1371,239.0,273084.0
2025-10-21,9,◎特製ダレの味付けたまご,1142.61,1371,304.0,347353.0
2025-10-21,9,豚しゃぶのパスタサラダ,1142.61,1371,369.0,421623.0
2025-10-21,9,豚しゃぶおろしパスタサラ,1142.61,1371,369.0,421623.0
2025-10-21,9,彩りサラダチキンサンド,1142.61,1371,399.0,455901.0
2025-10-21,9,ゆでたまご＆ハムミックス,1142.61,1371,323.0,369063.0
2025-10-21,9,焦がし醤油風グリルチキン,1142.61,1371,369.0,421623.0
2025-10-21,9,ラッキーＥＸカット１０,1142.61,1371,428.0,489037.0
2025-10-21,9,◎チョコツイスト３本入,1142.61,1371,144.0,164536.0
2025-10-21,9,生ハムとルッコラ,1142.61,1371,462.0,527886.0
2025-10-21,9,◎生コッペパン（ダブルピ,1142.61,1371,135.0,154252.0
2025-10-21,9,おいしい牛乳２００ＭＬ,1142.61,1371,133.0,151967.0
2025-10-21,9,◎白生クリームパン（ダブ,1142.61,1371,147.0,167964.0
2025-10-21,9,◎炙りいかそうめん,1142.61,1371,193.0,220524.0
2025-10-21,9,Ｗ・Ｃホワイト１・１００,1142.61,1371,491.0,561022.0
2025-10-21,9,チップスターＳ梅しそ味,1142.61,1371,158.0,180532.0
2025-10-21,9,◎フランクロール,1142.61,1371,184.0,210240.0
2025-10-21,9,メビＰメンＯＰＰ８,1142.61,1371,528.0,603298.0
2025-10-21,9,今治ＴＨ千鳥,1142.61,1371,600.0,685566.0
2025-10-21,9,つかめる実験！ふしぎ玉,1142.61,1371,180.0,205670.0
2025-10-21,9,三次元マスクふつう,1142.61,1371,350.0,399913.0
2025-10-21,9,メビウスＥＸＬＢ,1142.61,1371,528.0,603298.0
2025-10-21,9,グミチョコ苺,1142.61,1371,233.0,266228.0
2025-10-21,9,マカダミアＰＪカラメリゼ,1142.61,1371,175.0,199957.0
2025-10-21,9,たべっ子ラムネレモン味,1142.61,1371,150.0,171391.0
2025-10-21,9,ポテトＣおたくのマヨ味,1142.61,1371,190.0,217096.0
2025-10-21,9,ケントＮＳインテンスリＦ,1142.61,1371,500.0,571305.0
2025-10-21,9,メビウスＥＭＯＰＰ１Ｓ,1142.61,1371,455.0,519888.0
2025-10-21,9,３色そぼろ＆チキン南蛮弁,1142.61,1371,580.0,662714.0
2025-10-21,9,海苔巻おかき,1142.61,1371,228.0,260515.0
2025-10-21,9,レジ袋４５号,1142.61,1371,7.0,7998.0
2025-10-21,9,◎マシマシ紅しょうがせん,1142.61,1371,119.0,135971.0
2025-10-21,9,◎おこめチップスのりしお,1142.61,1371,249.0,284510.0
2025-10-21,9,メビウス１・１００ＢＯＸ,1142.61,1371,528.0,603298.0
2025-10-21,9,◎ミニクッキー,1142.61,1371,128.0,146254.0
2025-10-21,9,グリーンガム,1142.61,1371,138.0,157680.0
2025-10-21,9,◎黒ごまミニアスパラガス,1142.61,1371,119.0,135971.0
2025-10-21,9,健康のど飴梅小袋,1142.61,1371,128.0,146254.0
2025-10-21,9,メビＰメンＯＰＰ５,1142.61,1371,528.0,603298.0
2025-10-21,9,富士通ＰＲＥ　単３－４Ｐ,1142.61,1371,528.0,603298.0
2025-10-21,9,オリオンドラフト３５０,1142.61,1371,216.0,246804.0
2025-10-21,9,週刊少年マガジン,1142.61,1371,364.0,415910.0
2025-10-21,9,ｉｎバープロテインバニラ,1142.61,1371,170.0,194244.0
2025-10-21,9,◎ひとくちこしあん大福５,1142.61,1371,156.0,178247.0
2025-10-21,9,ミルク餅,1142.61,1371,130.0,148539.0
2025-10-21,9,◎有明産の海苔,1142.61,1371,121.0,138256.0
2025-10-21,9,まるごとりんごのど飴小袋,1142.61,1371,128.0,146254.0
2025-10-21,9,キットカットバー,1142.61,1371,140.0,159965.0
2025-10-21,9,グミだよ。レモネード味,1142.61,1371,166.0,189673.0
2025-10-21,9,カンデミーナＷ電撃ライチ,1142.61,1371,200.0,228522.0
2025-10-21,9,◎スパイシービーフジャー,1142.61,1371,156.0,178247.0
2025-10-21,9,ＢＳラーメンおつまみ,1142.61,1371,131.0,149682.0
2025-10-21,9,ケントトゥルータバコ,1142.61,1371,437.0,499321.0
2025-10-21,9,フェットチーネＰピーチパ,1142.61,1371,148.0,169106.0
2025-10-21,9,◎超暴君ハバネロ,1142.61,1371,128.0,146254.0
2025-10-21,9,◎ノアールミニ,1142.61,1371,119.0,135971.0
2025-10-21,9,スティックのりＰＩＴ,1142.61,1371,232.0,265086.0
2025-10-21,9,ケントＴリッチタバコ,1142.61,1371,437.0,499321.0
2025-10-21,9,クロレッツＸＰシャープミ,1142.61,1371,180.0,205670.0
2025-10-21,9,クールループド,1142.61,1371,455.0,519888.0
2025-10-21,9,ラーク・マイルド・ＢＯＸ,1142.61,1371,491.0,561022.0
2025-10-21,9,週　刊　プ　ロ　レ　ス,1142.61,1371,573.0,654716.0
2025-10-21,9,◎しっとりバウムクーヘン,1142.61,1371,167.0,190816.0
2025-10-21,9,◎つぶあんどら焼き,1142.61,1371,144.0,164536.0
2025-10-21,9,今治ＴＨドット／黒青,1142.61,1371,600.0,685566.0
2025-10-21,9,アメスピＯＬゴールド,1142.61,1371,382.0,436477.0
2025-10-21,9,ビッグ　コミック,1142.61,1371,437.0,499321.0
2025-10-21,9,グランドジャンプ,1142.61,1371,437.0,499321.0
2025-10-21,9,◎ばかうけたっぷり青のり,1142.61,1371,110.0,125687.0
2025-10-21,9,ニベアディープモイスチャ,1142.61,1371,533.0,609011.0
2025-10-21,9,ホロチャージホロライブＧ,1142.61,1371,260.0,297079.0
2025-10-21,9,トロピカーナオレンジ,1142.61,1371,150.0,171391.0
2025-10-21,9,１本満足プロテインチョコ,1142.61,1371,171.0,195386.0
2025-10-21,9,プロテインバー　チョコ,1142.61,1371,180.0,205670.0
2025-10-21,9,堅あげポテトうすしお味,1142.61,1371,179.0,204527.0
2025-10-21,9,氷結グレープフルーツ３５,1142.61,1371,168.0,191958.0
2025-10-21,9,読売新聞,1142.61,1371,164.0,187388.0
2025-10-21,9,週刊ベースボール,1142.61,1371,564.0,644432.0
2025-10-21,9,明治Ｒ－１ドリンク,1142.61,1371,149.0,170249.0
2025-10-21,9,◎瀬戸内レモンピール,1142.61,1371,167.0,190816.0
2025-10-21,9,雑貨（雑誌便）,1142.61,1371,2490.0,2845099.0
2025-10-21,9,マルボロ・メン４Ｂ,1142.61,1371,546.0,623865.0
2025-10-21,9,Ｗ・Ｃレッド８・ＢＯＸ,1142.61,1371,491.0,561022.0
2025-10-21,9,ネオＢワイルドベリー,1142.61,1371,455.0,519888.0
2025-10-21,9,ポリッピーしお味,1142.61,1371,120.0,137113.0
2025-10-21,9,特撰月餅,1142.61,1371,140.0,159965.0
2025-10-21,9,ＭＶＰＧフローズンウィズ,1142.61,1371,546.0,623865.0
2025-10-21,9,ふわもち生大福　コーヒー,1142.61,1371,138.0,157680.0
2025-10-21,9,ラー油四川風麻婆焼そば,1142.61,1371,499.0,570162.0
2025-10-21,9,サラサクリップ　赤,1142.61,1371,99.0,113118.0
2025-10-21,9,エボコールドＭ　ＰＬＭ,1142.61,1371,500.0,571305.0
2025-10-21,9,べスティＥＸ首振り,1142.61,1371,100.0,114261.0
2025-10-21,9,野菜スティック味噌マヨ,1142.61,1371,276.0,315360.0
2025-10-21,9,冷たい明太カルボナーラ,1142.61,1371,499.0,570162.0
2025-10-21,9,フレッシュ野菜サラダ,1142.61,1371,199.0,227379.0
2025-10-21,9,ミニチーズおかきお好み焼,1142.61,1371,147.0,167964.0
2025-10-21,9,メビウスＥＯＰＰ８,1142.61,1371,455.0,519888.0
2025-10-21,9,週刊少年サンデー,1142.61,1371,346.0,395343.0
2025-10-21,9,セロテープ小巻直線カッタ,1142.61,1371,220.0,251374.0
2025-10-21,9,メビウスＢ,1142.61,1371,528.0,603298.0
2025-10-21,9,洗顔シート　石けんの香り,1142.61,1371,246.0,281082.0
2025-10-21,9,ラーク・ＢＯＸ,1142.61,1371,491.0,561022.0
2025-10-21,9,日刊ゲンダイ　通常版,1142.61,1371,164.0,187388.0
2025-10-21,9,ＡｐｐｌｅＧＣ　ＶＡＲ,1142.61,1371,5000.0,5713050.0
2025-10-21,9,ＭＶマスカットＯＰＰＬＭ,1142.61,1371,455.0,519888.0
2025-10-21,9,タフグミｍｉｎｉデュオ,1142.61,1371,238.0,271941.0
2025-10-21,9,フェイシャルＰアイス,1142.61,1371,250.0,285652.0
2025-10-21,9,パリジャンサンドハムチズ,1142.61,1371,323.0,369063.0
2025-10-21,9,レインボーキューブグミ,1142.61,1371,198.0,226237.0
2025-10-21,9,冷しとろろそば,1142.61,1371,508.0,580446.0
2025-10-21,9,メビウス１００Ｂ,1142.61,1371,528.0,603298.0
2025-10-21,9,◎グリルチキン梅しそ,1142.61,1371,221.0,252517.0
2025-10-21,9,午後の紅茶　ストレート,1142.61,1371,160.0,182818.0
2025-10-21,9,ネオアイスドＭハイパー,1142.61,1371,455.0,519888.0
2025-10-21,9,じゃがりこＬ明太もんじゃ,1142.61,1371,218.0,249089.0
2025-10-21,9,◎ふんわりカステラ,1142.61,1371,119.0,135971.0
2025-10-21,9,プロテインピーナッツバタ,1142.61,1371,249.0,284510.0
2025-10-21,9,ＭＶアロマＲプルーム,1142.61,1371,473.0,540455.0
2025-10-21,9,さけるチーズとうがらし味,1142.61,1371,141.0,161108.0
2025-10-21,9,◎麻辣花生,1142.61,1371,128.0,146254.0
2025-10-21,9,無限そら豆濃塩ポーク,1142.61,1371,158.0,180532.0
2025-10-21,9,ＡｐｐｌｅＧＣ１．５千,1142.61,1371,1500.0,1713915.0
2025-10-21,9,冷シート　フローラル,1142.61,1371,462.0,527886.0
2025-10-21,9,ポカリスエット５００,1142.61,1371,150.0,171391.0
2025-10-21,9,ポッキーチョコレート,1142.61,1371,207.0,236520.0
2025-10-21,9,メビウスＥ６　１００Ｓ,1142.61,1371,455.0,519888.0
2025-10-21,9,オイコス　ストロベリー,1142.61,1371,189.0,215953.0
2025-10-21,9,センティアＣグリーン,1142.61,1371,482.0,550738.0
2025-10-21,9,デイリースポーツ,1142.61,1371,146.0,166821.0
2025-10-21,9,ハムレタスたまごサンド,1142.61,1371,265.0,302792.0
2025-10-21,9,◎高地栽培バナナ１本,1142.61,1371,130.0,148539.0
2025-10-21,9,ＣＷ晴雨兼用ミニ折傘,1142.61,1371,2014.0,2301217.0
2025-10-21,9,濃い大満足みかん,1142.61,1371,239.0,273084.0
2025-10-21,9,塩分チャージタブレッツ,1142.61,1371,238.0,271941.0
2025-10-21,9,ケントＴベリーブースト,1142.61,1371,437.0,499321.0
2025-10-21,9,朝日新聞,1142.61,1371,164.0,187388.0
2025-10-21,9,１９６無糖Ｗパイン３５,1142.61,1371,161.0,183960.0
2025-10-21,9,ケントＮＳブライトタバコ,1142.61,1371,500.0,571305.0
2025-10-21,9,◎グリルチキンゆず七味,1142.61,1371,221.0,252517.0
2025-10-21,9,エボベリーＣＲ　ＰＬＭ,1142.61,1371,500.0,571305.0
2025-10-21,9,メビウスＳＬＢ,1142.61,1371,528.0,603298.0
2025-10-21,9,エボディープＲ　ＰＬＭ,1142.61,1371,500.0,571305.0
2025-10-21,9,ＳｐｏｒｔｓＧｒａｐｈｉ,1142.61,1371,746.0,852387.0
2025-10-21,9,少年チャンピオン,1142.61,1371,364.0,415910.0
2025-10-21,9,紳士リブＳ黒,1142.61,1371,390.0,445618.0
2025-10-21,9,文庫,1142.61,1371,600.0,685566.0
2025-10-21,9,ヤング　ジャンプ,1142.61,1371,428.0,489037.0
2025-10-21,9,フリスクペパーミント,1142.61,1371,235.0,268513.0
2025-10-21,9,テリアルビーレギュラー,1142.61,1371,528.0,603298.0
2025-10-21,9,週　刊　新　潮,1142.61,1371,464.0,530171.0
2025-10-21,9,◎２種の醤油仕上げ柿ピー,1142.61,1371,167.0,190816.0
2025-10-21,9,三次元マスク大きめ,1142.61,1371,350.0,399913.0
2025-10-21,9,顔体用シート　ゴミポケ,1142.61,1371,280.0,319931.0
2025-10-21,9,炙り焼　鳥めし弁当,1142.61,1371,526.0,601013.0
2025-10-21,9,今治ＴＨ　ハート,1142.61,1371,637.0,727843.0
2025-10-21,9,スポニチ東日本,1142.61,1371,164.0,187388.0
2025-10-21,9,ざるそば,1142.61,1371,417.0,476468.0
2025-10-21,9,◎塩揚げ餅,1142.61,1371,128.0,146254.0
2025-10-21,9,ラッキーＳベリーＢ,1142.61,1371,391.0,446761.0
2025-10-21,9,◎チョコチップスコーン,1142.61,1371,149.0,170249.0
2025-10-21,9,週　刊　実　話,1142.61,1371,519.0,593015.0
2025-10-21,9,チ－ズインカレ－ハンバ－,1142.61,1371,184.0,210240.0
2025-10-21,9,マルボロミディアムＢＯＸ,1142.61,1371,546.0,623865.0
2025-10-21,9,ＧＰｌａｙバリアブル,1142.61,1371,3000.0,3427830.0
2025-10-21,9,ソフトワン使い切り１回分,1142.61,1371,121.0,138256.0
2025-10-21,9,ソルティライチ,1142.61,1371,163.0,186245.0
2025-10-21,9,果汁グミ弾力プラスいちご,1142.61,1371,225.0,257087.0
2025-10-21,9,綴じノートＢ５Ａ罫,1142.61,1371,208.0,237663.0
2025-10-21,9,ニッカン東日本（日刊スポ,1142.61,1371,164.0,187388.0
2025-10-21,9,クリニカハミガキ　ミニ,1142.61,1371,91.0,103978.0
2025-10-21,9,アメリカヘアピン,1142.61,1371,280.0,319931.0
2025-10-21,9,午後の紅茶おいしい無糖,1142.61,1371,158.0,180532.0
2025-10-21,9,折りたたみセットコーム,1142.61,1371,491.0,561022.0
2025-10-21,9,極冷感　フリージア,1142.61,1371,462.0,527886.0
2025-10-21,9,回転焼（抹茶あん）２個入,1142.61,1371,147.0,167964.0
2025-10-21,9,冷しぶっかけ豚肉うどん,1142.61,1371,554.0,633006.0
2025-10-21,9,クリニカトラベルセット,1142.61,1371,330.0,377061.0
2025-10-21,9,かっぱえびせん鳴門の塩,1142.61,1371,158.0,180532.0
2025-10-21,9,プレミアムルック清水白桃,1142.61,1371,270.0,308505.0
2025-10-21,9,ポテトチップス大人の夏味,1142.61,1371,158.0,180532.0
2025-10-21,9,フリスクＣＢフレッシュＭ,1142.61,1371,278.0,317646.0
2025-10-21,9,◎あたりめ　小,1142.61,1371,147.0,167964.0
2025-10-21,9,ハッピーターンスパイス,1142.61,1371,120.0,137113.0
2025-10-21,9,◎チョコマカダミアクッキ,1142.61,1371,184.0,210240.0
2025-10-21,9,アイスコーヒーＭ,1142.61,1371,223.0,254802.0
2025-10-21,9,Ｆ謹製塩豆大福,1142.61,1371,167.0,190816.0
2025-10-21,9,◎トルティーヤＣタコス味,1142.61,1371,128.0,146254.0
2025-10-21,9,ミニ冷し中華,1142.61,1371,369.0,421623.0
2025-10-21,9,競馬ブック,1142.61,1371,500.0,571305.0
2025-10-21,9,週刊　漫画タイムス,1142.61,1371,364.0,415910.0
2025-10-21,9,ＢＳおつまみ激辛チキン,1142.61,1371,136.0,155395.0
2025-10-21,9,東スポ競馬特別版,1142.61,1371,228.0,260515.0
2025-10-21,9,キャメルクラフト１２,1142.61,1371,410.0,468470.0
2025-10-21,9,メビウスＳＴ１　１００,1142.61,1371,528.0,603298.0
2025-10-21,9,アロンアルフア速効多用途,1142.61,1371,501.0,572448.0
2025-10-21,9,◎風味が豊かなチーズ鱈小,1142.61,1371,172.0,196529.0
2025-10-21,9,ライトニング用イヤホン,1142.61,1371,3255.0,3719196.0
2025-10-21,9,ＭＶＭミントＭプルーム,1142.61,1371,455.0,519888.0
2025-10-21,9,◎春雨スープかきたま,1142.61,1371,167.0,190816.0
2025-10-21,9,ピアニシモ・プレシアメン,1142.61,1371,519.0,593015.0
2025-10-21,9,ハイマッキー　太字　黒,1142.61,1371,136.0,155395.0
2025-10-21,9,ミックスアイス,1142.61,1371,464.0,530171.0
2025-10-21,9,コミック,1142.61,1371,520.0,594157.0
2025-10-21,9,海味鮮,1142.61,1371,120.0,137113.0
2025-10-21,9,漫　画　ゴラク,1142.61,1371,500.0,571305.0
2025-10-21,9,ビッグコミックオリジナル,1142.61,1371,437.0,499321.0
2025-10-21,9,もっちりクリームロール,1142.61,1371,313.0,357637.0
2025-10-21,9,塩チョコタルト,1142.61,1371,258.0,294793.0
2025-10-21,9,雑誌（地元発行紙）,1142.61,1371,228.0,260515.0
2025-10-21,9,アクアリッチ　エッセンス,1142.61,1371,880.0,1005497.0
2025-10-21,9,ベロブリージーマンゴーＭ,1142.61,1371,291.0,332500.0
2025-10-21,9,噛むブレスケアレモン,1142.61,1371,385.0,439905.0
2025-10-21,9,月刊　少年マガジン,1142.61,1371,637.0,727843.0
2025-10-21,9,マッキー　極細　黒,1142.61,1371,111.0,126830.0
2025-10-21,9,ネオＢレッドフルーツ,1142.61,1371,455.0,519888.0
2025-10-21,9,技のこだ割り濃厚醤油,1142.61,1371,138.0,157680.0
2025-10-21,9,さけるチーズスモーク味,1142.61,1371,141.0,161108.0
2025-10-21,9,冷シート　無香,1142.61,1371,462.0,527886.0
2025-10-21,9,大盛　明太子スパゲティ,1142.61,1371,554.0,633006.0
2025-10-21,9,ブレンドＭ,1142.61,1371,204.0,233092.0
2025-10-21,9,スポーツ報知,1142.61,1371,164.0,187388.0
2025-10-21,9,日刊スポーツ,1142.61,1371,164.0,187388.0
2025-10-21,9,競馬エイト,1142.61,1371,591.0,675283.0
2025-10-21,9,ゼロチョコレートクリスプ,1142.61,1371,220.0,251374.0
2025-10-21,9,◎ドライもも,1142.61,1371,276.0,315360.0
2025-10-21,9,メビウスＥＸＬ１００Ｂ,1142.61,1371,528.0,603298.0
2025-10-21,9,キャメルクラフト１,1142.61,1371,410.0,468470.0
2025-10-21,9,今治ＴＨＣグラデーション,1142.61,1371,600.0,685566.0
2025-10-21,9,今治ＴＨ　ストライプＢＧ,1142.61,1371,637.0,727843.0
2025-10-21,9,テリアメンソール１０Ｐ,1142.61,1371,5273.0,6024983.0
2025-10-21,9,オイコスドリンク　カフェ,1142.61,1371,248.0,283367.0
2025-10-21,9,明治ヨーグルトＲ－１,1142.61,1371,144.0,164536.0
2025-10-21,9,ネオＢマスカッット,1142.61,1371,455.0,519888.0
2025-10-21,9,夏ポテト紀州の南高梅味,1142.61,1371,179.0,204527.0
2025-10-21,9,ＧＰｌａｙ５０００,1142.61,1371,5000.0,5713050.0
2025-10-21,9,スパッシュラムネレモン,1142.61,1371,147.0,167964.0
2025-10-21,9,ラッキーＳトロピカルＢ,1142.61,1371,391.0,446761.0
2025-10-21,9,スフレ・プリン,1142.61,1371,306.0,349639.0
2025-10-21,9,スポーツニッポン,1142.61,1371,164.0,187388.0
2025-10-21,9,エボルタＮＥＯ単３－４Ｐ,1142.61,1371,659.0,752980.0
2025-10-21,9,アスティーグ肌　Ｌ,1142.61,1371,600.0,685566.0
2025-10-21,9,消しゴム　ＭＯＮＯ,1142.61,1371,110.0,125687.0
2025-10-21,9,キャップ付鉛筆３Ｐ,1142.61,1371,180.0,205670.0
2025-10-21,9,ケント・１・ＫＳ・ＢＯＸ,1142.61,1371,473.0,540455.0
2025-10-21,9,スーパーグリップシャープ,1142.61,1371,100.0,114261.0
2025-10-21,9,ショートＳ灰緑／白小,1142.61,1371,390.0,445618.0
2025-10-21,9,ソルティグレフルグミ,1142.61,1371,184.0,210240.0
2025-10-21,9,うまイチュウ青りんご味,1142.61,1371,127.0,145111.0
2025-10-21,9,ペタグーシャインマスカッ,1142.61,1371,150.0,171391.0
2025-10-21,9,クールマイルド・ＢＯＸ,1142.61,1371,528.0,603298.0
2025-10-21,9,マロッシュラムネ味,1142.61,1371,159.0,181675.0
2025-10-21,9,アポロマイスタイル,1142.61,1371,247.0,282225.0
2025-10-21,9,◎夏のベイクドチーズＣ,1142.61,1371,138.0,157680.0
2025-10-21,9,パイの実レアチーズケーキ,1142.61,1371,238.0,271941.0
2025-10-21,9,ビッグコミックスピリッツ,1142.61,1371,464.0,530171.0
2025-10-21,9,塩キャラメルプリン,1142.61,1371,230.0,262800.0
2025-10-21,9,クロレッツＸＰ　クリアミ,1142.61,1371,180.0,205670.0
2025-10-21,9,ライトニング電池式６本,1142.61,1371,2346.0,2680563.0
2025-10-21,9,多当仏　御霊前,1142.61,1371,87.0,99407.0
2025-10-21,9,テリヤキチキンたまごコぺ,1142.61,1371,323.0,369063.0
2025-10-21,9,ワンピデッキシャンクス,1142.61,1371,500.0,571305.0
2025-10-21,9,◎ばんそうこう３サイズ,1142.61,1371,362.0,413625.0
2025-10-21,9,◎塩キャラメルケーキタ３,1142.61,1371,167.0,190816.0
2025-10-21,9,Ｃボス　地中海スカッシュ,1142.61,1371,166.0,189673.0
2025-10-21,9,マッチ　５００,1142.61,1371,150.0,171391.0
2025-10-21,9,テリアスムースＲ１０Ｐ,1142.61,1371,5273.0,6024983.0
2025-10-21,9,こだわり酒場のレモン３５,1142.61,1371,161.0,183960.0
2025-10-21,9,狩人めしエナジードリンク,1142.61,1371,125.0,142826.0
2025-10-21,9,サントリー生ビール３５０,1142.61,1371,212.0,242233.0
2025-10-21,9,北海道生ビール３５０,1142.61,1371,216.0,246804.0
2025-10-21,9,◎やわらか燻製さきいか,1142.61,1371,184.0,210240.0
2025-10-21,9,◎とうふとわかめ,1142.61,1371,121.0,138256.0
2025-10-21,9,青磯海苔　まぐろたくあん,1142.61,1371,187.0,213668.0
2025-10-21,9,ザバスチョコレート２００,1142.61,1371,205.0,234235.0
2025-10-21,9,大粒ラムネアイスボックス,1142.61,1371,161.0,183960.0
2025-10-21,9,男梅サワー梅涼し３５０,1142.61,1371,187.0,213668.0
2025-10-21,9,もち麦　新生姜とわかめ,1142.61,1371,163.0,186245.0
2025-10-21,9,紳士くるぶし丈Ｓ黒,1142.61,1371,390.0,445618.0
2025-10-21,9,ショートＳ灰緑／白大,1142.61,1371,390.0,445618.0
2025-10-21,9,漬け真鯛おむすび,1142.61,1371,260.0,297079.0
2025-10-21,9,こってり炒飯おむすび,1142.61,1371,166.0,189673.0
2025-10-21,9,手巻寿司　ばくだん納豆,1142.61,1371,207.0,236520.0
2025-10-21,9,茶流彩彩　コーン茶,1142.61,1371,110.0,125687.0
2025-10-21,9,◎どかっとベーコンチーズ,1142.61,1371,139.0,158823.0
2025-10-21,9,ＢＩＧあらびきソーセージ,1142.61,1371,150.0,171391.0
2025-10-21,9,◎クランベリー＆チーズク,1142.61,1371,147.0,167964.0
2025-10-21,9,◎塩バターパン（チョコク,1142.61,1371,156.0,178247.0
2025-10-21,9,３種のミックスサンド,1142.61,1371,298.0,340498.0
2025-10-21,9,ネオＢトロピカルハイパー,1142.61,1371,455.0,519888.0
2025-10-21,9,ブラックＴココナッツ小袋,1142.61,1371,128.0,146254.0
2025-10-21,9,ぷっちょＳＴ瀬戸内レモン,1142.61,1371,118.0,134828.0
2025-10-21,9,みんなのレモネード,1142.61,1371,212.0,242233.0
2025-10-21,9,オレンジもちとろクリーム,1142.61,1371,184.0,210240.0
2025-10-21,9,まるごとバナナ,1142.61,1371,260.0,297079.0
2025-10-21,9,８×４ロールオンせっけん,1142.61,1371,641.0,732413.0
2025-10-21,9,ノンシュガー塩果実キャン,1142.61,1371,211.0,241091.0
2025-10-21,9,◎ふんわりとしたパンケ８,1142.61,1371,172.0,196529.0
2025-10-21,9,つくね＆鶏そぼろごはん,1142.61,1371,313.0,357637.0
2025-10-21,9,ＩＱＯＳｉＯＭブラック,1142.61,1371,3619.0,4135106.0
2025-10-21,9,◎焼きカレーパン３個入,1142.61,1371,184.0,210240.0
2025-10-21,9,プライドポテト神戸ビーフ,1142.61,1371,168.0,191958.0
2025-10-21,9,堅あげ焼きとうもろこし,1142.61,1371,179.0,204527.0
2025-10-21,9,◎Ｆボスブラック　４５０,1142.61,1371,130.0,148539.0
2025-10-21,9,コアラのマーチ練乳ミルク,1142.61,1371,177.0,202242.0
2025-10-21,9,ＰＧスパイシーチキンＳ缶,1142.61,1371,168.0,191958.0
2025-10-21,9,ハニーミルクティー,1142.61,1371,230.0,262800.0
2025-10-21,9,果汁グミすいか,1142.61,1371,152.0,173677.0
2025-10-21,9,カスタムプラスＥＸ首振り,1142.61,1371,398.0,454759.0
2025-10-21,9,ツナとたまごサンド,1142.61,1371,265.0,302792.0
2025-10-21,9,◎塩チョコフィナンシェ,1142.61,1371,167.0,190816.0
2025-10-21,9,大盛豚肉とねぎの塩焼そば,1142.61,1371,554.0,633006.0
2025-10-21,9,純連冷し味噌ラーメン,1142.61,1371,599.0,684423.0
2025-10-21,9,フルーツの沼メロン＆白桃,1142.61,1371,230.0,262800.0
2025-10-21,9,トルティーヤ豚生姜ハムチ,1142.61,1371,369.0,421623.0
2025-10-21,9,ぷっちょイカゲーム第二弾,1142.61,1371,193.0,220524.0
2025-10-21,9,Ｗ・Ｃホワイト３ＢＯＸ,1142.61,1371,491.0,561022.0
2025-10-21,9,毎日新聞（１都６県静０１,1142.61,1371,,
2025-10-21,9,東京スポーツ（１都６県静,1142.61,1371,,
2025-10-21,9,東京新聞（１都６県静０１,1142.61,1371,,
2025-10-21,9,スポーツ報知（関東東北北,1142.61,1371,,
2025-10-21,9,日刊ゲンダイ（１都６県静,1142.61,1371,,
2025-10-21,9,納豆細巻寿司（２巻増量）,1142.61,1371,389.0,444475.0
2025-10-21,9,ＪＴニューヨーク（旧：ヘ,1142.61,1371,,
2025-10-21,9,読売新聞（１都６県静０１,1142.61,1371,,
2025-10-21,9,日本経済新聞（静０５）,1142.61,1371,,
2025-10-21,9,朝日新聞（宮山梨静０５以,1142.61,1371,,
2025-10-21,9,ＴｈｅＪａｐａｎＮｅｗｓ,1142.61,1371,,
2025-10-21,9,産経新聞（宮山梨静０５以,1142.61,1371,,
2025-10-21,9,プロテインキャラメル,1142.61,1371,249.0,284510.0
2025-10-21,9,キャメルクラフトＭＢ５,1142.61,1371,410.0,468470.0
2025-10-21,9,◎どかっとテリマヨチキン,1142.61,1371,135.0,154252.0
2025-10-21,9,スポニチ（山梨静０５以外,1142.61,1371,,
2025-10-21,9,デイリースポーツ（１都６,1142.61,1371,,
2025-10-21,9,サンスポ（山梨静０５以外,1142.61,1371,,
2025-10-21,9,日刊スポ（山梨静０５以外,1142.61,1371,,
2025-10-21,9,婦人リブＳ白,1142.61,1371,390.0,445618.0
2025-10-21,9,◎こだわりのバタークッキ,1142.61,1371,239.0,273084.0
2025-10-21,9,Ｆはちみつ＆マーガリンの,1142.61,1371,147.0,167964.0
2025-10-21,9,男梅シート,1142.61,1371,200.0,228522.0
2025-10-21,9,ＧＰｌａｙ３０００,1142.61,1371,3000.0,3427830.0
2025-10-21,9,Ｓスター１０Ｂ,1142.61,1371,546.0,623865.0
2025-10-21,9,オイコス　パッションフル,1142.61,1371,189.0,215953.0
2025-10-21,9,コーヒー用氷Ｓ,1142.61,1371,,
2025-10-21,9,◎冷スープかぼちゃと人参,1142.61,1371,332.0,379347.0
2025-10-21,9,ＣＷ晴雨兼用スリム折傘,1142.61,1371,2014.0,2301217.0
2025-10-21,9,セブンスター１０Ｐ,1142.61,1371,5455.0,6232938.0
2025-10-21,9,フライドチキン＆ハンバー,1142.61,1371,555.0,634149.0
2025-10-21,9,ケントエス・スパーク５,1142.61,1371,455.0,519888.0
2025-10-21,9,Ｃ玄米ブラン贅沢ミルク,1142.61,1371,180.0,205670.0
2025-10-21,9,Ｃ玄米ブラン　カカオ,1142.61,1371,155.0,177105.0
2025-10-21,9,ブルガリアＹＯマスカット,1142.61,1371,185.0,211383.0
2025-10-21,9,激辛韓国風焼そば,1142.61,1371,510.0,582731.0
2025-10-21,9,◎フルーツＣ塩レモン,1142.61,1371,276.0,315360.0
2025-10-21,9,沖縄黒糖のブラウにゃー,1142.61,1371,220.0,251374.0
2025-10-21,9,カントリーＭ塩バニラアイ,1142.61,1371,145.0,165678.0
2025-10-21,9,シングルモルト白州１８０,1142.61,1371,1950.0,2228090.0
2025-10-21,9,週刊ＴＶガイド（関東版）,1142.61,1371,,
2025-10-21,9,その他３口座売上,1142.61,1371,649.0,741554.0
2025-10-21,9,竹箸　５００膳,1142.61,1371,,
2025-10-21,9,ＴＶＬＩＦＥ　首都圏版,1142.61,1371,,
2025-10-21,9,コーヒー用氷Ｍ,1142.61,1371,,
2025-10-21,9,ａｎａｎ（アンアン）,1142.61,1371,,
2025-10-21,9,コーヒーリッドＭ,1142.61,1371,,
2025-10-21,9,今治ＴＨフジＲ２５,1142.61,1371,637.0,727843.0
2025-10-21,9,ストローレスリッド,1142.61,1371,,
2025-10-21,9,しあわせ素肌ミニ夜用,1142.61,1371,162.0,185103.0
2025-10-21,9,ニンフィアゼリードリンク,1142.61,1371,249.0,284510.0
2025-10-21,9,新・値下シール３０円,1142.61,1371,,
2025-10-21,9,ＣＷ折りたたみ耐風傘,1142.61,1371,2014.0,2301217.0
2025-10-21,9,サンデー毎日,1142.61,1371,600.0,685566.0
2025-10-21,9,カフェカップＳ,1142.61,1371,,
2025-10-21,9,塩分チャージタブ小袋,1142.61,1371,140.0,159965.0
2025-10-21,9,週刊　女性セブン,1142.61,1371,482.0,550738.0
2025-10-21,9,第１０７回全国高校野球選,1142.61,1371,,
2025-10-21,9,お泊まりスキンケアセット,1142.61,1371,380.0,434192.0
2025-10-21,9,楽天ギフトバリアブル,1142.61,1371,10500.0,11997405.0
2025-10-21,9,ＡＥＲＡ（アエラ）,1142.61,1371,591.0,675283.0
2025-10-21,9,なめらか食感水ようかん,1142.61,1371,158.0,180532.0
2025-10-21,9,トマトベーコンパスタサラ,1142.61,1371,389.0,444475.0
2025-10-21,9,ベ　ス　ト　カ　ー,1142.61,1371,537.0,613582.0
2025-10-21,9,ポケカ拡張ステラ,1142.61,1371,164.0,187388.0
2025-10-21,9,ベロＢマンゴーＭ５Ｐ,1142.61,1371,1455.0,1662498.0
2025-10-21,9,明太マヨいか天,1142.61,1371,130.0,148539.0
2025-10-21,9,マウスＷクリア８０ＭＬ,1142.61,1371,200.0,228522.0
2025-10-21,9,こんがりパンポタージュ,1142.61,1371,170.0,194244.0
2025-10-21,9,クラフトテープ　１巻,1142.61,1371,,
2025-10-21,9,タリーズブラック３９０,1142.61,1371,158.0,180532.0
2025-10-21,9,アルバトロス・ビュー,1142.61,1371,,
2025-10-21,9,テリアレギュラー１０Ｐ,1142.61,1371,5273.0,6024983.0
2025-10-21,9,発注レジ袋１２号バイオマ,1142.61,1371,,
2025-10-21,9,ショコラ＆ホイップパイ,1142.61,1371,239.0,273084.0
2025-10-21,9,ビッグコミックスペリオー,1142.61,1371,464.0,530171.0
2025-10-21,9,ネイビーやまがた県民手帳,1142.61,1371,500.0,571305.0
2025-10-21,9,塩レモンクッキーシュー,1142.61,1371,204.0,233092.0
2025-10-21,9,アスティーグ黒　Ｍ,1142.61,1371,600.0,685566.0
2025-10-21,9,しょうが香る冷し薬味そば,1142.61,1371,,
2025-10-21,9,明太海苔弁当,1142.61,1371,555.0,634149.0
2025-10-21,9,東京スポーツ競馬特別版,1142.61,1371,,
2025-10-21,9,夏ポテト対馬の浜御塩味,1142.61,1371,179.0,204527.0
2025-10-21,9,優馬（関東山形福島）,1142.61,1371,,
2025-10-21,9,日刊競馬（関東山形福島）,1142.61,1371,,
2025-10-21,9,勝馬（関東山形福島）,1142.61,1371,,
2025-10-21,9,競友（関東福島）,1142.61,1371,,
2025-10-21,9,競馬エイト（関東福島）,1142.61,1371,,
2025-10-21,9,競馬ブック（関東山形福島,1142.61,1371,,
2025-10-21,9,馬サブロー（１都６県宮城,1142.61,1371,,
2025-10-21,9,研究（関東山形福島）,1142.61,1371,,
2025-10-21,9,リルＨリキッドＣ,1142.61,1371,73.0,83411.0
2025-10-21,9,ネックバンドイヤホン　黒,1142.61,1371,3164.0,3615218.0
2025-10-21,9,天使のチーズケーキ,1142.61,1371,230.0,262800.0
2025-10-21,9,プレジデント,1142.61,1371,,
2025-10-21,9,ＰＯＳレジロール５０巻,1142.61,1371,,
2025-10-21,9,ペーパータオルＢＳ,1142.61,1371,,
2025-10-21,9,ＪＴオンサンデー（旧：ジ,1142.61,1371,,
2025-10-21,9,コーヒーフレッシュ,1142.61,1371,,
2025-10-21,9,ダーク豆（ＵＣＣ）,1142.61,1371,,
2025-10-21,9,ピース（２０本）,1142.61,1371,546.0,623865.0
2025-10-21,9,２５０円スポーツ,1142.61,1371,228.0,260515.0
2025-10-21,9,ワンピデッキ緑黄ヤマト,1142.61,1371,500.0,571305.0
2025-10-21,9,ワンピデッキ紫黒ルフィ,1142.61,1371,500.0,571305.0
2025-10-21,9,婦人クルーＳ黒,1142.61,1371,390.0,445618.0
2025-10-21,9,ワンピデッキ　バギー,1142.61,1371,500.0,571305.0
2025-10-21,9,ハミガキハブラシセット,1142.61,1371,448.0,511889.0
2025-10-21,9,ＬストライクＢ,1142.61,1371,564.0,644432.0
2025-10-21,9,備蓄米１Ｋｇ,1142.61,1371,,
2025-10-21,9,ｉｎバー　ベイクドビター,1142.61,1371,170.0,194244.0
2025-10-21,9,２ＷＡＹマーカーピンク,1142.61,1371,180.0,205670.0
2025-10-21,9,ガムシロップ,1142.61,1371,,
2025-10-21,9,備蓄米　１ｋｇ,1142.61,1371,360.0,411340.0
2025-10-21,9,堅ぶつ旨塩,1142.61,1371,128.0,146254.0
2025-10-21,9,◎人気のミックスナッツ,1142.61,1371,360.0,411340.0
2025-10-21,9,うるおいさらっとジェル,1142.61,1371,248.0,283367.0
2025-10-21,9,ワンピデッキジュエリー,1142.61,1371,500.0,571305.0
2025-10-21,9,Ｃボス　フルーツエード,1142.61,1371,143.0,163393.0
2025-10-21,9,紅茶花伝　ミルクティー,1142.61,1371,155.0,177105.0
2025-10-21,9,週刊　プレイボーイ,1142.61,1371,591.0,675283.0
2025-10-21,9,今治ＴＨ２５春の色白,1142.61,1371,600.0,685566.0
2025-10-21,9,週　刊　大　衆,1142.61,1371,437.0,499321.0
2025-10-21,9,サクレグミレモン＆梨,1142.61,1371,208.0,237663.0
2025-10-21,9,つぶ塩梅,1142.61,1371,158.0,180532.0
2025-10-21,9,パーラメント１００ＢＯＸ,1142.61,1371,564.0,644432.0
2025-10-21,9,あの夏のラムネグミ,1142.61,1371,167.0,190816.0
2025-10-21,9,濃厚カスタードシュー,1142.61,1371,156.0,178247.0
2025-10-21,9,オレンジパンチ３５０,1142.61,1371,161.0,183960.0
2025-10-21,9,全粒粉サラダチキンたまご,1142.61,1371,369.0,421623.0
2025-10-21,9,パリジャン３種ミート,1142.61,1371,348.0,397628.0
2025-10-21,9,センテＩブラック１０Ｐ,1142.61,1371,4819.0,5506238.0
2025-10-21,9,炭火焼うなぎおむすび,1142.61,1371,369.0,421623.0
2025-10-21,9,海鮮サラダおむすび,1142.61,1371,147.0,167964.0
2025-10-21,9,おろしタツタ弁当（わかめ,1142.61,1371,598.0,683281.0
2025-10-21,9,ビーフハンバーグのロコモ,1142.61,1371,647.0,739269.0
2025-10-21,9,ＳＰＡＭ　玉子焼き,1142.61,1371,313.0,357637.0
2025-10-21,9,週刊　東洋経済,1142.61,1371,864.0,987215.0
2025-10-21,9,エ　コ　ノ　ミ　ス　ト,1142.61,1371,,
2025-10-21,9,テリアリッチＲ１０Ｐ,1142.61,1371,5273.0,6024983.0
2025-10-21,9,ＹＯＵＮＧ　ＫＩＮＧ（ヤ,1142.61,1371,464.0,530171.0
2025-10-21,9,野菜生活巨峰,1142.61,1371,118.0,134828.0
2025-10-21,9,ブーストバイツ,1142.61,1371,240.0,274226.0
2025-10-21,9,専炭治郎の抹茶クリームロ,1142.61,1371,158.0,180532.0
2025-10-21,9,銀鮭と煮物の幕の内弁当,1142.61,1371,555.0,634149.0
2025-10-21,9,鬼滅の刃フルーツオレ,1142.61,1371,249.0,284510.0
2025-10-21,9,アサイーボウルドリンク,1142.61,1371,249.0,284510.0
2025-10-21,9,◎生スコーン６個入（チー,1142.61,1371,172.0,196529.0
2025-10-21,9,サンド寿司　サーモン,1142.61,1371,334.0,381632.0
2025-10-21,9,Ｆ伊之助のほわほわ大福,1142.61,1371,125.0,142826.0
2025-10-21,9,Ｆ水柱の水まんじゅう（ラ,1142.61,1371,149.0,170249.0
2025-10-21,9,◎マラサダ（マカダミアチ,1142.61,1371,147.0,167964.0
2025-10-21,9,専胡蝶しのぶの藤色メロン,1142.61,1371,165.0,188531.0
2025-10-21,9,◎Ｆボス　ラテ　４５０,1142.61,1371,139.0,158823.0
2025-10-21,9,新Ｅプリンター用インク青,1142.61,1371,,
2025-10-21,9,◎レモネードソーダ,1142.61,1371,186.0,212525.0
2025-10-21,9,翠ジンソーダ３５０,1142.61,1371,194.0,221666.0
2025-10-21,9,ＳＰＡ！（スパ！）,1142.61,1371,573.0,654716.0
2025-10-21,9,半熟たまご大盛冷しうどん,1142.61,1371,554.0,633006.0
2025-10-21,9,ライオンカフェオレ,1142.61,1371,208.0,237663.0
2025-10-21,9,台湾風まぜそば,1142.61,1371,599.0,684423.0
2025-10-21,9,週刊女性自身,1142.61,1371,500.0,571305.0
2025-10-21,9,週刊ゴルフダイジェスト,1142.61,1371,573.0,654716.0
2025-10-21,9,クア・アイナテリチキン,1142.61,1371,369.0,421623.0
2025-10-21,9,フライドサイミン,1142.61,1371,,
2025-10-21,9,週刊アサヒ芸能,1142.61,1371,564.0,644432.0
2025-10-21,9,マカダミアパンケーキ,1142.61,1371,323.0,369063.0
2025-10-21,9,ＦＬＡＳＨ　（フラッシュ,1142.61,1371,664.0,758693.0
2025-10-21,9,ミンティアグレープ,1142.61,1371,105.0,119974.0
2025-10-21,9,健康のど飴冷やし飴小袋,1142.61,1371,138.0,157680.0
2025-10-21,9,コアラのマーチいちご,1142.61,1371,164.0,187388.0
2025-10-21,9,◎ハムエッグデニッシュ２,1142.61,1371,135.0,154252.0
2025-10-21,9,週　刊　女　性,1142.61,1371,,
2025-10-21,9,透明プリン？マンゴー？,1142.61,1371,194.0,221666.0
2025-10-21,9,青ねぎと蒸し鶏のパスタ,1142.61,1371,462.0,527886.0
2025-10-21,9,２０品目のサラダ,1142.61,1371,276.0,315360.0
2025-10-21,9,ベロＭＰミントＸインテン,1142.61,1371,310.0,354209.0
2025-10-21,9,◎りんごカスタードデニ４,1142.61,1371,167.0,190816.0
2025-10-21,9,◎ハムチーズクロワッサン,1142.61,1371,135.0,154252.0
2025-10-21,9,紳士ショートＳ黒,1142.61,1371,390.0,445618.0
2025-10-21,9,ラインＳ２５夏の色白大,1142.61,1371,390.0,445618.0
2025-10-21,9,カルピスＰマンゴーピーチ,1142.61,1371,170.0,194244.0
2025-10-21,9,ブリーフ団イカ墨まぜそば,1142.61,1371,369.0,421623.0
2025-10-21,9,江頭　激辛豚骨ラーメン,1142.61,1371,369.0,421623.0
2025-10-21,9,ラークウルトラ１・１００,1142.61,1371,491.0,561022.0
2025-10-21,9,◎ひとくち濃厚梅だれせん,1142.61,1371,139.0,158823.0
2025-10-21,9,ミニチーズおかきガーリッ,1142.61,1371,150.0,171391.0
2025-10-21,9,◎瀬戸内レモンのドーナツ,1142.61,1371,139.0,158823.0
2025-10-21,9,キリン晴れ風３５０,1142.61,1371,216.0,246804.0
2025-10-21,9,Ｇファイトシャープ芯ＨＢ,1142.61,1371,200.0,228522.0
2025-10-21,9,最強王図鑑激闘バトルグミ,1142.61,1371,193.0,220524.0
2025-10-21,9,すっぱいぶどうグミ,1142.61,1371,100.0,114261.0
2025-10-21,9,レインコートＭ,1142.61,1371,687.0,784973.0
2025-10-21,9,オイコス　レモン＆ハニー,1142.61,1371,179.0,204527.0
2025-10-21,9,４５Ｌ半透明ゴミ袋,1142.61,1371,,
2025-10-21,9,レジ従業員金庫引継ノート,1142.61,1371,,
2025-10-21,9,◎生コッペパン（ハムカツ,1142.61,1371,167.0,190816.0
2025-10-21,9,振って塩こんぶキャベツ,1142.61,1371,221.0,252517.0
2025-10-21,9,センティアＦエメラルド,1142.61,1371,482.0,550738.0
2025-10-21,9,サンカット　ＵＶスプレー,1142.61,1371,798.0,911803.0
2025-10-21,9,抹茶シベリア３個入,1142.61,1371,230.0,262800.0
2025-10-21,9,ライト豆（ＵＣＣ）,1142.61,1371,,
2025-10-21,9,ターザン,1142.61,1371,728.0,831820.0
2025-10-21,9,ジャージー牛乳プリン,1142.61,1371,178.0,203385.0
2025-10-21,9,ＡｐｐｌｅＧＣ＿５千,1142.61,1371,5000.0,5713050.0
2025-10-21,9,ベロスピッフィーＳミント,1142.61,1371,291.0,332500.0
2025-10-21,9,センテＣシルバー１０Ｐ,1142.61,1371,4819.0,5506238.0
2025-10-21,9,電卓　１２桁,1142.61,1371,1280.0,1462541.0
2025-10-21,9,ライトニングイヤホン変換,1142.61,1371,1982.0,2264653.0
2025-10-21,9,ＦＲＩＤＡＹ（フライデー,1142.61,1371,710.0,811253.0
2025-10-21,9,オレンジページ,1142.61,1371,544.0,621580.0
2025-10-21,9,ミルクソースのシフォン,1142.61,1371,369.0,421623.0
2025-10-21,9,ネオチルドＭハイパー用,1142.61,1371,455.0,519888.0
2025-10-21,9,カーセンサー東日本版,1142.61,1371,,
2025-10-21,9,Ｗｅｄｇｅ（ウェッジ）,1142.61,1371,,
2025-10-21,9,週　刊　ポ　ス　ト,1142.61,1371,519.0,593015.0
2025-10-21,9,ＵＳＢーＣ用イヤホン黒,1142.61,1371,2164.0,2472608.0
2025-10-21,9,Ｎｅｗｔｏｎ（ニュートン,1142.61,1371,1082.0,1236304.0
2025-10-21,9,パリパリ麺サラダ,1142.61,1371,369.0,421623.0
2025-10-21,9,カーセンサー首都圏版,1142.61,1371,,
2025-10-21,9,新Ｅプリンター用インク赤,1142.61,1371,,
2025-10-21,9,新Ｅプリンター用インク黒,1142.61,1371,,
2025-10-21,9,ネオＢマスカット,1142.61,1371,455.0,519888.0
2025-10-21,9,ＩＱＯＳｉＯＢブルー,1142.61,1371,3619.0,4135106.0
2025-10-21,9,クール・ＢＯＸ,1142.61,1371,528.0,603298.0
2025-10-21,9,アルカリ水クリーナ－詰替,1142.61,1371,,
2025-10-21,9,やまがた県民手帳ブラック,1142.61,1371,500.0,571305.0
2025-10-21,9,ごまだれ冷し中華,1142.61,1371,554.0,633006.0
2025-10-21,9,Ｓスター７Ｂ,1142.61,1371,546.0,623865.0
2025-10-21,9,綾鷹　濃い緑茶　６５０,1142.61,1371,158.0,180532.0
2025-10-21,9,ＵＳＢ－Ｃ電池充電器,1142.61,1371,1710.0,1953863.0
2025-10-21,9,氷結無糖スモモ３５０,1142.61,1371,168.0,191958.0
2025-10-21,9,ゼロシュガーフリーチョコ,1142.61,1371,220.0,251374.0
2025-10-21,9,トッポ,1142.61,1371,209.0,238805.0
2025-10-21,9,コーヒーリッド黒Ｓ,1142.61,1371,,
2025-10-21,9,カフェカップＭ,1142.61,1371,,
2025-10-21,9,◎フルーツミックス５００,1142.61,1371,112.0,127972.0
2025-10-21,9,◎南高梅うす塩個食,1142.61,1371,131.0,149682.0
2025-10-21,9,◎南高梅はちみつ入個食,1142.61,1371,131.0,149682.0
2025-10-21,9,◎生コッペパン（厚ぎりと,1142.61,1371,230.0,262800.0
2025-10-21,9,綾鷹　６５０,1142.61,1371,158.0,180532.0
2025-10-21,9,サントリー天然水　５５０,1142.61,1371,118.0,134828.0
2025-10-21,9,烏龍茶　６００,1142.61,1371,158.0,180532.0
2025-10-21,9,鮭わかめおむすび,1142.61,1371,139.0,158823.0
2025-10-21,9,つぶグミＰ濃厚マンゴー,1142.61,1371,198.0,226237.0
2025-10-21,9,ケント・６・１００ＢＯＸ,1142.61,1371,473.0,540455.0
2025-10-21,9,４Ｄグミ旅路のマジックア,1142.61,1371,221.0,252517.0
2025-10-21,9,モチド富良野メロン味,1142.61,1371,171.0,195386.0
2025-10-21,9,三ツ矢　ひんやり和梨,1142.61,1371,160.0,182818.0
2025-10-21,9,備蓄米　２Ｋｇ,1142.61,1371,,
2025-10-21,9,◎生コッペパン（チョコバ,1142.61,1371,135.0,154252.0
2025-10-21,9,ビスコ発酵バター,1142.61,1371,156.0,178247.0
2025-10-21,9,銀座ライオンビヤ３５０,1142.61,1371,216.0,246804.0
2025-10-21,9,◎プリンみたいなパン,1142.61,1371,119.0,135971.0
2025-10-21,9,善逸たまごＢＯＸＤ２,1142.61,1371,425.0,485609.0
2025-10-21,9,炭治郎＆義勇おむ２,1142.61,1371,369.0,421623.0
2025-10-21,9,はみでたチキンカツバーガ,1142.61,1371,369.0,421623.0
2025-10-21,9,国チキンとゴーダとたまご,1142.61,1371,443.0,506176.0
2025-10-21,9,海苔監修　手巻たまごかけ,1142.61,1371,185.0,211383.0
2025-10-21,9,手巻ベーコン＆コーンマヨ,1142.61,1371,184.0,210240.0
2025-10-21,9,◎桃大福,1142.61,1371,147.0,167964.0
2025-10-21,9,まるで鶏皮のようなＰＣ,1142.61,1371,176.0,201099.0
2025-10-21,9,Ｌｉｐｔｏｎチャームグミ,1142.61,1371,350.0,399913.0
2025-10-21,9,◎サーターアンダギー６個,1142.61,1371,165.0,188531.0
2025-10-21,9,週　刊　現　代,1142.61,1371,546.0,623865.0
2025-10-21,9,７０Ｌ半透明ゴミ袋,1142.61,1371,,
2025-10-21,9,スウェディッシュキャンデ,1142.61,1371,498.0,569020.0
2025-10-21,9,一粒梅おむすび,1142.61,1371,241.0,275369.0
2025-10-21,9,大粒ラムネ強炭酸シュワコ,1142.61,1371,133.0,151967.0
2025-10-21,9,きりっと果実　ピンクＧＦ,1142.61,1371,159.0,181675.0
2025-10-21,9,サラダラップチキンサルサ,1142.61,1371,348.0,397628.0
2025-10-21,9,新旧両用）ペーパフィルタ,1142.61,1371,,
2025-10-21,9,くりーむパン　カスタード,1142.61,1371,260.0,297079.0
2025-10-21,9,◎桃パウンドケーキ,1142.61,1371,165.0,188531.0
2025-10-21,9,めっちゃふくらむフーセン,1142.61,1371,158.0,180532.0
2025-10-21,9,しゃりｉｎグミソーダ味,1142.61,1371,168.0,191958.0
2025-10-21,9,すだち明太クリームうどん,1142.61,1371,462.0,527886.0
2025-10-21,9,岩下の新生姜いなり寿司,1142.61,1371,185.0,211383.0
2025-10-21,9,◎のむヨーグルトメロン,1142.61,1371,195.0,222809.0
2025-10-21,9,レモンチーズケーキ,1142.61,1371,156.0,178247.0
2025-10-21,9,バター醤油パスタ,1142.61,1371,426.0,486752.0
2025-10-21,9,りんごの目覚め,1142.61,1371,276.0,315360.0
2025-10-21,9,ミンティア宮崎日向夏,1142.61,1371,105.0,119974.0
2025-10-21,9,生ラムネ玉,1142.61,1371,152.0,173677.0
2025-10-21,9,タリーズ　無糖ラテ,1142.61,1371,170.0,194244.0
2025-10-21,9,名札バッジ　２個入,1142.61,1371,,
2025-10-21,9,フエラムネサイダー第２弾,1142.61,1371,138.0,157680.0
2025-10-21,9,たべっ子水族館ソルティ,1142.61,1371,170.0,194244.0
2025-10-21,9,マーブルパウチ,1142.61,1371,215.0,245661.0
2025-10-21,9,ドリトス激辛ナチョチーズ,1142.61,1371,180.0,205670.0
2025-10-21,9,ピンクグレープフルーツア,1142.61,1371,186.0,212525.0
2025-10-21,9,野菜生活ベリーサラダ,1142.61,1371,113.0,129115.0
2025-10-21,9,フルーツこれ１本ビタミン,1142.61,1371,150.0,171391.0
2025-10-21,9,Ｙｏｕｎｇ　ｃｈａｍｐｉ,1142.61,1371,410.0,468470.0
2025-10-21,9,ゆず塩ラーメンサラダ,1142.61,1371,389.0,444475.0
2025-10-21,9,◎お好み焼＆塩焼そば,1142.61,1371,,
2025-10-21,9,牛スープの旨み盛岡風冷麺,1142.61,1371,536.0,612439.0
2025-10-21,9,冷し鶏天タルタルうどん,1142.61,1371,599.0,684423.0
2025-10-21,9,オレンジ,1142.61,1371,315.0,359922.0
2025-10-21,9,グレープフルーツ,1142.61,1371,276.0,315360.0
2025-10-21,9,ラインＳＣ白１９－２２,1142.61,1371,390.0,445618.0
2025-10-21,9,備蓄米　２ｋｇ,1142.61,1371,700.0,799827.0
2025-10-21,9,◎オクラわかめとろり豆腐,1142.61,1371,258.0,294793.0
2025-10-21,9,コロネクッキー,1142.61,1371,71.0,81125.0
2025-10-21,9,フルーツサラダヨーグルト,1142.61,1371,230.0,262800.0
2025-10-21,9,野菜生活１００オリジナル,1142.61,1371,113.0,129115.0
2025-10-21,9,クラッシュ蒟蒻畑りんご味,1142.61,1371,183.0,209098.0
2025-10-21,9,ビスコ,1142.61,1371,156.0,178247.0
2025-10-21,9,サラダチキンロール,1142.61,1371,399.0,455901.0
2025-10-21,9,グローＨプロサクラＥＤ,1142.61,1371,3619.0,4135106.0
2025-10-21,9,ザ・クレープチョコバナナ,1142.61,1371,249.0,284510.0
2025-10-21,9,こだわりカレー,1142.61,1371,367.0,419338.0
2025-10-21,9,コーヒーゼリーパフェ,1142.61,1371,313.0,357637.0
2025-10-21,9,チョコラＳＰ　グレフル＆,1142.61,1371,149.0,170249.0
2025-10-21,9,キレート　ＭＵＫＵＭＩ,1142.61,1371,158.0,180532.0
2025-10-21,9,ワンピカードＢＥＳＴ２,1142.61,1371,500.0,571305.0
2025-10-21,9,アスティーグ黒　Ｌ,1142.61,1371,600.0,685566.0
2025-10-21,9,慶弔サインペン（筆文字）,1142.61,1371,250.0,285652.0
2025-10-21,9,モンスターエナジー,1142.61,1371,213.0,243376.0
2025-10-21,9,ヒヤロン,1142.61,1371,180.0,205670.0
2025-10-21,9,ラインＳ２５夏の色白小,1142.61,1371,390.0,445618.0
2025-10-21,9,冷し鶏ねぎそば,1142.61,1371,599.0,684423.0
2025-10-21,9,０．０１ゼロワン,1142.61,1371,900.0,1028349.0
2025-10-21,9,イープラス　発券,1142.61,1371,165.0,188531.0
2025-10-21,9,ダブルフロマージュ　２個,1142.61,1371,426.0,486752.0
2025-10-21,9,ＵＳＢ－Ｃ１．２ｍ,1142.61,1371,1255.0,1433976.0
2025-10-21,9,サンドおむすび　豚焼肉,1142.61,1371,323.0,369063.0
2025-10-21,9,ハイチュウＰメロン,1142.61,1371,152.0,173677.0
2025-10-21,9,マッチビタミンみかん,1142.61,1371,150.0,171391.0
2025-10-21,9,◎ハムチーズエッグマフィ,1142.61,1371,156.0,178247.0
2025-10-21,9,直巻　炙り焼　牛タン,1142.61,1371,199.0,227379.0
2025-10-21,9,具だくさん炙り焼鶏つくね,1142.61,1371,213.0,243376.0
2025-10-21,9,コミック乱,1142.61,1371,546.0,623865.0
2025-10-21,9,カニカママカロニサラダ,1142.61,1371,239.0,273084.0
2025-10-21,9,じゅるるマンゴー,1142.61,1371,221.0,252517.0
2025-10-21,9,コク旨たまごサンド,1142.61,1371,276.0,315360.0
2025-10-21,9,むっち実グミオレンジ味,1142.61,1371,198.0,226237.0
2025-10-21,9,たまご海老ブロコリサンド,1142.61,1371,348.0,397628.0
2025-10-21,9,カンデミーナ電撃マスカッ,1142.61,1371,200.0,228522.0
2025-10-21,9,◎ホットサンド（ハム＆チ,1142.61,1371,158.0,180532.0
2025-10-21,9,ウィルキンソンＥＸグレプ,1142.61,1371,117.0,133685.0
2025-10-21,9,生茶ほうじ煎茶,1142.61,1371,158.0,180532.0
2025-10-21,9,サーモン寿司,1142.61,1371,237.0,270799.0
2025-10-21,9,フレンチクルーラーミルク,1142.61,1371,193.0,220524.0
2025-10-21,9,ちいかわステッカーグミ,1142.61,1371,180.0,205670.0
2025-10-21,9,激モロコシフライドアラレ,1142.61,1371,158.0,180532.0
2025-10-21,9,んぽちゃむグミ,1142.61,1371,180.0,205670.0
2025-10-21,9,じゃがりこ肉じゃがｂｉｔ,1142.61,1371,129.0,147397.0
2025-10-21,9,１９６レモン３５０,1142.61,1371,161.0,183960.0
2025-10-21,9,ねるねるねるねドリンク,1142.61,1371,276.0,315360.0
2025-10-21,9,ポケカ拡張ナイトワンダ,1142.61,1371,164.0,187388.0
2025-10-21,9,ホームパイチビムーホ,1142.61,1371,140.0,159965.0
2025-10-21,9,野菜生活Ｓベリー＆ざくろ,1142.61,1371,178.0,203385.0
2025-10-21,9,テリヤキチキンとたまご,1142.61,1371,332.0,379347.0
2025-10-21,9,スーパー大麦安曇野わさび,1142.61,1371,181.0,206812.0
2025-10-21,9,◎つぶつぶいちご蒸しＣ,1142.61,1371,135.0,154252.0
2025-10-21,9,鶏そぼろ野沢菜醤油パスタ,1142.61,1371,369.0,421623.0
2025-10-21,9,ヨーグレットグミブルーベ,1142.61,1371,140.0,159965.0
2025-10-21,9,冷し明太クリームうどん,1142.61,1371,445.0,508461.0
2025-10-21,9,◎ツイストサンド（カスタ,1142.61,1371,128.0,146254.0
2025-10-21,9,野菜食べよう冷しタンメン,1142.61,1371,554.0,633006.0
2025-10-21,9,ポケぷにソーダ,1142.61,1371,218.0,249089.0
2025-10-21,9,チョコチャンクスコーン,1142.61,1371,119.0,135971.0
2025-10-21,9,窯出しとろけるプリン,1142.61,1371,195.0,222809.0
2025-10-21,9,香ばし炒めの玉子炒飯,1142.61,1371,341.0,389630.0
2025-10-21,9,ＢＳおつまみ焼そば味スパ,1142.61,1371,136.0,155395.0
2025-10-21,9,ナイキ　ラバーグローブＬ,1142.61,1371,498.0,569020.0
2025-10-21,9,冷し担担麺,1142.61,1371,462.0,527886.0
2025-10-21,9,はちみつとりんごのケーキ,1142.61,1371,276.0,315360.0
2025-10-21,9,センテＦグリーン１０Ｐ,1142.61,1371,4819.0,5506238.0
2025-10-21,9,３種チーズのミートソース,1142.61,1371,599.0,684423.0
2025-10-21,9,ピュレフルーツりんご,1142.61,1371,268.0,306219.0
2025-10-21,9,巨峰大福（白こしあん）,1142.61,1371,188.0,214811.0
2025-10-21,9,すッパイチュウレモン味,1142.61,1371,127.0,145111.0
2025-10-21,9,てんこ盛弁当,1142.61,1371,598.0,683281.0
2025-10-21,9,ナイキ　ラバーグローブＭ,1142.61,1371,498.0,569020.0
2025-10-21,9,厚切りポテトペッパー,1142.61,1371,142.0,162251.0
2025-10-21,9,ハイチュウ人気ミックス,1142.61,1371,127.0,145111.0
2025-10-21,9,コロコロハイチュウ,1142.61,1371,127.0,145111.0
2025-10-21,9,黒わらび餅,1142.61,1371,178.0,203385.0
2025-10-21,9,メガシャキ,1142.61,1371,239.0,273084.0
2025-10-21,9,ポケカ拡張メガシンフォ,1142.61,1371,164.0,187388.0
2025-10-21,9,ポケカ拡張メガブレイブ,1142.61,1371,164.0,187388.0
2025-10-21,9,イープラス　入金,1142.61,1371,16455.0,18801648.0
2025-10-21,9,夏のミルクシュー,1142.61,1371,138.0,157680.0
2025-10-21,9,ふわしゅわスフレレモン,1142.61,1371,249.0,284510.0
2025-10-21,9,ラッキーＳベリーＳ,1142.61,1371,391.0,446761.0
2025-10-21,9,グローＨプロオニキスＰ,1142.61,1371,3619.0,4135106.0
2025-10-21,9,エボＴバナナＣＰＬＭ,1142.61,1371,500.0,571305.0
2025-10-21,9,エボＴベリーＣＰＬＭ,1142.61,1371,500.0,571305.0
2025-10-21,9,マウススプレークールＭ,1142.61,1371,251.0,286795.0
2025-10-21,9,おーいお茶緑茶　６００,1142.61,1371,158.0,180532.0
2025-10-21,9,◎のむヨーグルトパイン,1142.61,1371,158.0,180532.0
2025-10-21,9,ルーローハン風パスタサラ,1142.61,1371,417.0,476468.0
2025-10-21,9,１９６白桃３５０,1142.61,1371,161.0,183960.0
2025-10-21,9,履歴書用紙,1142.61,1371,309.0,353066.0
2025-10-21,9,メガライフガード　７００,1142.61,1371,150.0,171391.0
2025-10-21,9,１９６マスカット３５０,1142.61,1371,161.0,183960.0
2025-10-21,9,ケントＮＳダークＦ,1142.61,1371,500.0,571305.0
2025-10-21,9,ワンピデッキ　ティーチ,1142.61,1371,500.0,571305.0
2025-10-21,9,ソフト携帯吸殻入れ,1142.61,1371,273.0,311933.0
2025-10-21,9,リチウム５０００ｍＡｈ,1142.61,1371,2982.0,3407263.0
2025-10-21,9,ユニアリ　ワンパンマン,1142.61,1371,350.0,399913.0
2025-10-21,9,多当祝　御祝,1142.61,1371,87.0,99407.0
2025-10-21,9,碧Ａｏ海薫るＨＢ３５０,1142.61,1371,350.0,399913.0
2025-10-21,9,ポケピファンピカチュウ,1142.61,1371,3164.0,3615218.0
2025-10-21,9,タフグミビッグバンピーチ,1142.61,1371,238.0,271941.0
2025-10-21,9,もちっとガブリマスカット,1142.61,1371,143.0,163393.0
2025-10-21,9,ＭＶＰＧレギュウィズ６Ｐ,1142.61,1371,3273.0,3739763.0
2025-10-21,9,テリアＯパール１０Ｐ,1142.61,1371,5273.0,6024983.0
2025-10-21,9,ふんわりたまごのオムライ,1142.61,1371,276.0,315360.0
2025-10-21,9,韓国風海苔佃煮おむすび,1142.61,1371,147.0,167964.0
2025-10-21,9,ラークスーパー５,1142.61,1371,491.0,561022.0
2025-10-21,9,青しそ高菜おむすび,1142.61,1371,139.0,158823.0
2025-10-21,9,ツメキリ　Ｓ,1142.61,1371,480.0,548453.0
2025-10-21,9,ビタミン野菜,1142.61,1371,113.0,129115.0
2025-10-21,9,ポケぷにフルーツ,1142.61,1371,218.0,249089.0
2025-10-21,9,◎ジューシーソーセージパ,1142.61,1371,135.0,154252.0
2025-10-21,9,炙り豚焼肉マヨネーズ,1142.61,1371,276.0,315360.0
2025-10-21,9,おーいお茶濃い茶６００,1142.61,1371,158.0,180532.0
2025-10-21,9,細ーいじゃがビーサワクリ,1142.61,1371,164.0,187388.0
2025-10-21,9,テリアＢルビーＭ１０Ｐ,1142.61,1371,5273.0,6024983.0
2025-10-21,9,Ｃ１０００コラーゲン＆,1142.61,1371,147.0,167964.0
2025-10-21,9,カニカマの寿司,1142.61,1371,174.0,198814.0
2025-10-21,9,いかめしおむすび,1142.61,1371,258.0,294793.0
2025-10-21,9,モッチュ白桃味,1142.61,1371,148.0,169106.0
2025-10-21,9,テリアミント１０Ｐ,1142.61,1371,5273.0,6024983.0
2025-10-21,9,◎増量うす焼せんべい,1142.61,1371,147.0,167964.0
2025-10-21,9,ポテロング,1142.61,1371,162.0,185103.0
2025-10-21,9,カルピス　リンゴ＆洋梨,1142.61,1371,160.0,182818.0
2025-10-21,9,ごろごろゆでたまごサンド,1142.61,1371,369.0,421623.0
2025-10-21,9,◎ふんわりもっちパン（チ,1142.61,1371,128.0,146254.0
2025-10-21,9,ミンティアＢブラック,1142.61,1371,211.0,241091.0
2025-10-21,9,増量チキンパスタサラダ,1142.61,1371,369.0,421623.0
2025-10-21,9,島星シトラスエール３５０,1142.61,1371,306.0,349639.0
2025-10-21,9,アーモンド効果プロテイン,1142.61,1371,198.0,226237.0
2025-10-21,9,小枝チョコクッキーサンド,1142.61,1371,239.0,273084.0
2025-10-21,9,冷たい生パスタツナトマト,1142.61,1371,499.0,570162.0
2025-10-21,9,◎レアチーズデニッシュ,1142.61,1371,147.0,167964.0
2025-10-21,9,にゃんともチーズ塩バニラ,1142.61,1371,230.0,262800.0
2025-10-21,9,ザクザクやみつきクランキ,1142.61,1371,198.0,226237.0
2025-10-21,9,増量ロースかつカレー,1142.61,1371,555.0,634149.0
2025-10-21,9,＊Ｆハイキューまんじゅう,1142.61,1371,172.0,196529.0
2025-10-21,9,ペタグーソーダ,1142.61,1371,150.0,171391.0
2025-10-21,9,超急速２ｉｎ１Ｃ＆Ｌ１ｍ,1142.61,1371,2346.0,2680563.0
2025-10-21,9,トマトジュースプレミアム,1142.61,1371,148.0,169106.0
2025-10-21,9,玉子焼＆ハムサンド,1142.61,1371,323.0,369063.0
2025-10-21,9,２種チーズとハムサンド,1142.61,1371,323.0,369063.0
2025-10-21,9,かぶり寿司　甘辛そぼろマ,1142.61,1371,283.0,323359.0
2025-10-21,9,◎増量チョコビスケット,1142.61,1371,139.0,158823.0
2025-10-21,9,マーブル,1142.61,1371,184.0,210240.0
2025-10-21,9,ラーク・１００・ＢＯＸ,1142.61,1371,491.0,561022.0
2025-10-21,9,１９６無糖冷凍みかん３５,1142.61,1371,161.0,183960.0
2025-10-21,9,メビウスワン１００Ｂ１０,1142.61,1371,5273.0,6024983.0
2025-10-21,9,◎ミニメンチカツバーガ３,1142.61,1371,195.0,222809.0
2025-10-21,9,野菜マシマシ冷し中華,1142.61,1371,647.0,739269.0
2025-10-21,9,ミンティアＢＣマイルド,1142.61,1371,210.0,239948.0
2025-10-21,9,塩おむすび,1142.61,1371,129.0,147397.0
2025-10-21,9,ミンティアＢＦピーチ,1142.61,1371,211.0,241091.0
2025-10-21,9,ミンティアＢＦレモン,1142.61,1371,211.0,241091.0
2025-10-21,9,カロリーメイトチョコ,1142.61,1371,220.0,251374.0
2025-10-21,9,カロリーメイト　バニラ,1142.61,1371,220.0,251374.0
2025-10-21,9,ゼロプロテインチョコ,1142.61,1371,198.0,226237.0
2025-10-21,9,カントリーＭマロンケーキ,1142.61,1371,180.0,205670.0
2025-10-21,9,カンロザストロングソーダ,1142.61,1371,200.0,228522.0
2025-10-21,9,◎増量大盛たこ焼き,1142.61,1371,554.0,633006.0
2025-10-21,9,フリクション３スリムＢＫ,1142.61,1371,541.0,618152.0
2025-10-21,9,パイの実,1142.61,1371,237.0,270799.0
2025-10-21,9,ゼログラノーラチョコ,1142.61,1371,198.0,226237.0
2025-10-21,9,ペタグーグレープ,1142.61,1371,150.0,171391.0
2025-10-21,9,ＩＱＯＳｉＯＤバイオレ,1142.61,1371,3619.0,4135106.0
2025-10-21,9,テリアＢトロピカルＭ,1142.61,1371,528.0,603298.0
2025-10-21,9,カレーせんオリジナルスパ,1142.61,1371,138.0,157680.0
2025-10-21,9,花椒香る　麻婆焼そばＤ２,1142.61,1371,554.0,633006.0
2025-10-21,9,ジャパンタイムズ,1142.61,1371,273.0,311933.0
2025-10-21,9,たまごっち　めじるし２,1142.61,1371,300.0,342783.0
2025-10-21,9,ワンピカード　師弟の絆,1142.61,1371,200.0,228522.0
2025-10-21,9,アポロチョコレート,1142.61,1371,184.0,210240.0
2025-10-21,9,テリアＢフューシャＭ,1142.61,1371,528.0,603298.0
2025-10-21,9,勝馬,1142.61,1371,500.0,571305.0
2025-10-21,9,おむすび２個（鮭・昆布）,1142.61,1371,313.0,357637.0
2025-10-21,9,クッキークリームクレープ,1142.61,1371,332.0,379347.0
2025-10-21,9,きのこの山のジクカール,1142.61,1371,263.0,300506.0
2025-10-21,9,アーモンド・ブリーズ微糖,1142.61,1371,128.0,146254.0
2025-10-21,9,チーズあじカカールアーモ,1142.61,1371,230.0,262800.0
2025-10-21,9,◎増量かーるいチーズスナ,1142.61,1371,128.0,146254.0
2025-10-21,9,三ツ矢サイダー５００,1142.61,1371,160.0,182818.0
2025-10-21,9,栄養強化型　１日分の野菜,1142.61,1371,131.0,149682.0
2025-10-21,9,ぶどうきゃん,1142.61,1371,128.0,146254.0
2025-10-21,9,大きなロール焼そばたまご,1142.61,1371,369.0,421623.0
2025-10-21,9,シーザーパスタサラダ,1142.61,1371,389.0,444475.0
2025-10-21,9,納豆細巻寿司（５巻増量）,1142.61,1371,389.0,444475.0
2025-10-21,9,わさび海苔　野沢菜わさび,1142.61,1371,175.0,199957.0
2025-10-21,9,さばほぐしごはん,1142.61,1371,332.0,379347.0
2025-10-21,9,ねるねるねるねゼリー,1142.61,1371,276.0,315360.0
2025-10-21,9,たまごボーロっち２,1142.61,1371,350.0,399913.0
2025-10-21,9,グミだよ。ピーチフラッペ,1142.61,1371,166.0,189673.0
2025-10-21,9,◎３種フルーツとナッツ,1142.61,1371,165.0,188531.0
2025-10-21,9,◎でっかいカレーたまごパ,1142.61,1371,139.0,158823.0
2025-10-21,9,◎チョコバナナロール,1142.61,1371,156.0,178247.0
2025-10-21,9,シゲキックスグレープ,1142.61,1371,120.0,137113.0
2025-10-21,9,天使のグミ甘熟マンゴー味,1142.61,1371,170.0,194244.0
2025-10-21,9,かむかむレモン,1142.61,1371,150.0,171391.0
2025-10-21,9,梨スムージー,1142.61,1371,193.0,220524.0
2025-10-21,9,のむアサイーボウル,1142.61,1371,188.0,214811.0
2025-10-21,9,ミルキーバニラアイス味,1142.61,1371,170.0,194244.0
2025-10-21,9,ウェルチ　マスカットＳＰ,1142.61,1371,160.0,182818.0
2025-10-21,9,ゆず鶏だしミニ塩ラーメン,1142.61,1371,399.0,455901.0
2025-10-21,9,コク旨醤油だれの油そば,1142.61,1371,499.0,570162.0
2025-10-21,9,くりーむメロンパン,1142.61,1371,276.0,315360.0
2025-10-21,9,ネバネバと大根のサラダ,1142.61,1371,297.0,339355.0
2025-10-21,9,麻辣湯,1142.61,1371,248.0,283367.0
2025-10-21,9,ポケピファンワッカネズミ,1142.61,1371,3164.0,3615218.0
2025-10-21,9,シフォンマンゴー＆ピーチ,1142.61,1371,250.0,285652.0
2025-10-21,9,ふわもち生大福　きなこ,1142.61,1371,138.0,157680.0
2025-10-21,9,生クリームパイコロネ,1142.61,1371,204.0,233092.0
2025-10-21,9,コカ・コーラゼロ５００,1142.61,1371,170.0,194244.0
2025-10-21,9,ケント１・１００Ｂ１０Ｐ,1142.61,1371,4728.0,5402260.0
2025-10-21,9,生茶６００,1142.61,1371,158.0,180532.0
2025-10-21,9,アリィージェルＵＶミニ,1142.61,1371,1346.0,1537953.0
2025-10-21,9,ｉｎゼリーＥＮ　ブドウ糖,1142.61,1371,210.0,239948.0
2025-10-21,9,その他１０口座売上,1142.61,1371,228.0,260515.0
2025-10-21,9,優馬,1142.61,1371,591.0,675283.0
2025-10-21,9,◎増量しみチョココーン,1142.61,1371,147.0,167964.0
2025-10-21,9,◎クルーラーリングドー８,1142.61,1371,184.0,210240.0
2025-10-21,9,◎クラウンメロンパン,1142.61,1371,139.0,158823.0
2025-10-21,9,◎つぶあんぱん北海道小豆,1142.61,1371,121.0,138256.0
2025-10-21,9,大きなチーズカレーパン（,1142.61,1371,184.0,210240.0
2025-10-21,9,梅づくしおむすび,1142.61,1371,172.0,196529.0
2025-10-21,9,もち麦　枝豆ゆかり,1142.61,1371,163.0,186245.0
2025-10-21,9,青磯海苔　漬けサーモン,1142.61,1371,199.0,227379.0
2025-10-21,9,三ツ矢　特濃アップル,1142.61,1371,160.0,182818.0
2025-10-21,9,ＧＰｌａｙ１０００,1142.61,1371,1000.0,1142610.0
2025-10-21,9,堅あげ極味玉ねぎ黒胡椒,1142.61,1371,196.0,223952.0
2025-10-21,9,秋味３５０,1142.61,1371,216.0,246804.0
2025-10-21,9,黒チャーハンおむすび,1142.61,1371,175.0,199957.0
2025-10-21,9,トルティーヤケバブチキン,1142.61,1371,369.0,421623.0
2025-10-21,9,ピュアポテト濃いのり塩,1142.61,1371,155.0,177105.0
2025-10-21,9,マシマシ焼もろこしせん,1142.61,1371,148.0,169106.0
2025-10-21,9,増量　天使のチーズケーキ,1142.61,1371,230.0,262800.0
2025-10-21,9,ＩＱＯＳｉＯＳモデル,1142.61,1371,3619.0,4135106.0
2025-10-21,9,ｉｎゼリートリプルＥ,1142.61,1371,210.0,239948.0
2025-10-21,9,ＳＰＡＭむすび　玉子焼き,1142.61,1371,320.0,365635.0
2025-10-21,9,蒸し鶏ラー油ネギ冷うどん,1142.61,1371,499.0,570162.0
2025-10-21,9,大きな具材ミックスサント,1142.61,1371,399.0,455901.0
2025-10-21,9,手巻寿司　梅ゆかり納豆,1142.61,1371,189.0,215953.0
2025-10-21,9,大きいバウムクーヘン,1142.61,1371,221.0,252517.0
2025-10-21,9,パリジャン　ハム＆チーズ,1142.61,1371,350.0,399913.0
2025-10-21,9,大きいフィナンシェ,1142.61,1371,221.0,252517.0
2025-10-21,9,◎メロンクリームパン４,1142.61,1371,156.0,178247.0
2025-10-21,9,サンド寿司　まぐろたたき,1142.61,1371,332.0,379347.0
2025-10-21,9,白いたべっ子おさつバター,1142.61,1371,180.0,205670.0
2025-10-21,9,大きなたまごづくしサンド,1142.61,1371,369.0,421623.0
2025-10-21,9,ウィルキンソンマスカット,1142.61,1371,138.0,157680.0
2025-10-21,9,◎北海道メロンのコロネ,1142.61,1371,135.0,154252.0
2025-10-21,9,ミニプラグ用イヤホン,1142.61,1371,1528.0,1745908.0
2025-10-21,9,マスカットのど飴小袋,1142.61,1371,138.0,157680.0
2025-10-21,9,じゃがりこＬヤンニョム,1142.61,1371,218.0,249089.0
2025-10-21,9,カレーコロッケバ－ガ－（,1142.61,1371,167.0,190816.0
2025-10-21,9,檸檬堂白ぶどうレモン３５,1142.61,1371,160.0,182818.0
2025-10-21,9,増量麻婆豆腐ごはん,1142.61,1371,462.0,527886.0
2025-10-21,9,ファミマ・ザ・ナポリタン,1142.61,1371,406.0,463900.0
2025-10-21,9,フルーチェグミイチゴ,1142.61,1371,184.0,210240.0
2025-10-21,9,ガルボチョコパウチ,1142.61,1371,270.0,308505.0
2025-10-21,9,冷たいパスタチキンバジル,1142.61,1371,499.0,570162.0
2025-10-21,9,ポケピファンポッチャマ,1142.61,1371,3164.0,3615218.0
2025-10-21,9,チキングリル弁当,1142.61,1371,555.0,634149.0
2025-10-21,9,辛口回鍋肉焼そば,1142.61,1371,536.0,612439.0
2025-10-21,9,パステルのプリンマドレー,1142.61,1371,220.0,251374.0
2025-10-21,9,ピュアポテト塩と岩塩,1142.61,1371,155.0,177105.0
2025-10-21,9,いちごミルク,1142.61,1371,269.0,307362.0
2025-10-21,9,甘辛醤油たれ唐揚弁当,1142.61,1371,555.0,634149.0
2025-10-21,9,ワンピカード意志,1142.61,1371,200.0,228522.0
2025-10-21,9,ビオレトラベルセット,1142.61,1371,620.0,708418.0
2025-10-21,9,ノンオイル青じそドレッシ,1142.61,1371,28.0,31993.0
2025-10-21,9,◎プリンみたいなパンケー,1142.61,1371,138.0,157680.0
2025-10-21,9,１９６王林３５０,1142.61,1371,161.0,183960.0
2025-10-21,9,オイコス　プレーン加糖,1142.61,1371,179.0,204527.0
2025-10-21,9,ＩＱＯＳｉＤバイオレット,1142.61,1371,6346.0,7251003.0
2025-10-21,9,柿安監修　牛すきおむすび,1142.61,1371,258.0,294793.0
2025-10-21,9,ＧＩＮＯＮレモン３５０,1142.61,1371,167.0,190816.0
2025-10-21,9,◎ラベルレス天然水安曇箱,1142.61,1371,489.0,558736.0
2025-10-21,9,一番搾り糖質ゼロ３５０,1142.61,1371,216.0,246804.0
2025-10-21,9,オニポテスナック,1142.61,1371,248.0,283367.0
2025-10-21,9,しゃりｉｎグミみかん,1142.61,1371,168.0,191958.0
2025-10-21,9,ググッタＳマスカット味,1142.61,1371,199.0,227379.0
2025-10-21,9,とろみーグミぶどう味,1142.61,1371,184.0,210240.0
2025-10-21,9,果汁グミシチリアレモン,1142.61,1371,152.0,173677.0
2025-10-21,9,◎ベーコン＆チーズデニッ,1142.61,1371,158.0,180532.0
2025-10-21,9,桃マカロン,1142.61,1371,249.0,284510.0
2025-10-21,9,梅蒸し鶏あったかそうめん,1142.61,1371,399.0,455901.0
2025-10-21,9,千里眼　ニンニクまぜそば,1142.61,1371,647.0,739269.0
2025-10-21,9,ナッツフルーツカッサータ,1142.61,1371,258.0,294793.0
2025-10-21,9,ＳＤブラックピンク３５０,1142.61,1371,216.0,246804.0
2025-10-21,9,大きな　鮭マヨと生たらこ,1142.61,1371,276.0,315360.0
2025-10-21,9,クリーミーほうじ茶ラテ,1142.61,1371,181.0,206812.0
2025-10-21,9,ハムカツサンド,1142.61,1371,297.0,339355.0
2025-10-21,9,◎たまご蒸しパン４個入,1142.61,1371,172.0,196529.0
2025-10-21,9,しゃりぷにょ梅グミ,1142.61,1371,170.0,194244.0
2025-10-21,9,もちゅグミ温州みかん味,1142.61,1371,184.0,210240.0
2025-10-21,9,むちもっちバナナグミ,1142.61,1371,180.0,205670.0
2025-10-21,9,プリン！？シュー,1142.61,1371,138.0,157680.0
2025-10-21,9,◎ジュワっとしたチーズ塩,1142.61,1371,139.0,158823.0
2025-10-21,9,たっぷりハムサンド,1142.61,1371,323.0,369063.0
2025-10-21,9,野菜生活マスカット,1142.61,1371,118.0,134828.0
2025-10-21,9,◎たっぷりマロンクリーム,1142.61,1371,147.0,167964.0
2025-10-21,9,◎生スコーン６個入（スイ,1142.61,1371,172.0,196529.0
2025-10-21,9,モンブランのサンダー,1142.61,1371,50.0,57130.0
2025-10-21,9,にじピグチップスうすしお,1142.61,1371,230.0,262800.0
2025-10-21,9,◎バウムクーヘン（４）,1142.61,1371,239.0,273084.0
2025-10-21,9,ブルーベリーサンド,1142.61,1371,195.0,222809.0
2025-10-21,9,ハガキフリー,1142.61,1371,200.0,228522.0
2025-10-21,9,ＢＩＯ　ブルーベリーミッ,1142.61,1371,168.0,191958.0
2025-10-21,9,半熟玉子冷ぶっかけうどん,1142.61,1371,399.0,455901.0
2025-10-21,9,ヴイックスのど飴シトラス,1142.61,1371,238.0,271941.0
2025-10-21,9,多当　　御見舞,1142.61,1371,87.0,99407.0
2025-10-21,9,しゃり蔵ザクザクッラー油,1142.61,1371,120.0,137113.0
2025-10-21,9,赤肉メロンミルク,1142.61,1371,267.0,305077.0
2025-10-21,9,完熟トマトベーコンパスタ,1142.61,1371,536.0,612439.0
2025-10-21,9,ＰＧスイートチリＳ缶,1142.61,1371,168.0,191958.0
2025-10-21,9,唐揚巻（マヨネーズ付）,1142.61,1371,462.0,527886.0
2025-10-21,9,クリーム＆コーヒーゼリー,1142.61,1371,135.0,154252.0
2025-10-21,9,ＵＳＢ－Ｃ電池式６本,1142.61,1371,1800.0,2056698.0
2025-10-21,9,甜面醤の旨ジャージャー麺,1142.61,1371,499.0,570162.0
2025-10-21,9,パリジャンサンドチキンべ,1142.61,1371,350.0,399913.0
2025-10-21,9,ケントＮＳスムースＦ,1142.61,1371,500.0,571305.0
2025-10-21,9,スパイシーチキン野菜サラ,1142.61,1371,554.0,633006.0
2025-10-21,9,充電器５０００ｍＡｈ,1142.61,1371,2982.0,3407263.0
2025-10-21,9,キャラパキ発掘恐竜,1142.61,1371,110.0,125687.0
2025-10-21,9,食べマスおぱんちゅうさぎ,1142.61,1371,350.0,399913.0
2025-10-21,9,海老マヨネーズおむすび,1142.61,1371,239.0,273084.0
2025-10-21,9,さけるグミハロウィン,1142.61,1371,120.0,137113.0
2025-10-21,9,◎シャルドネ香るティー,1142.61,1371,110.0,125687.0
2025-10-21,9,スニッカーズハーフＳアー,1142.61,1371,158.0,180532.0
2025-10-21,9,大きな　肉そぼろ卵黄ソー,1142.61,1371,297.0,339355.0
2025-10-21,9,ヱビス和奏３５０,1142.61,1371,272.0,310790.0
2025-10-21,9,タフグミＰＲＯローヤル,1142.61,1371,359.0,410197.0
2025-10-21,9,ヴァルトメンソールＣＬ,1142.61,1371,528.0,603298.0
2025-10-21,9,グロー・ヒーロ・ルビー,1142.61,1371,3619.0,4135106.0
2025-10-21,9,◎サクサク食感のミニチ５,1142.61,1371,184.0,210240.0
2025-10-21,9,ＧＯＤＩＶＡドリンク,1142.61,1371,397.0,453616.0
2025-10-21,9,伝説のケバブ風味ポテトＣ,1142.61,1371,193.0,220524.0
2025-10-21,9,北海道なまらでっかいシュ,1142.61,1371,315.0,359922.0
2025-10-21,9,クラッシュ蒟蒻畑みかん味,1142.61,1371,183.0,209098.0
2025-10-21,9,ＦＭオリジナル安食ロール,1142.61,1371,369.0,421623.0
2025-10-21,9,レッツハロウィンつぶグミ,1142.61,1371,158.0,180532.0
2025-10-21,9,◎ピリ辛明太フランス（か,1142.61,1371,135.0,154252.0
2025-10-21,9,◎和風ツナパン,1142.61,1371,135.0,154252.0
2025-10-21,9,ハラペーニョチキンチェダ,1142.61,1371,443.0,506176.0
2025-10-21,9,全粒粉サラダチキンとハム,1142.61,1371,369.0,421623.0
2025-10-21,9,◎ピスタチオいちごケーキ,1142.61,1371,230.0,262800.0
2025-10-21,9,焼ベーコン寿司,1142.61,1371,230.0,262800.0
2025-10-21,9,ちいかわ黒猫ミニバッグ,1142.61,1371,1000.0,1142610.0
2025-10-21,9,ごろっと白桃ケーキ,1142.61,1371,297.0,339355.0
2025-10-21,9,さくふわきなこもちぼーる,1142.61,1371,150.0,171391.0
2025-10-21,9,◎白生コッペパン（レアチ,1142.61,1371,153.0,174819.0
2025-10-21,9,秋のフルーツこれ一本,1142.61,1371,118.0,134828.0
2025-10-21,9,◎キャラメルバニラメロン,1142.61,1371,172.0,196529.0
2025-10-21,9,３１マスコットつきグミ２,1142.61,1371,350.0,399913.0
2025-10-21,9,◎ショコラクッキー,1142.61,1371,212.0,242233.0
2025-10-21,9,ピュレグミＰふじりんご,1142.61,1371,180.0,205670.0
2025-10-21,9,たぬきおむすび,1142.61,1371,138.0,157680.0
2025-10-21,9,わた雪みたいなレアチーズ,1142.61,1371,315.0,359922.0
2025-10-21,9,スイートポテトスティック,1142.61,1371,212.0,242233.0
2025-10-21,9,ハリボープリマヴェーラ,1142.61,1371,198.0,226237.0
2025-10-21,9,ザバスミルクキャラメル,1142.61,1371,222.0,253659.0
2025-10-21,9,パーラメントＥＸＬ１００,1142.61,1371,564.0,644432.0
2025-10-21,9,チャーシュー冷しまぜそば,1142.61,1371,599.0,684423.0
2025-10-21,9,氷結無糖ゆずＳＰ３５０,1142.61,1371,168.0,191958.0
2025-10-21,9,スティックモンブラン,1142.61,1371,249.0,284510.0
2025-10-21,9,１９６無糖ピンクＧＦ３５,1142.61,1371,161.0,183960.0
2025-10-21,9,◎アールグレイクロワッサ,1142.61,1371,172.0,196529.0
2025-10-21,9,ラーメン荘　豚ラーメン,1142.61,1371,647.0,739269.0
2025-10-21,9,◎ハムチーズデニッシュ４,1142.61,1371,184.0,210240.0
2025-10-21,9,ヴァルトダークタバコ,1142.61,1371,528.0,603298.0
2025-10-21,9,ヴァルトメロンクリック,1142.61,1371,528.0,603298.0
2025-10-21,9,ドラキュラへんしんグミ,1142.61,1371,350.0,399913.0
2025-10-21,9,わさびいなり寿司,1142.61,1371,178.0,203385.0
2025-10-21,9,ちいかわ花占いグミ,1142.61,1371,230.0,262800.0
2025-10-21,9,ねぎ塩チキン醤油まぶし飯,1142.61,1371,555.0,634149.0
2025-10-21,9,紫いもミルクティー,1142.61,1371,190.0,217096.0
2025-10-21,9,ＢＳラーメン柿の種ミック,1142.61,1371,110.0,125687.0
2025-10-21,9,焼まろん,1142.61,1371,215.0,245661.0
2025-10-21,9,ウィルキンソンＥＸ　ＧＦ,1142.61,1371,117.0,133685.0
2025-10-21,9,ミンティア瀬戸田レモン,1142.61,1371,105.0,119974.0
2025-10-21,9,北海道リッチミルクプリン,1142.61,1371,399.0,455901.0
2025-10-21,9,焼ほし芋,1142.61,1371,195.0,222809.0
2025-10-21,9,冷しすだちおろしうどん,1142.61,1371,510.0,582731.0
2025-10-21,9,テリヤキチキンのサラダ,1142.61,1371,397.0,453616.0
2025-10-21,9,和牛カラムーチョわさび,1142.61,1371,155.0,177105.0
2025-10-21,9,きのことベーコンのドリア,1142.61,1371,526.0,601013.0
2025-10-21,9,ｂｉｔｌｏｔガンダム,1142.61,1371,680.0,776975.0
2025-10-21,9,ポケカメガゲンガーｅｘ,1142.61,1371,1637.0,1870453.0
2025-10-21,9,ポケカメガディアンシー,1142.61,1371,1637.0,1870453.0
2025-10-21,9,◎トマトコンソメスープ,1142.61,1371,350.0,399913.0
2025-10-21,9,◎４種きのこクリームスー,1142.61,1371,426.0,486752.0
2025-10-21,9,Ａｐｐｌｅチャージ,1142.61,1371,10500.0,11997405.0
2025-10-21,9,ＨＷ変顔キャンディ,1142.61,1371,400.0,457044.0
2025-10-21,9,週末版ジャパンタイムズ,1142.61,1371,364.0,415910.0
2025-10-21,9,魚ギョッと釣りグミ,1142.61,1371,70.0,79983.0
2025-10-21,9,じゃりむちグミピーチＳ,1142.61,1371,175.0,199957.0
2025-10-21,9,スターバックス　ブラック,1142.61,1371,168.0,191958.0
2025-10-21,9,フリスクＦＦみかん,1142.61,1371,278.0,317646.0
2025-10-21,9,アップルパンチ３５０,1142.61,1371,161.0,183960.0
2025-10-21,9,山ちゃん監修　海老天むす,1142.61,1371,276.0,315360.0
2025-10-21,9,スヌーピークッキーサンド,1142.61,1371,369.0,421623.0
2025-10-21,9,◎塩バターケーキタルト,1142.61,1371,147.0,167964.0
2025-10-21,9,ＳＰＡＭ　玉子焼き明太子,1142.61,1371,369.0,421623.0
2025-10-21,9,ヴァルトＩメンソールＣＬ,1142.61,1371,528.0,603298.0
2025-10-21,9,スターバックスカフェラテ,1142.61,1371,178.0,203385.0
2025-10-21,9,グローＨＧブラック,1142.61,1371,1346.0,1537953.0
2025-10-21,9,ガイコツグミグレープ味,1142.61,1371,230.0,262800.0
2025-10-21,9,モンストロマーブルガム,1142.61,1371,100.0,114261.0
2025-10-21,9,ぷっちょ袋ＨＷアソート,1142.61,1371,210.0,239948.0
2025-10-21,9,宇都宮線・高崎線チップス,1142.61,1371,156.0,178247.0
2025-10-21,9,つくねおむすび,1142.61,1371,276.0,315360.0
2025-10-21,9,ヴァルトＩベリークリック,1142.61,1371,528.0,603298.0
2025-10-21,9,おーいお茶濃茶ストロング,1142.61,1371,158.0,180532.0
2025-10-21,9,ちぎれるブリオッシュパン,1142.61,1371,147.0,167964.0
2025-10-21,9,鮭金ごまおむすび,1142.61,1371,139.0,158823.0
2025-10-21,9,ピュレグミラ・フランス,1142.61,1371,150.0,171391.0
2025-10-21,9,チュッパサワーバイトグミ,1142.61,1371,158.0,180532.0
2025-10-21,9,味付海苔　ベーコンマヨ,1142.61,1371,184.0,210240.0
2025-10-21,9,バナナカスタードブリュレ,1142.61,1371,350.0,399913.0
2025-10-21,9,◎生コッペパン（オムナポ,1142.61,1371,184.0,210240.0
2025-10-21,9,◎伊右衛門　濃い緑茶,1142.61,1371,121.0,138256.0
2025-10-21,9,チョコクリームたい焼き,1142.61,1371,176.0,201099.0
2025-10-21,9,専スヌーピーチョコドーナ,1142.61,1371,156.0,178247.0
2025-10-21,9,ヴァルトベリークリック,1142.61,1371,528.0,603298.0
2025-10-21,9,鶏天うどん,1142.61,1371,599.0,684423.0
2025-10-21,9,チキンカツサンド,1142.61,1371,399.0,455901.0
2025-10-21,9,ルーシーのレモネード,1142.61,1371,184.0,210240.0
2025-10-21,9,ブルガリアＹＯさくらんぼ,1142.61,1371,195.0,222809.0
2025-10-21,9,たべっ子ラムネみかん,1142.61,1371,150.0,171391.0
2025-10-21,9,さつまりこ焼きいも,1142.61,1371,185.0,211383.0
2025-10-21,9,◎焦がしバターのクロワッ,1142.61,1371,121.0,138256.0
2025-10-21,9,モッチ生ドーナツ生チョコ,1142.61,1371,184.0,210240.0
2025-10-21,9,カンデミーナＳＰベスト,1142.61,1371,200.0,228522.0
2025-10-21,9,ＦチャーリーＢロール,1142.61,1371,165.0,188531.0
2025-10-21,9,ルックア・ラ・モード,1142.61,1371,200.0,228522.0
2025-10-21,9,ルックホワイトラバーズ,1142.61,1371,200.0,228522.0
2025-10-21,9,くりーむパン　和栗,1142.61,1371,269.0,307362.0
2025-10-21,9,Ｐルックシャインマスカッ,1142.61,1371,270.0,308505.0
2025-10-21,9,海老とブロッコリーロール,1142.61,1371,369.0,421623.0
2025-10-21,9,かぶり寿司　旨辛唐揚げ巻,1142.61,1371,283.0,323359.0
2025-10-21,9,Ｐルック生キャラメル,1142.61,1371,270.0,308505.0
2025-10-21,9,来来亭監修　冷し中華,1142.61,1371,554.0,633006.0
2025-10-21,9,野菜生活Ｓアサイーバナナ,1142.61,1371,178.0,203385.0
2025-10-21,9,ポテトＣ感謝のほたてしお,1142.61,1371,157.0,179390.0
2025-10-21,9,ぷっちょＳＴ有田みかん,1142.61,1371,118.0,134828.0
2025-10-21,9,ａｍｉ活ゼリーピングレ味,1142.61,1371,210.0,239948.0
2025-10-21,9,ベーコンとレタスのサラダ,1142.61,1371,332.0,379347.0
2025-10-21,9,カカオ味わうショコララテ,1142.61,1371,230.0,262800.0
2025-10-21,9,スッパイマンちいかわ一番,1142.61,1371,200.0,228522.0
2025-10-21,9,天津あんかけ焼そば,1142.61,1371,554.0,633006.0
2025-10-21,9,ヴァルトミントクリック,1142.61,1371,528.0,603298.0
2025-10-21,9,生パスタ　カルボナーラ,1142.61,1371,499.0,570162.0
2025-10-21,9,プルームオーラＪブラック,1142.61,1371,2710.0,3096473.0
2025-10-21,9,帆立と鰹の昆布水つけ麺,1142.61,1371,600.0,685566.0
2025-10-21,9,秋のフルーツスムージー,1142.61,1371,193.0,220524.0
2025-10-21,9,Ｗ・Ｃホワイト５・１０Ｐ,1142.61,1371,4910.0,5610215.0
2025-10-21,9,ＧＰｌａｙ１００００,1142.61,1371,10000.0,11426100.0
2025-10-21,9,白身フライごはん,1142.61,1371,276.0,315360.0
2025-10-21,9,カルピス　Ｐグレープ,1142.61,1371,170.0,194244.0
2025-10-21,9,◎なすトマトソースグラタ,1142.61,1371,508.0,580446.0
2025-10-21,9,０１：ＢＥ：ＦＩＲＳＴ,1142.61,1371,0.0,0.0
2025-10-21,9,コミック乱ツインズ,1142.61,1371,528.0,603298.0
2025-10-21,9,いなり寿司５ヶ入,1142.61,1371,443.0,506176.0
2025-10-21,9,◎根菜入つくね和風スープ,1142.61,1371,406.0,463900.0
2025-10-21,9,もち明太チーズドリア,1142.61,1371,491.0,561022.0
2025-10-21,9,シングルモルト山崎１８０,1142.61,1371,1950.0,2228090.0
2025-10-21,9,グミチョコボールぶどう味,1142.61,1371,199.0,227379.0
2025-10-21,9,Ｈ綾鷹,1142.61,1371,128.0,146254.0
2025-10-21,9,Ｈ伊右衛門５００,1142.61,1371,138.0,157680.0
2025-10-21,9,堅あげポテト鬼旨ブラック,1142.61,1371,190.0,217096.0
2025-10-21,9,三陸産わかめおむすび,1142.61,1371,139.0,158823.0
2025-10-21,9,大きな　チキンとタルタル,1142.61,1371,304.0,347353.0
2025-10-21,9,サンドおむすび炙り焼チキ,1142.61,1371,352.0,402199.0
2025-10-21,9,ベースブレッドさつまいも,1142.61,1371,260.0,297079.0
2025-10-21,9,伊右衛門　京都サイダー,1142.61,1371,158.0,180532.0
2025-10-21,9,紅はるかのスイートポテト,1142.61,1371,264.0,301649.0
2025-10-21,9,スイートポテトロール,1142.61,1371,276.0,315360.0
2025-10-21,9,◎どかっと満足パン（ベー,1142.61,1371,230.0,262800.0
2025-10-21,9,掘って発見スイートポテト,1142.61,1371,341.0,389630.0
2025-10-21,9,メントスＤＵＯブラッドオ,1142.61,1371,163.0,186245.0
2025-10-21,9,カジッテミカン＆レモン,1142.61,1371,228.0,260515.0
2025-10-21,9,大盛！野菜スティック,1142.61,1371,369.0,421623.0
2025-10-21,9,スーパー大麦　梅ひじき,1142.61,1371,175.0,199957.0
2025-10-21,9,野菜生活北海道メロン,1142.61,1371,138.0,157680.0
2025-10-21,9,おーいお茶濃い茶１Ｌ,1142.61,1371,176.0,201099.0
2025-10-21,9,カジッテグレープ＆マスカ,1142.61,1371,228.0,260515.0
2025-10-21,9,生パスタ海老トマトクリム,1142.61,1371,508.0,580446.0
2025-10-21,9,◎スイートポテトタルトデ,1142.61,1371,158.0,180532.0
2025-10-21,9,青磯海苔　まぐろたたき,1142.61,1371,199.0,227379.0
2025-10-21,9,◎スイートポテト蒸しケ４,1142.61,1371,176.0,201099.0
2025-10-21,9,まいたけおこわ,1142.61,1371,185.0,211383.0
2025-10-21,9,◎どかっとパン（テリマヨ,1142.61,1371,135.0,154252.0
2025-10-21,9,鎌倉コロッケサンド,1142.61,1371,297.0,339355.0
2025-10-21,9,◎生フランスパン（おいも,1142.61,1371,156.0,178247.0
2025-10-21,9,◎おいものパウンドケーキ,1142.61,1371,167.0,190816.0
2025-10-21,9,ワイルドターキーＨＢ３５,1142.61,1371,238.0,271941.0
2025-10-21,9,サラダチキンのサラダ,1142.61,1371,239.0,273084.0
2025-10-21,9,ハムチーズとツナサンド,1142.61,1371,323.0,369063.0
2025-10-21,9,◎はちみつすいーとぽてと,1142.61,1371,176.0,201099.0
2025-10-21,9,ロリポップＣちいかわ黒猫,1142.61,1371,300.0,342783.0
2025-10-21,9,◎おいものマドレーヌ,1142.61,1371,167.0,190816.0
2025-10-21,9,シャンゴ監修　ベスビオ,1142.61,1371,582.0,664999.0
2025-10-21,9,ポケカ拡張　ロケット団,1142.61,1371,164.0,187388.0
2025-10-21,9,手巻寿司　３種のねばねば,1142.61,1371,190.0,217096.0
2025-10-21,9,グミチョコボール苺,1142.61,1371,199.0,227379.0
2025-10-21,9,増量３色そぼろ＆チキン南,1142.61,1371,580.0,662714.0
2025-10-21,9,◎紅はるかのおいもチップ,1142.61,1371,198.0,226237.0
2025-10-21,9,お手軽！冷しぶっかけそば,1142.61,1371,276.0,315360.0
2025-10-21,9,極上はちみつ紅茶Ｃ小袋,1142.61,1371,125.0,142826.0
2025-10-21,9,福かまど　べこ餅,1142.61,1371,165.0,188531.0
2025-10-21,9,ねぎたっぷり！豚肉そば,1142.61,1371,554.0,633006.0
2025-10-21,9,ヱビスビール３５０,1142.61,1371,254.0,290223.0
2025-10-21,9,Ｃ玄米プラス　アーモンド,1142.61,1371,180.0,205670.0
2025-10-21,9,お月見タルト　カスタード,1142.61,1371,276.0,315360.0
2025-10-21,9,爽健美茶　６００,1142.61,1371,158.0,180532.0
2025-10-21,9,鳴門金時ラテ,1142.61,1371,267.0,305077.0
2025-10-21,9,ｉｎゼリーＶカロリーゼロ,1142.61,1371,210.0,239948.0
2025-10-21,9,ヘパリーゼＷハイパー,1142.61,1371,380.0,434192.0
2025-10-21,9,増量特製ダレの炙り焼牛カ,1142.61,1371,625.0,714131.0
2025-10-21,9,増量明太海苔弁当,1142.61,1371,555.0,634149.0
2025-10-21,9,ヤクルトＹ１０００,1142.61,1371,150.0,171391.0
2025-10-21,9,クラッシュ蒟蒻畑ぶどう味,1142.61,1371,183.0,209098.0
2025-10-21,9,ブルガリアＹＯブルーベ,1142.61,1371,168.0,191958.0
2025-10-21,9,ビューティチャージハニー,1142.61,1371,548.0,626150.0
2025-10-21,9,ミックスアイスプラス,1142.61,1371,464.0,530171.0
2025-10-21,9,ＡｐｐｌｅＧＣ＿１万,1142.61,1371,10000.0,11426100.0
2025-10-21,9,馬サブロー,1142.61,1371,500.0,571305.0
2025-10-21,9,コロロ二十世紀梨,1142.61,1371,148.0,169106.0
2025-10-21,9,海老とあさりのスパゲティ,1142.61,1371,499.0,570162.0
2025-10-21,9,ライフガード５００,1142.61,1371,150.0,171391.0
2025-10-21,9,ブロックロス　ユニコーン,1142.61,1371,1700.0,1942437.0
2025-10-21,9,Ｈジョージア　カフェラテ,1142.61,1371,148.0,169106.0
2025-10-21,9,サッポロラガービール３５,1142.61,1371,216.0,246804.0
2025-10-21,9,手巻　チャーシューマヨ,1142.61,1371,185.0,211383.0
2025-10-21,9,大きなおむすび　鮭昆布,1142.61,1371,239.0,273084.0
2025-10-21,9,だし醤油まぶし飯海苔佃煮,1142.61,1371,156.0,178247.0
2025-10-21,9,忍者めし鉄の鎧グレープ味,1142.61,1371,160.0,182818.0
2025-10-21,9,ＢＳラーメン丸銀だこ,1142.61,1371,160.0,182818.0
2025-10-21,9,フェットチーネマスカット,1142.61,1371,112.0,127972.0
2025-10-21,9,ラインＳ２５秋の色黒小,1142.61,1371,390.0,445618.0
2025-10-21,9,ミルクブッセ,1142.61,1371,93.0,106263.0
2025-10-21,9,コーヒーブッセ,1142.61,1371,93.0,106263.0
2025-10-21,9,Ｈ伊右衛門焙じ茶,1142.61,1371,138.0,157680.0
2025-10-21,9,Ｈジョージア　ブラック,1142.61,1371,138.0,157680.0
2025-10-21,9,カフェオレクリームサンド,1142.61,1371,121.0,138256.0
2025-10-21,9,キレートレモンクエン酸,1142.61,1371,175.0,199957.0
2025-10-21,9,チョコパイとろ甘キャラメ,1142.61,1371,138.0,157680.0
2025-10-21,9,午後フルーツティ白ぶどう,1142.61,1371,158.0,180532.0
2025-10-21,9,午後フルーツティオレンジ,1142.61,1371,158.0,180532.0
2025-10-21,9,チョコパイほろ苦ダークカ,1142.61,1371,138.0,157680.0
2025-10-21,9,ガルボほろにがブラックＰ,1142.61,1371,175.0,199957.0
2025-10-21,9,スイートポテト＆ホイップ,1142.61,1371,348.0,397628.0
2025-10-21,9,白玉入りお芋のどら焼き,1142.61,1371,195.0,222809.0
2025-10-21,9,ピザサンド　さつまいも,1142.61,1371,306.0,349639.0
2025-10-21,9,カフェラッテクリーミーラ,1142.61,1371,181.0,206812.0
2025-10-21,9,ふわしゅわショコラスフレ,1142.61,1371,258.0,294793.0
2025-10-21,9,◎クロワッサンワッフル,1142.61,1371,167.0,190816.0
2025-10-21,9,ジャックジンジャーＨＢ３,1142.61,1371,210.0,239948.0
2025-10-21,9,たまご＆海老ブロサンド,1142.61,1371,348.0,397628.0
2025-10-21,9,◎チーズインてりやきバー,1142.61,1371,184.0,210240.0
2025-10-21,9,のむココナッツ杏仁,1142.61,1371,276.0,315360.0
2025-10-21,9,たまごっち　まんまる焼き,1142.61,1371,232.0,265086.0
2025-10-21,9,大粒ラムネ濃い果実ぶどう,1142.61,1371,133.0,151967.0
2025-10-21,9,ブロックロスジークアクス,1142.61,1371,1700.0,1942437.0
2025-10-21,9,サンド寿司サーモンチーズ,1142.61,1371,332.0,379347.0
2025-10-21,9,ダースミルク,1142.61,1371,191.0,218239.0
2025-10-21,9,ショコラキャラメルタルト,1142.61,1371,230.0,262800.0
2025-10-21,9,大きなつくねの醤油パスタ,1142.61,1371,510.0,582731.0
2025-10-21,9,コーンのバター醤油パスタ,1142.61,1371,426.0,486752.0
2025-10-21,9,◎グリルＣヨシダテリヤキ,1142.61,1371,232.0,265086.0
2025-10-21,9,スプバレ豊潤ラガー３５０,1142.61,1371,245.0,279939.0
2025-10-21,9,ハリボーハッピーグレープ,1142.61,1371,198.0,226237.0
2025-10-21,9,野菜を食べよう　タンメン,1142.61,1371,554.0,633006.0
2025-10-21,9,たべっ子グミグレープ＆マ,1142.61,1371,200.0,228522.0
2025-10-21,9,バヤリース果実のど飴,1142.61,1371,220.0,251374.0
2025-10-21,9,豚焼肉弁当（マヨネーズ付,1142.61,1371,499.0,570162.0
2025-10-21,9,ｈａｎａキンモクセイ,1142.61,1371,698.0,797542.0
2025-10-21,9,ちいかわひやキャラ,1142.61,1371,280.0,319931.0
2025-10-21,9,４Ｄグミサンリオキャラ,1142.61,1371,180.0,205670.0
2025-10-21,9,オイコス　ピーチ,1142.61,1371,189.0,215953.0
2025-10-21,9,サンリオグミチュアチャー,1142.61,1371,350.0,399913.0
2025-10-21,9,ブラックサンダー至福のバ,1142.61,1371,60.0,68557.0
2025-10-21,9,その他４口座売上,1142.61,1371,164.0,187388.0
2025-10-21,9,１日分Ｖゼリーピーチ,1142.61,1371,218.0,249089.0
2025-10-21,9,うるおいトラベルセット,1142.61,1371,1680.0,1919585.0
2025-10-21,9,ポップアップス！ハチワレ,1142.61,1371,390.0,445618.0
2025-10-21,9,ポップアップス！うさぎ,1142.61,1371,390.0,445618.0
2025-10-21,9,コロロ巨峰,1142.61,1371,148.0,169106.0
2025-10-21,9,◎ロングデニッシュ（バタ,1142.61,1371,121.0,138256.0
2025-10-21,9,麻辣湯（はるさめ麺）,1142.61,1371,554.0,633006.0
2025-10-21,9,◎ふくちゃん豚骨どんぶり,1142.61,1371,297.0,339355.0
2025-10-21,9,ポケカ拡張インフェルノ,1142.61,1371,164.0,187388.0
2025-10-21,9,５種チーズのドリア,1142.61,1371,499.0,570162.0
2025-10-21,9,新金封　結ちどり,1142.61,1371,500.0,571305.0
2025-10-21,9,チップスターＳバター味,1142.61,1371,158.0,180532.0
2025-10-21,9,レンジかき揚げそば,1142.61,1371,462.0,527886.0
2025-10-21,9,モッチュＳマスカット,1142.61,1371,148.0,169106.0
2025-10-21,9,まるごと和なしのど飴小袋,1142.61,1371,128.0,146254.0
2025-10-21,9,ガルボ紫いもＰＫＰ,1142.61,1371,175.0,199957.0
2025-10-21,9,クランキーＰＪストロベリ,1142.61,1371,175.0,199957.0
2025-10-21,9,漬けぶりおむすび,1142.61,1371,249.0,284510.0
2025-10-21,9,ライオンコーヒーブラック,1142.61,1371,168.0,191958.0
2025-10-21,9,ライオンコーヒカフェオレ,1142.61,1371,178.0,203385.0
2025-10-21,9,◎芋きんつば,1142.61,1371,184.0,210240.0
2025-10-21,9,たっぷりコーンマヨネーズ,1142.61,1371,297.0,339355.0
2025-10-21,9,◎肉たっぷり７種具材豚汁,1142.61,1371,369.0,421623.0
2025-10-21,9,Ｐガーナトリュフキャラメ,1142.61,1371,325.0,371348.0
2025-10-21,9,マミー風味シュークリーム,1142.61,1371,167.0,190816.0
2025-10-21,9,背徳　月見台湾風まぜそば,1142.61,1371,647.0,739269.0
2025-10-21,9,メキシカンチキン雑穀,1142.61,1371,462.0,527886.0
2025-10-21,9,森永れん乳風味クレープ,1142.61,1371,239.0,273084.0
2025-10-21,9,◎ふわもち食感のメープル,1142.61,1371,135.0,154252.0
2025-10-21,9,ライトニング電池充電器,1142.61,1371,2164.0,2472608.0
2025-10-21,9,大きな　月見おむすびマヨ,1142.61,1371,304.0,347353.0
2025-10-21,9,あなご寿司,1142.61,1371,255.0,291366.0
2025-10-21,9,とろ生おいもチーズケーキ,1142.61,1371,230.0,262800.0
2025-10-21,9,きつねおむすび,1142.61,1371,147.0,167964.0
2025-10-21,9,チキンチェダーたまご,1142.61,1371,452.0,516460.0
2025-10-21,9,◎ミニベーコンピザパン４,1142.61,1371,212.0,242233.0
2025-10-21,9,◎ミルクツイスト３本入,1142.61,1371,144.0,164536.0
2025-10-21,9,◎ルイボスティー６００,1142.61,1371,110.0,125687.0
2025-10-21,9,野菜生活青森りんご,1142.61,1371,118.0,134828.0
2025-10-21,9,専おかず全部乗せ！お弁当,1142.61,1371,323.0,369063.0
2025-10-21,9,１９６無糖３種の果実３５,1142.61,1371,161.0,183960.0
2025-10-21,9,◎生コッペパン（モンブラ,1142.61,1371,135.0,154252.0
2025-10-21,9,月見うさぎ,1142.61,1371,90.0,102835.0
2025-10-21,9,◎芋あん豆大福,1142.61,1371,165.0,188531.0
2025-10-21,9,エナジーの塊,1142.61,1371,199.0,227379.0
2025-10-21,9,ちいかわチャームグミ,1142.61,1371,380.0,434192.0
2025-10-21,9,◎ロングスティックパン（,1142.61,1371,158.0,180532.0
2025-10-21,9,いちごドーナツ棒１本,1142.61,1371,74.0,84553.0
2025-10-21,9,マカダミアチョコ沖縄黒糖,1142.61,1371,333.0,380489.0
2025-10-21,9,カフェラッテ,1142.61,1371,181.0,206812.0
2025-10-21,9,グミっちょ夕張メロン,1142.61,1371,238.0,271941.0
2025-10-21,9,◎ボロネーゼ風ラザニア,1142.61,1371,369.0,421623.0
2025-10-21,9,ガパオまぜごはん,1142.61,1371,163.0,186245.0
2025-10-21,9,今治ＴＨ斜ＳＴ　Ｔ紺,1142.61,1371,600.0,685566.0
2025-10-21,9,ＳＤドライクリスタル３５,1142.61,1371,216.0,246804.0
2025-10-21,9,◎ふわふわアソートリン４,1142.61,1371,193.0,220524.0
2025-10-21,9,月見チーズバーガー,1142.61,1371,399.0,455901.0
2025-10-21,9,厚切りロースカツサンド,1142.61,1371,426.0,486752.0
2025-10-21,9,きのこの山ポケットパック,1142.61,1371,161.0,183960.0
2025-10-21,9,暴君ハバネロ１５０粒ハバ,1142.61,1371,176.0,201099.0
2025-10-21,9,Ｈ午後の紅茶ミルクティー,1142.61,1371,159.0,181675.0
2025-10-21,9,たけのこの里ＰＫＰ,1142.61,1371,161.0,183960.0
2025-10-21,10,しらすおむすび,1160.16,1392,165.0,191426.0
2025-10-21,10,Ｍアーモンドチョコレート,1160.16,1392,305.0,353849.0
2025-10-21,10,龍角散ののどすっきりタブ,1160.16,1392,200.0,232032.0
2025-10-21,10,忍者めし鋼グレープ味,1160.16,1392,148.0,171704.0
2025-10-21,10,◎もちもちくるみパン,1160.16,1392,128.0,148500.0
2025-10-21,10,ｉｎゼリーエネルギー,1160.16,1392,210.0,243634.0
2025-10-21,10,◎白生クロワッサン（ダブ,1160.16,1392,156.0,180985.0
2025-10-21,10,モンスター　リッパー,1160.16,1392,213.0,247114.0
2025-10-21,10,◎レモン香るティーソーダ,1160.16,1392,130.0,150821.0
2025-10-21,10,カルピス　ひんやりライチ,1160.16,1392,160.0,185626.0
2025-10-21,10,カルピスウォーター５００,1160.16,1392,160.0,185626.0
2025-10-21,10,トロピカーナアップル,1160.16,1392,120.0,139219.0
2025-10-21,10,ミンティアＢカルピス,1160.16,1392,211.0,244794.0
2025-10-21,10,◎ボディＰレモンミント,1160.16,1392,350.0,406056.0
2025-10-21,10,薬用リップスティック,1160.16,1392,299.0,346888.0
2025-10-21,10,さらさらシートクール,1160.16,1392,295.0,342247.0
2025-10-21,10,◎のむＹＧアサイーボウル,1160.16,1392,184.0,213469.0
2025-10-21,10,Ｚｅｒｏシート携帯,1160.16,1392,328.0,380532.0
2025-10-21,10,レッドブルエナジー２５０,1160.16,1392,198.0,229712.0
2025-10-21,10,ペパーミント１００ＭＬ,1160.16,1392,200.0,232032.0
2025-10-21,10,ヘアリングゴム黒,1160.16,1392,200.0,232032.0
2025-10-21,10,１日分鉄分のむヨーグルト,1160.16,1392,145.0,168223.0
2025-10-21,10,ザバスミルクココア風味,1160.16,1392,181.0,209989.0
2025-10-21,10,イーラインマスクベージュ,1160.16,1392,299.0,346888.0
2025-10-21,10,ブルガリアＹＯ　苺,1160.16,1392,158.0,183305.0
2025-10-21,10,◎カフェラテレギュラー,1160.16,1392,181.0,209989.0
2025-10-21,10,金のミルクキャンディ,1160.16,1392,221.0,256395.0
2025-10-21,10,ミンティアＢリフレッシュ,1160.16,1392,211.0,244794.0
2025-10-21,10,邪払のど飴,1160.16,1392,258.0,299321.0
2025-10-21,10,◎生コッペパン（たまご）,1160.16,1392,128.0,148500.0
2025-10-21,10,キレートクエン酸ゼリー,1160.16,1392,210.0,243634.0
2025-10-21,10,◎もっち歩き（チョコ）,1160.16,1392,125.0,145020.0
2025-10-21,10,ミンティアワイルド＆クー,1160.16,1392,105.0,121817.0
2025-10-21,10,アーモンドＣ香ばしＰＪ,1160.16,1392,175.0,203028.0
2025-10-21,10,ミンティアＢクリスタル,1160.16,1392,211.0,244794.0
2025-10-21,10,ブラックＴひとくちサイズ,1160.16,1392,120.0,139219.0
2025-10-21,10,ジャムグミいちご,1160.16,1392,182.0,211149.0
2025-10-21,10,ぷにキャラグミちいかわ,1160.16,1392,218.0,252915.0
2025-10-21,10,ソルベットグミ白桃味,1160.16,1392,140.0,162422.0
2025-10-21,10,つぶグミカタイソーダ,1160.16,1392,168.0,194907.0
2025-10-21,10,たべっ子グミパイナップル,1160.16,1392,200.0,232032.0
2025-10-21,10,おとうふくんグミ,1160.16,1392,161.0,186786.0
2025-10-21,10,あの日夢見た雲グミ,1160.16,1392,171.0,198387.0
2025-10-21,10,ピュレグミなつももソーダ,1160.16,1392,150.0,174024.0
2025-10-21,10,ポケぷに,1160.16,1392,218.0,252915.0
2025-10-21,10,龍角散のど飴ｍａｘＳＴ,1160.16,1392,160.0,185626.0
2025-10-21,10,忍者めし巨峰,1160.16,1392,125.0,145020.0
2025-10-21,10,即攻元気ゼリー,1160.16,1392,204.0,236673.0
2025-10-21,10,龍角散のど飴スティック,1160.16,1392,140.0,162422.0
2025-10-21,10,のど飴,1160.16,1392,124.0,143860.0
2025-10-21,10,忍者めし鋼マスカット味,1160.16,1392,148.0,171704.0
2025-10-21,10,◎ドライマンゴー,1160.16,1392,276.0,320204.0
2025-10-21,10,◎カリカリ梅無着色小袋,1160.16,1392,184.0,213469.0
2025-10-21,10,大粒ラムネ,1160.16,1392,133.0,154301.0
2025-10-21,10,牛乳パン,1160.16,1392,230.0,266837.0
2025-10-21,10,１本満足プロテイン　ＷＴ,1160.16,1392,171.0,198387.0
2025-10-21,10,シルキータッチ大きめ,1160.16,1392,398.0,461744.0
2025-10-21,10,スマートカラーグレー,1160.16,1392,566.0,656651.0
2025-10-21,10,◎しっとりやわらか食パ６,1160.16,1392,158.0,183305.0
2025-10-21,10,◎ファミマ・ザ・クリーム,1160.16,1392,128.0,148500.0
2025-10-21,10,たまごサンド,1160.16,1392,265.0,307442.0
2025-10-21,10,具だくさん！チキン南蛮,1160.16,1392,221.0,256395.0
2025-10-21,10,具だくさん！チャーシュー,1160.16,1392,215.0,249434.0
2025-10-21,10,キャメＭマスカットＰＬ,1160.16,1392,455.0,527873.0
2025-10-21,10,◎ソフトなチーズクリーム,1160.16,1392,135.0,156622.0
2025-10-21,10,キャメＭベリープルーム,1160.16,1392,455.0,527873.0
2025-10-21,10,◎バタークロワッサンメロ,1160.16,1392,147.0,170544.0
2025-10-21,10,キャメＭコールドプルーム,1160.16,1392,455.0,527873.0
2025-10-21,10,◎チョコチップスナック６,1160.16,1392,135.0,156622.0
2025-10-21,10,◎ファミマ・ザ・メロンパ,1160.16,1392,128.0,148500.0
2025-10-21,10,ラーククラシックＭ,1160.16,1392,491.0,569639.0
2025-10-21,10,ラッキーＥＸカット１４,1160.16,1392,428.0,496548.0
2025-10-21,10,ラッキーＢチルベリー８,1160.16,1392,428.0,496548.0
2025-10-21,10,◎生コッペパン（コロッケ,1160.16,1392,167.0,193747.0
2025-10-21,10,ラッキーストライク,1160.16,1392,564.0,654330.0
2025-10-21,10,◎生コッペパン（焼きそば,1160.16,1392,167.0,193747.0
2025-10-21,10,ラッキーシガリロＳライト,1160.16,1392,428.0,496548.0
2025-10-21,10,◎白生コッペパン（トリプ,1160.16,1392,147.0,170544.0
2025-10-21,10,◎ひと口もち食感チーズ（,1160.16,1392,149.0,172864.0
2025-10-21,10,マルボロ・メン８Ｂ,1160.16,1392,546.0,633447.0
2025-10-21,10,◎もっちパン（ミート＆チ,1160.16,1392,121.0,140379.0
2025-10-21,10,◎お肉たっぷりメンチカツ,1160.16,1392,184.0,213469.0
2025-10-21,10,◎天然水新潟県津南６００,1160.16,1392,110.0,127618.0
2025-10-21,10,◎ミニクリームパン５個入,1160.16,1392,149.0,172864.0
2025-10-21,10,◎ジャスミン茶６００,1160.16,1392,110.0,127618.0
2025-10-21,10,クリームたい焼きカスター,1160.16,1392,165.0,191426.0
2025-10-21,10,アスティーグ肌　Ｍ,1160.16,1392,600.0,696096.0
2025-10-21,10,◎のむヨーグルトプレーン,1160.16,1392,149.0,172864.0
2025-10-21,10,ルーロー飯おむすび,1160.16,1392,194.0,225071.0
2025-10-21,10,グリーンダカラ,1160.16,1392,141.0,163583.0
2025-10-21,10,ウィルキンソン　タンサン,1160.16,1392,112.0,129938.0
2025-10-21,10,チョコラＢＢハイパー,1160.16,1392,380.0,440861.0
2025-10-21,10,◎発酵バター香るチョコク,1160.16,1392,147.0,170544.0
2025-10-21,10,◎ダブルチョコデニッシュ,1160.16,1392,128.0,148500.0
2025-10-21,10,ウコンの力ドリンク,1160.16,1392,191.0,221591.0
2025-10-21,10,リポビタンＤ,1160.16,1392,164.0,190266.0
2025-10-21,10,◎ゴロゴロチョコのクッキ,1160.16,1392,138.0,160102.0
2025-10-21,10,ジョージア　カフェモカ,1160.16,1392,168.0,194907.0
2025-10-21,10,ジョージア　カフェラテ,1160.16,1392,159.0,184465.0
2025-10-21,10,◎しっとりケーキ（チョコ,1160.16,1392,135.0,156622.0
2025-10-21,10,ジョージア　ブラック,1160.16,1392,149.0,172864.0
2025-10-21,10,◎白生フランスパン（つぶ,1160.16,1392,156.0,180985.0
2025-10-21,10,◎天然水長野県安曇野２Ｌ,1160.16,1392,112.0,129938.0
2025-10-21,10,午後の紅茶　レモンティー,1160.16,1392,160.0,185626.0
2025-10-21,10,◎緑茶６００,1160.16,1392,110.0,127618.0
2025-10-21,10,◎ぶどうぱん（シュガーマ,1160.16,1392,128.0,148500.0
2025-10-21,10,◎麦茶６００,1160.16,1392,110.0,127618.0
2025-10-21,10,健康ミネラルむぎ茶,1160.16,1392,158.0,183305.0
2025-10-21,10,◎生スコーン６個入,1160.16,1392,172.0,199548.0
2025-10-21,10,◎アップル香るジャスミン,1160.16,1392,110.0,127618.0
2025-10-21,10,塩バター揚げ焼きくりーむ,1160.16,1392,276.0,320204.0
2025-10-21,10,マルボロ・メン１２Ｂ,1160.16,1392,546.0,633447.0
2025-10-21,10,専ＵＦＯ大盛焼そばパンガ,1160.16,1392,276.0,320204.0
2025-10-21,10,じゃがりこチーズ,1160.16,1392,185.0,214630.0
2025-10-21,10,◎冷やし胡瓜一本漬,1160.16,1392,172.0,199548.0
2025-10-21,10,◎タンスティックレモン,1160.16,1392,184.0,213469.0
2025-10-21,10,メビウスＥＸＬ,1160.16,1392,528.0,612564.0
2025-10-21,10,メビウスＬ,1160.16,1392,528.0,612564.0
2025-10-21,10,メビウスＳＬ１００Ｂ,1160.16,1392,528.0,612564.0
2025-10-21,10,焙煎ごまドレッシング,1160.16,1392,33.0,38285.0
2025-10-21,10,◎半熟ゆでたまご１個,1160.16,1392,98.0,113696.0
2025-10-21,10,ポケカ拡張　ホワイト,1160.16,1392,264.0,306282.0
2025-10-21,10,テリアスムースレギュラー,1160.16,1392,528.0,612564.0
2025-10-21,10,高菜の寿司,1160.16,1392,176.0,204188.0
2025-10-21,10,レジ袋弁当大バイオマス,1160.16,1392,5.0,5801.0
2025-10-21,10,ホープ１０,1160.16,1392,273.0,316724.0
2025-10-21,10,手巻　紀州南高梅,1160.16,1392,158.0,183305.0
2025-10-21,10,手巻　真昆布,1160.16,1392,158.0,183305.0
2025-10-21,10,大きな　僕の梅おかか,1160.16,1392,297.0,344568.0
2025-10-21,10,味付海苔　おかか味噌,1160.16,1392,161.0,186786.0
2025-10-21,10,増量　手巻　紅しゃけ,1160.16,1392,195.0,226231.0
2025-10-21,10,増量　手巻　辛子明太子,1160.16,1392,195.0,226231.0
2025-10-21,10,大きな　昆布とツナマヨ,1160.16,1392,269.0,312083.0
2025-10-21,10,手巻　たらこマヨネーズ,1160.16,1392,188.0,218110.0
2025-10-21,10,豚バラしょうゆ,1160.16,1392,276.0,320204.0
2025-10-21,10,サンドおむすび　牛カルビ,1160.16,1392,328.0,380532.0
2025-10-21,10,手巻　紅しゃけ,1160.16,1392,195.0,226231.0
2025-10-21,10,レジ袋１２号バイオマス,1160.16,1392,3.0,3480.0
2025-10-21,10,ピース・ライト・ＢＯＸ,1160.16,1392,546.0,633447.0
2025-10-21,10,ピアニシモ・アリア・メン,1160.16,1392,519.0,602123.0
2025-10-21,10,◎海鮮スティック明太マヨ,1160.16,1392,167.0,193747.0
2025-10-21,10,センティアＩブラック,1160.16,1392,482.0,559197.0
2025-10-21,10,冷し明太とろろうどん,1160.16,1392,508.0,589361.0
2025-10-21,10,冷したぬきうどん,1160.16,1392,399.0,462904.0
2025-10-21,10,ゆず冷し鶏塩おろしうどん,1160.16,1392,526.0,610244.0
2025-10-21,10,テリアイエローメンソール,1160.16,1392,528.0,612564.0
2025-10-21,10,テリアサンパール,1160.16,1392,528.0,612564.0
2025-10-21,10,テリアシャインパール,1160.16,1392,528.0,612564.0
2025-10-21,10,マルボロ・ボックス,1160.16,1392,546.0,633447.0
2025-10-21,10,シーチキン＆コーンサラダ,1160.16,1392,249.0,288880.0
2025-10-21,10,ケントエス１・１００Ｂ,1160.16,1392,455.0,527873.0
2025-10-21,10,ローストチキンパスタサラ,1160.16,1392,369.0,428099.0
2025-10-21,10,エボルタＮＥＯ単４－４Ｐ,1160.16,1392,659.0,764545.0
2025-10-21,10,ライトニング１．２ｍ,1160.16,1392,1800.0,2088288.0
2025-10-21,10,ＣＲバーナーライター,1160.16,1392,190.0,220430.0
2025-10-21,10,耐風ビニール傘７０,1160.16,1392,862.0,1000058.0
2025-10-21,10,ダブルシュー,1160.16,1392,172.0,199548.0
2025-10-21,10,デイリースポーツ東日本,1160.16,1392,146.0,169383.0
2025-10-21,10,冷やして食べるバウム,1160.16,1392,167.0,193747.0
2025-10-21,10,マカロンチョコパッション,1160.16,1392,267.0,309763.0
2025-10-21,10,日刊ゲンダイ,1160.16,1392,164.0,190266.0
2025-10-21,10,日本経済新聞,1160.16,1392,182.0,211149.0
2025-10-21,10,ＡｍａｚｏｎＶＡＲ,1160.16,1392,10000.0,11601600.0
2025-10-21,10,２種のキンパ,1160.16,1392,510.0,591682.0
2025-10-21,10,セブンスター,1160.16,1392,546.0,633447.0
2025-10-21,10,セブンスター・ＢＯＸ,1160.16,1392,546.0,633447.0
2025-10-21,10,手巻　辛子明太子,1160.16,1392,195.0,226231.0
2025-10-21,10,カロリーＭハーフ　バニラ,1160.16,1392,110.0,127618.0
2025-10-21,10,手巻シーチキンマヨネーズ,1160.16,1392,165.0,191426.0
2025-10-21,10,直巻　和風ツナマヨネーズ,1160.16,1392,149.0,172864.0
2025-10-21,10,テリアブラックＭ１０Ｐ,1160.16,1392,5273.0,6117524.0
2025-10-21,10,アサヒ生ビール３５０,1160.16,1392,216.0,250595.0
2025-10-21,10,スーパードライ３５０,1160.16,1392,216.0,250595.0
2025-10-21,10,さばと青じそおむすび,1160.16,1392,139.0,161262.0
2025-10-21,10,テリアＯパール,1160.16,1392,528.0,612564.0
2025-10-21,10,ポケカ拡張　ブラック,1160.16,1392,264.0,306282.0
2025-10-21,10,ポケカ拡張　バトルＰ,1160.16,1392,164.0,190266.0
2025-10-21,10,サラサクリップ　黒,1160.16,1392,99.0,114856.0
2025-10-21,10,ＬＩＢＥＲＡミルク,1160.16,1392,277.0,321364.0
2025-10-21,10,◎しみチョココーン,1160.16,1392,147.0,170544.0
2025-10-21,10,◎チョコシュー,1160.16,1392,128.0,148500.0
2025-10-21,10,もち麦　鮭ひじきしそ風味,1160.16,1392,163.0,189106.0
2025-10-21,10,◎こだわりのフロランタン,1160.16,1392,184.0,213469.0
2025-10-21,10,◎もちもちレモンドーナツ,1160.16,1392,149.0,172864.0
2025-10-21,10,◎濃厚ミルクドーナツ,1160.16,1392,100.0,116016.0
2025-10-21,10,◎焼たまごカレートースト,1160.16,1392,167.0,193747.0
2025-10-21,10,スイートサンダーいちご,1160.16,1392,60.0,69610.0
2025-10-21,10,ブラックサンダー,1160.16,1392,41.0,47567.0
2025-10-21,10,◎大きいウインナー,1160.16,1392,153.0,177504.0
2025-10-21,10,◎大きいあらびきチョリソ,1160.16,1392,153.0,177504.0
2025-10-21,10,パウダー２５０％ハッピー,1160.16,1392,120.0,139219.0
2025-10-21,10,◎ベーコンチーズオニオン,1160.16,1392,149.0,172864.0
2025-10-21,10,Ｆグレイシアラムネわらび,1160.16,1392,156.0,180985.0
2025-10-21,10,じゃがりこサラダ,1160.16,1392,185.0,214630.0
2025-10-21,10,ミンティアコールドスマッ,1160.16,1392,105.0,121817.0
2025-10-21,10,直巻　とり五目,1160.16,1392,165.0,191426.0
2025-10-21,10,ラッキーＳメンソール,1160.16,1392,391.0,453623.0
2025-10-21,10,ラッキーＳダークＭ,1160.16,1392,391.0,453623.0
2025-10-21,10,直巻　明太子マヨネーズ,1160.16,1392,165.0,191426.0
2025-10-21,10,直巻　焼しゃけ,1160.16,1392,158.0,183305.0
2025-10-21,10,レジ袋,1160.16,1392,3.0,3480.0
2025-10-21,10,１９６ＳＴゼロＷレモン３,1160.16,1392,161.0,186786.0
2025-10-21,10,角ハイボール３５０,1160.16,1392,219.0,254075.0
2025-10-21,10,氷結レモン３５０,1160.16,1392,168.0,194907.0
2025-10-21,10,生ハム寿司,1160.16,1392,212.0,245954.0
2025-10-21,10,テリアブラックパープルＭ,1160.16,1392,528.0,612564.0
2025-10-21,10,テリアブラックメンソール,1160.16,1392,528.0,612564.0
2025-10-21,10,手巻寿司　納豆,1160.16,1392,184.0,213469.0
2025-10-21,10,テリアミント,1160.16,1392,528.0,612564.0
2025-10-21,10,手巻寿司　シーチキンマヨ,1160.16,1392,167.0,193747.0
2025-10-21,10,テリアメンソール,1160.16,1392,528.0,612564.0
2025-10-21,10,テリアリッチレギュラー,1160.16,1392,528.0,612564.0
2025-10-21,10,テリアリビエラパール,1160.16,1392,528.0,612564.0
2025-10-21,10,テリアレギュラー,1160.16,1392,528.0,612564.0
2025-10-21,10,鮭はらみおむすび,1160.16,1392,258.0,299321.0
2025-10-21,10,助六寿司,1160.16,1392,482.0,559197.0
2025-10-21,10,テリアＢルビーＭ,1160.16,1392,528.0,612564.0
2025-10-21,10,ネオアークティックＭ,1160.16,1392,455.0,527873.0
2025-10-21,10,高菜たくあんおむすび,1160.16,1392,135.0,156622.0
2025-10-21,10,ラッキーＳダークタバコ,1160.16,1392,391.0,453623.0
2025-10-21,10,◎ハムチーズマヨネーズ２,1160.16,1392,135.0,156622.0
2025-10-21,10,ＭＶコールドＭプルーム,1160.16,1392,455.0,527873.0
2025-10-21,10,まるで桃みたいなケーキ,1160.16,1392,276.0,320204.0
2025-10-21,10,クリームワッフルクッキー,1160.16,1392,260.0,301642.0
2025-10-21,10,調製豆乳,1160.16,1392,105.0,121817.0
2025-10-21,10,テリアパープルメンソール,1160.16,1392,528.0,612564.0
2025-10-21,10,テリアバランスドＲ,1160.16,1392,528.0,612564.0
2025-10-21,10,野菜一日これ一本,1160.16,1392,113.0,131098.0
2025-10-21,10,◎デニッシュブレッド３枚,1160.16,1392,156.0,180985.0
2025-10-21,10,センティアＳバイオレット,1160.16,1392,482.0,559197.0
2025-10-21,10,◎バタークロワッサンメ３,1160.16,1392,156.0,180985.0
2025-10-21,10,センティアＩパープル,1160.16,1392,482.0,559197.0
2025-10-21,10,◎ファミマの牛乳５００,1160.16,1392,175.0,203028.0
2025-10-21,10,サブレサンドバニライチゴ,1160.16,1392,332.0,385173.0
2025-10-21,10,冷しニンニクまぜそば,1160.16,1392,647.0,750624.0
2025-10-21,10,ＳＰＡＭ　タコスミート,1160.16,1392,315.0,365450.0
2025-10-21,10,ＳＰＡＭ　ツナマヨネーズ,1160.16,1392,266.0,308603.0
2025-10-21,10,不明,1160.16,1392,164.0,190266.0
2025-10-21,10,レジ袋４５号バイオマス,1160.16,1392,7.0,8121.0
2025-10-21,10,鮭ほぐし飯（和風だしごは,1160.16,1392,338.0,392134.0
2025-10-21,10,天タレおむすび,1160.16,1392,138.0,160102.0
2025-10-21,10,植物生のスパイシーカレー,1160.16,1392,146.0,169383.0
2025-10-21,10,赤飯おむすび,1160.16,1392,165.0,191426.0
2025-10-21,10,レジ袋２０号バイオマス,1160.16,1392,5.0,5801.0
2025-10-21,10,鶏のうまみ！鶏そぼろ弁当,1160.16,1392,320.0,371251.0
2025-10-21,10,冷しビャンビャン麺,1160.16,1392,510.0,591682.0
2025-10-21,10,ラッキーＳＲタバコ１０Ｐ,1160.16,1392,3910.0,4536226.0
2025-10-21,10,野沢菜いなり寿司,1160.16,1392,179.0,207669.0
2025-10-21,10,国産チキン彩り野菜うどん,1160.16,1392,554.0,642729.0
2025-10-21,10,手巻寿司　ねぎとろ（青ま,1160.16,1392,230.0,266837.0
2025-10-21,10,かぶり寿司　唐揚げ巻,1160.16,1392,283.0,328325.0
2025-10-21,10,塩こんぶおむすび,1160.16,1392,139.0,161262.0
2025-10-21,10,サンド寿司　まぐろたくあ,1160.16,1392,334.0,387493.0
2025-10-21,10,冷たい生パスタ海老トマト,1160.16,1392,499.0,578920.0
2025-10-21,10,ジューシーハムサンド,1160.16,1392,297.0,344568.0
2025-10-21,10,ラッキーＳリッチタバコ,1160.16,1392,391.0,453623.0
2025-10-21,10,テリヤキチキンとたまごＳ,1160.16,1392,323.0,374732.0
2025-10-21,10,ラッキーＳベリーＭ,1160.16,1392,391.0,453623.0
2025-10-21,10,ラッキーＳトロピカルＳ,1160.16,1392,391.0,453623.0
2025-10-21,10,３種チーズとハムのサンド,1160.16,1392,323.0,374732.0
2025-10-21,10,ベコンレタストマトサンド,1160.16,1392,369.0,428099.0
2025-10-21,10,ネオＢベリーハイパー用,1160.16,1392,455.0,527873.0
2025-10-21,10,チキン南蛮サンド,1160.16,1392,369.0,428099.0
2025-10-21,10,ミックスサンド,1160.16,1392,276.0,320204.0
2025-10-21,10,鶏焼肉のバインミー,1160.16,1392,369.0,428099.0
2025-10-21,10,シーチキン＆たまごサラダ,1160.16,1392,239.0,277278.0
2025-10-21,10,棒棒鶏風サラダ,1160.16,1392,406.0,471025.0
2025-10-21,10,和風ドレッシング,1160.16,1392,33.0,38285.0
2025-10-21,10,シャキシャキレタスサンド,1160.16,1392,297.0,344568.0
2025-10-21,10,サメジマブルーソーダ味,1160.16,1392,178.0,206508.0
2025-10-21,10,蒸鶏とねぎのトマトパスタ,1160.16,1392,462.0,535994.0
2025-10-21,10,大きなおむすび唐揚げマヨ,1160.16,1392,290.0,336446.0
2025-10-21,10,本まぐろわさび醤油おむす,1160.16,1392,280.0,324845.0
2025-10-21,10,◎ベーコンペッパーマヨ,1160.16,1392,121.0,140379.0
2025-10-21,10,メビウス,1160.16,1392,528.0,612564.0
2025-10-21,10,シャインマスカットのど飴,1160.16,1392,105.0,121817.0
2025-10-21,10,ぷっちょＳＴメガコーラ,1160.16,1392,118.0,136899.0
2025-10-21,10,ハイチュウグレープ,1160.16,1392,127.0,147340.0
2025-10-21,10,ハイライトメンソール,1160.16,1392,473.0,548756.0
2025-10-21,10,ハイチュウＰシャインマス,1160.16,1392,152.0,176344.0
2025-10-21,10,センティアＦグリーン,1160.16,1392,482.0,559197.0
2025-10-21,10,ハイライト,1160.16,1392,473.0,548756.0
2025-10-21,10,ハイチュウＰ巨峰,1160.16,1392,152.0,176344.0
2025-10-21,10,キャメルクラフトＭ５,1160.16,1392,410.0,475666.0
2025-10-21,10,アメスピＯＭ１,1160.16,1392,382.0,443181.0
2025-10-21,10,アメスピＯＭライト,1160.16,1392,382.0,443181.0
2025-10-21,10,コロロシャインマスカット,1160.16,1392,148.0,171704.0
2025-10-21,10,コーラアップ,1160.16,1392,242.0,280759.0
2025-10-21,10,アメスピライト,1160.16,1392,382.0,443181.0
2025-10-21,10,ハイチュウＰヨーグルト,1160.16,1392,152.0,176344.0
2025-10-21,10,ＭＶスムースＲプルーム,1160.16,1392,455.0,527873.0
2025-10-21,10,◎しみ旨フレンチトースト,1160.16,1392,144.0,167063.0
2025-10-21,10,ＭＶシトラスＯＰプルーム,1160.16,1392,455.0,527873.0
2025-10-21,10,◎もちっとつぶあんドーナ,1160.16,1392,125.0,145020.0
2025-10-21,10,◎ミニフレンチトースト４,1160.16,1392,172.0,199548.0
2025-10-21,10,センティアＤブロンズ,1160.16,1392,482.0,559197.0
2025-10-21,10,センティアＣジェイド,1160.16,1392,482.0,559197.0
2025-10-21,10,センティアクリアシルバー,1160.16,1392,482.0,559197.0
2025-10-21,10,専ＵＦＯプチ焼そばパン４,1160.16,1392,212.0,245954.0
2025-10-21,10,ケントＴＲメンソール,1160.16,1392,437.0,506990.0
2025-10-21,10,◎北海道メロンパン,1160.16,1392,125.0,145020.0
2025-10-21,10,ケントＴメンソール,1160.16,1392,437.0,506990.0
2025-10-21,10,◎生コッペパン（あんバタ,1160.16,1392,135.0,156622.0
2025-10-21,10,◎白生コッペパン（カスタ,1160.16,1392,128.0,148500.0
2025-10-21,10,マルボロ・ブラックＭ８,1160.16,1392,546.0,633447.0
2025-10-21,10,ＭＶＰＧレギュラーウィズ,1160.16,1392,546.0,633447.0
2025-10-21,10,ＭＶＰＧメンソールウィズ,1160.16,1392,546.0,633447.0
2025-10-21,10,ＭＶＧレッドＭウィズ,1160.16,1392,546.0,633447.0
2025-10-21,10,◎ふんわりホットケーキ２,1160.16,1392,128.0,148500.0
2025-10-21,10,◎完熟バナナパンケーキ,1160.16,1392,138.0,160102.0
2025-10-21,10,ＭＶベリーＯＰプルーム,1160.16,1392,455.0,527873.0
2025-10-21,10,◎いちごのクロワッサン（,1160.16,1392,147.0,170544.0
2025-10-21,10,ＭＶブラックＣＭプルーム,1160.16,1392,455.0,527873.0
2025-10-21,10,タフグミグレーピーパンチ,1160.16,1392,238.0,276118.0
2025-10-21,10,はちみつカリンのど飴,1160.16,1392,124.0,143860.0
2025-10-21,10,メビウスワン,1160.16,1392,528.0,612564.0
2025-10-21,10,メビウスＥ１　１００Ｓ,1160.16,1392,455.0,527873.0
2025-10-21,10,◎スーパーＣＨ無糖レモ３,1160.16,1392,119.0,138059.0
2025-10-21,10,おむすびおかずＳ（昆・ツ,1160.16,1392,434.0,503509.0
2025-10-21,10,特撰　白角水割　２５０,1160.16,1392,175.0,203028.0
2025-10-21,10,茉莉花ジャスミン茶割ＪＪ,1160.16,1392,181.0,209989.0
2025-10-21,10,檸檬堂夏のラムネとレモン,1160.16,1392,160.0,185626.0
2025-10-21,10,手巻寿司　サーモン（青ま,1160.16,1392,230.0,266837.0
2025-10-21,10,本搾りライム３５０,1160.16,1392,168.0,194907.0
2025-10-21,10,未来のレサワオリジナル３,1160.16,1392,271.0,314403.0
2025-10-21,10,ルイボスティーハイ３４０,1160.16,1392,181.0,209989.0
2025-10-21,10,手巻寿司　青しそ納豆,1160.16,1392,190.0,220430.0
2025-10-21,10,◎スーパーＣＨグレフル３,1160.16,1392,119.0,138059.0
2025-10-21,10,大関　佳撰ワンカップ,1160.16,1392,219.0,254075.0
2025-10-21,10,金麦３５０,1160.16,1392,180.0,208829.0
2025-10-21,10,いなり寿司３ヶ入,1160.16,1392,276.0,320204.0
2025-10-21,10,ザプレミアムモルツ３５０,1160.16,1392,254.0,294681.0
2025-10-21,10,黒ラベル３５０,1160.16,1392,216.0,250595.0
2025-10-21,10,炙り焼辛子明太子おむすび,1160.16,1392,251.0,291200.0
2025-10-21,10,◎パン・オ・ショコラ４個,1160.16,1392,184.0,213469.0
2025-10-21,10,６種具材の冷し中華,1160.16,1392,536.0,621846.0
2025-10-21,10,センティアＦパープル,1160.16,1392,482.0,559197.0
2025-10-21,10,キシリトール粒フレッシュ,1160.16,1392,178.0,206508.0
2025-10-21,10,大粒ラムネＲすっぱレモン,1160.16,1392,133.0,154301.0
2025-10-21,10,マルボロアイスＢ・Ｍ８,1160.16,1392,546.0,633447.0
2025-10-21,10,マルボロアイスＢ・Ｍ５,1160.16,1392,546.0,633447.0
2025-10-21,10,ベロＭＰＭインテンス,1160.16,1392,291.0,337607.0
2025-10-21,10,◎黒胡椒香るチーズフラン,1160.16,1392,184.0,213469.0
2025-10-21,10,ケント・１・１００ＢＯＸ,1160.16,1392,473.0,548756.0
2025-10-21,10,◎ファミマ・ザ・カレーパ,1160.16,1392,139.0,161262.0
2025-10-21,10,ケントエス・スパーク１,1160.16,1392,455.0,527873.0
2025-10-21,10,◎手巻きソーセージドーナ,1160.16,1392,158.0,183305.0
2025-10-21,10,マルボロゴールドＢ,1160.16,1392,546.0,633447.0
2025-10-21,10,キシリトール粒グレープ,1160.16,1392,178.0,206508.0
2025-10-21,10,キシリトール粒ライムミン,1160.16,1392,178.0,206508.0
2025-10-21,10,Ｗ・Ｃ・ホワイト・５,1160.16,1392,491.0,569639.0
2025-10-21,10,メビＰＭＯＰＰ１１００,1160.16,1392,528.0,612564.0
2025-10-21,10,メビウスＳＬ,1160.16,1392,528.0,612564.0
2025-10-21,10,フリスクＦＦマスカット,1160.16,1392,278.0,322524.0
2025-10-21,10,ヨーグレットミニ,1160.16,1392,150.0,174024.0
2025-10-21,10,メビウスＥＭＯＰＰ５Ｓ,1160.16,1392,455.0,527873.0
2025-10-21,10,メロンソーダアップ,1160.16,1392,242.0,280759.0
2025-10-21,10,ラムネアップ,1160.16,1392,242.0,280759.0
2025-10-21,10,サンスポ（サンケ,1160.16,1392,164.0,190266.0
2025-10-21,10,コンパクトＳ２４．５ｃｍ,1160.16,1392,230.0,266837.0
2025-10-21,10,忍者めしラムネ,1160.16,1392,125.0,145020.0
2025-10-21,10,週刊少年ジャンプ,1160.16,1392,282.0,327165.0
2025-10-21,10,男梅グミ,1160.16,1392,143.0,165903.0
2025-10-21,10,週　刊　文　春,1160.16,1392,464.0,538314.0
2025-10-21,10,◎ドライみかん,1160.16,1392,276.0,320204.0
2025-10-21,10,ヤングマガジン,1160.16,1392,464.0,538314.0
2025-10-21,10,◎ドライりんご,1160.16,1392,276.0,320204.0
2025-10-21,10,◎５種のナッツ＆フルーツ,1160.16,1392,198.0,229712.0
2025-10-21,10,◎おしゃぶり昆布,1160.16,1392,172.0,199548.0
2025-10-21,10,ＢＩＣ電子ライター,1160.16,1392,170.0,197227.0
2025-10-21,10,◎やみつき種ぬき干し梅,1160.16,1392,175.0,203028.0
2025-10-21,10,コンパクトＳ２１．５ｃｍ,1160.16,1392,230.0,266837.0
2025-10-21,10,◎除菌ハンディＷティシュ,1160.16,1392,164.0,190266.0
2025-10-21,10,コカ・コーラ　３００,1160.16,1392,110.0,127618.0
2025-10-21,10,◎みるくバターまんじゅう,1160.16,1392,144.0,167063.0
2025-10-21,10,◎パイまんじゅうつぶあん,1160.16,1392,153.0,177504.0
2025-10-21,10,ピュレグミＰ白桃,1160.16,1392,180.0,208829.0
2025-10-21,10,ピュレグミＰマスカット,1160.16,1392,180.0,208829.0
2025-10-21,10,ピュレグミグレープ味,1160.16,1392,150.0,174024.0
2025-10-21,10,◎紅はるかの熟成干し芋,1160.16,1392,260.0,301642.0
2025-10-21,10,龍角散ののどすっきり飴袋,1160.16,1392,280.0,324845.0
2025-10-21,10,まい塩あめ小袋,1160.16,1392,138.0,160102.0
2025-10-21,10,今治ＴＨドット,1160.16,1392,600.0,696096.0
2025-10-21,10,ハンカチＳＴ,1160.16,1392,600.0,696096.0
2025-10-21,10,婦人ショートＳ白,1160.16,1392,390.0,452462.0
2025-10-21,10,ひざ下２足ヌードベージュ,1160.16,1392,500.0,580080.0
2025-10-21,10,邪払のど飴小袋,1160.16,1392,119.0,138059.0
2025-10-21,10,◎ばんそうこうＭサイズ,1160.16,1392,362.0,419978.0
2025-10-21,10,プリッツ旨サラダ,1160.16,1392,131.0,151981.0
2025-10-21,10,◎チョコマシュマロ,1160.16,1392,139.0,161262.0
2025-10-21,10,◎ミニバタークッキー,1160.16,1392,128.0,148500.0
2025-10-21,10,シルキータッチふつう,1160.16,1392,398.0,461744.0
2025-10-21,10,◎練乳はちみつドーナツ,1160.16,1392,147.0,170544.0
2025-10-21,10,◎こだわりのマドレーヌ,1160.16,1392,147.0,170544.0
2025-10-21,10,ソフトタンポンコンパクト,1160.16,1392,282.0,327165.0
2025-10-21,10,◎こだわりのワッフル,1160.16,1392,144.0,167063.0
2025-10-21,10,今治ＴＨＳＴ／青橙,1160.16,1392,600.0,696096.0
2025-10-21,10,ジェットスリーム０．５,1160.16,1392,150.0,174024.0
2025-10-21,10,リングメモＡ７Ｂ罫,1160.16,1392,208.0,241313.0
2025-10-21,10,ハリボーハッピーコーラ,1160.16,1392,198.0,229712.0
2025-10-21,10,東スポ（東京スポーツ）,1160.16,1392,164.0,190266.0
2025-10-21,10,ドデカミンＢＩＧ,1160.16,1392,149.0,172864.0
2025-10-21,10,今治ＴＨネイビーＭＩＸ,1160.16,1392,600.0,696096.0
2025-10-21,10,◎ミニ羊羹　煉,1160.16,1392,91.0,105575.0
2025-10-21,10,ペプシコーラ　６００,1160.16,1392,130.0,150821.0
2025-10-21,10,無香料ケープ　ＳＨ　小,1160.16,1392,300.0,348048.0
2025-10-21,10,◎贅沢バウムクーヘン,1160.16,1392,202.0,234352.0
2025-10-21,10,◎とろけるチョコミントＣ,1160.16,1392,139.0,161262.0
2025-10-21,10,◎４種のフルーツケーキ,1160.16,1392,156.0,180985.0
2025-10-21,10,バナナバウムクーヘン,1160.16,1392,139.0,161262.0
2025-10-21,10,さらさらシートせっけん,1160.16,1392,295.0,342247.0
2025-10-21,10,ベースブレッドシナモン,1160.16,1392,260.0,301642.0
2025-10-21,10,ビオレふくだけＣうるおい,1160.16,1392,341.0,395615.0
2025-10-21,10,ベースブレッドチョコ,1160.16,1392,260.0,301642.0
2025-10-21,10,ベースブレッドメープル,1160.16,1392,260.0,301642.0
2025-10-21,10,天然水きりっとヨグ,1160.16,1392,159.0,184465.0
2025-10-21,10,Ｆリーフィアロールケーキ,1160.16,1392,165.0,191426.0
2025-10-21,10,梅のり巻,1160.16,1392,142.0,164743.0
2025-10-21,10,耐風ビニール傘６５,1160.16,1392,705.0,817913.0
2025-10-21,10,ＣＷワンタッチ開閉折傘,1160.16,1392,2014.0,2336562.0
2025-10-21,10,レインコートＬ,1160.16,1392,687.0,797030.0
2025-10-21,10,アクオグリーンミント,1160.16,1392,170.0,197227.0
2025-10-21,10,アクオクリアブルーミント,1160.16,1392,170.0,197227.0
2025-10-21,10,◎春雨スープ担々麺味,1160.16,1392,167.0,193747.0
2025-10-21,10,◎とん汁,1160.16,1392,167.0,193747.0
2025-10-21,10,Ｆレモンクリームのロール,1160.16,1392,153.0,177504.0
2025-10-21,10,クリアクリーントラベル,1160.16,1392,323.0,374732.0
2025-10-21,10,◎濃厚チョコパウンド,1160.16,1392,213.0,247114.0
2025-10-21,10,モンスターエナジーボトル,1160.16,1392,297.0,344568.0
2025-10-21,10,おっとっとうすしお味,1160.16,1392,131.0,151981.0
2025-10-21,10,チップスターＳうすしお味,1160.16,1392,144.0,167063.0
2025-10-21,10,アクエリアス５００,1160.16,1392,160.0,185626.0
2025-10-21,10,チップスターＳコンソメ味,1160.16,1392,144.0,167063.0
2025-10-21,10,サントリー天然水　２Ｌ,1160.16,1392,131.0,151981.0
2025-10-21,10,天然水１Ｌ,1160.16,1392,168.0,194907.0
2025-10-21,10,◎キャラメルコーン,1160.16,1392,119.0,138059.0
2025-10-21,10,◎ＢＳラーメン丸チキン味,1160.16,1392,119.0,138059.0
2025-10-21,10,◎天然水新潟県津南３７０,1160.16,1392,100.0,116016.0
2025-10-21,10,ＳＯＹＪＯＹ　黒ゴマ,1160.16,1392,125.0,145020.0
2025-10-21,10,◎きんつば,1160.16,1392,158.0,183305.0
2025-10-21,10,ウェルチ　１房分のぶどう,1160.16,1392,160.0,185626.0
2025-10-21,10,天然水きりっと果実,1160.16,1392,159.0,184465.0
2025-10-21,10,玉ねぎせん,1160.16,1392,158.0,183305.0
2025-10-21,10,贅沢保湿ポケットＴ,1160.16,1392,169.0,196067.0
2025-10-21,10,◎チョコミントタルト,1160.16,1392,176.0,204188.0
2025-10-21,10,◎チョコミントロール,1160.16,1392,167.0,193747.0
2025-10-21,10,◎水に流せるポケットＴ,1160.16,1392,133.0,154301.0
2025-10-21,10,◎紀州南高梅茎わかめ,1160.16,1392,158.0,183305.0
2025-10-21,10,◎種ぬきはちみつ干し梅,1160.16,1392,158.0,183305.0
2025-10-21,10,今治ＴＨ２５夏の色白,1160.16,1392,600.0,696096.0
2025-10-21,10,１本満足シリアルチョコ,1160.16,1392,152.0,176344.0
2025-10-21,10,１本満足シリアルブラック,1160.16,1392,152.0,176344.0
2025-10-21,10,爽健美茶３００,1160.16,1392,110.0,127618.0
2025-10-21,10,おーいお茶緑茶　３５０,1160.16,1392,110.0,127618.0
2025-10-21,10,１本満足シリアルホワイト,1160.16,1392,152.0,176344.0
2025-10-21,10,伊右衛門特茶,1160.16,1392,170.0,197227.0
2025-10-21,10,ヘルシア緑茶　３５０ｍｌ,1160.16,1392,180.0,208829.0
2025-10-21,10,Ｃ玄米ブラン　ブルーベリ,1160.16,1392,155.0,179825.0
2025-10-21,10,クラフトボスイタリアーノ,1160.16,1392,159.0,184465.0
2025-10-21,10,Ｃ玄米ブランメープル,1160.16,1392,155.0,179825.0
2025-10-21,10,モーニングマアムバニラ,1160.16,1392,130.0,150821.0
2025-10-21,10,◎玄米茶　６００,1160.16,1392,110.0,127618.0
2025-10-21,10,◎台湾烏龍茶　６００,1160.16,1392,110.0,127618.0
2025-10-21,10,ｉｎゼリーマルチビタミン,1160.16,1392,210.0,243634.0
2025-10-21,10,Ｃ１０００ビタミンレモン,1160.16,1392,130.0,150821.0
2025-10-21,10,◎ピーチマンゴールイボス,1160.16,1392,110.0,127618.0
2025-10-21,10,オロナミンＣ,1160.16,1392,135.0,156622.0
2025-10-21,10,ヘパリーゼＷ,1160.16,1392,276.0,320204.0
2025-10-21,10,い・ろ・は・す５４０,1160.16,1392,118.0,136899.0
2025-10-21,10,カロリＭハーフチーズ味,1160.16,1392,110.0,127618.0
2025-10-21,10,クラフトボス　ミルクラテ,1160.16,1392,166.0,192587.0
2025-10-21,10,伊右衛門　６００,1160.16,1392,158.0,183305.0
2025-10-21,10,午後の紅茶　ミルクティー,1160.16,1392,160.0,185626.0
2025-10-21,10,◎オレンジ香アールグレイ,1160.16,1392,110.0,127618.0
2025-10-21,10,きのこベーコン醤油パスタ,1160.16,1392,434.0,503509.0
2025-10-21,10,小岩井　Ｔｈｅカフェオレ,1160.16,1392,159.0,184465.0
2025-10-21,10,おーいお茶濃く香るほうじ,1160.16,1392,158.0,183305.0
2025-10-21,10,クラフトボスブラック,1160.16,1392,149.0,172864.0
2025-10-21,10,ウィルキンソン　レモン,1160.16,1392,112.0,129938.0
2025-10-21,10,クラフトボス　ラテ,1160.16,1392,159.0,184465.0
2025-10-21,10,除菌アルコールタオル,1160.16,1392,238.0,276118.0
2025-10-21,10,１００％　オレンジ,1160.16,1392,168.0,194907.0
2025-10-21,10,カルピス　ザ　リッチ,1160.16,1392,160.0,185626.0
2025-10-21,10,フェイシャルペーパー,1160.16,1392,250.0,290040.0
2025-10-21,10,ｉｎバーザクザクビター,1160.16,1392,170.0,197227.0
2025-10-21,10,ｉｎバー　ベイクドチョコ,1160.16,1392,170.0,197227.0
2025-10-21,10,カシミヤＥＸポケット,1160.16,1392,162.0,187946.0
2025-10-21,10,カロリＭハーフチョコ,1160.16,1392,110.0,127618.0
2025-10-21,10,アイルＣＲ電子ライター,1160.16,1392,159.0,184465.0
2025-10-21,10,カロリーＭハーフフルーツ,1160.16,1392,110.0,127618.0
2025-10-21,10,◎有機栽培の恵み天津甘栗,1160.16,1392,165.0,191426.0
2025-10-21,10,アクエリアス　９５０,1160.16,1392,166.0,192587.0
2025-10-21,10,はだおもい２３ｃｍ,1160.16,1392,253.0,293520.0
2025-10-21,10,コンパクトＳ３０．５ｃｍ,1160.16,1392,230.0,266837.0
2025-10-21,10,イーラインマスクピンク,1160.16,1392,299.0,346888.0
2025-10-21,10,プリングルズサワクリＳ,1160.16,1392,158.0,183305.0
2025-10-21,10,スタイルフィットグレー,1160.16,1392,410.0,475666.0
2025-10-21,10,スタイルフィットＯＬ,1160.16,1392,410.0,475666.0
2025-10-21,10,じゃがビーバターしょうゆ,1160.16,1392,164.0,190266.0
2025-10-21,10,ストロングサワーＣオニオ,1160.16,1392,155.0,179825.0
2025-10-21,10,超快適マスクふつう,1160.16,1392,350.0,406056.0
2025-10-21,10,超快適マスクやや大きめ,1160.16,1392,350.0,406056.0
2025-10-21,10,超快適マスク小さめ,1160.16,1392,350.0,406056.0
2025-10-21,10,７ＤＡＹＳマスク大きめ,1160.16,1392,298.0,345728.0
2025-10-21,10,◎香ばしいバタピー,1160.16,1392,167.0,193747.0
2025-10-21,10,フリクションノックＢＫ,1160.16,1392,230.0,266837.0
2025-10-21,10,◎薫製したうずらたまご,1160.16,1392,249.0,288880.0
2025-10-21,10,富士通ＰＲＥ　単４－４Ｐ,1160.16,1392,528.0,612564.0
2025-10-21,10,◎素焼きミックスナッツ,1160.16,1392,360.0,417658.0
2025-10-21,10,◎ＰＣ濃いめのり塩,1160.16,1392,139.0,161262.0
2025-10-21,10,◎ハンディウェットティシ,1160.16,1392,117.0,135739.0
2025-10-21,10,グリーンダカラ麦茶６８０,1160.16,1392,148.0,171704.0
2025-10-21,10,◎ジュワっとした塩バター,1160.16,1392,130.0,150821.0
2025-10-21,10,ベースブレッドミルク,1160.16,1392,260.0,301642.0
2025-10-21,10,メビウス・ワン・ＢＯＸ,1160.16,1392,528.0,612564.0
2025-10-21,10,カントリーＭミニバニラ,1160.16,1392,121.0,140379.0
2025-10-21,10,ミニたべっ子塩バター味,1160.16,1392,160.0,185626.0
2025-10-21,10,ｅ－ｍａのどグレープ小袋,1160.16,1392,118.0,136899.0
2025-10-21,10,金のミルク小袋,1160.16,1392,138.0,160102.0
2025-10-21,10,塩分チャージタブ小袋塩レ,1160.16,1392,140.0,162422.0
2025-10-21,10,ネオＣＬタバコハイパー用,1160.16,1392,455.0,527873.0
2025-10-21,10,キャメルクラフト６,1160.16,1392,410.0,475666.0
2025-10-21,10,ＭＶＧパープルＭウィズ,1160.16,1392,546.0,633447.0
2025-10-21,10,ＭＶアップルＯＰプルーム,1160.16,1392,455.0,527873.0
2025-10-21,10,ＭＶシャープＣＭプルーム,1160.16,1392,455.0,527873.0
2025-10-21,10,◎チョコチップクッキー,1160.16,1392,128.0,148500.0
2025-10-21,10,ＭＶディープＲプルーム,1160.16,1392,455.0,527873.0
2025-10-21,10,◎ちいさなオールレーズン,1160.16,1392,128.0,148500.0
2025-10-21,10,◎ガトーショコラ風チョコ,1160.16,1392,165.0,191426.0
2025-10-21,10,ＭＶペア―ＯＰプルーム,1160.16,1392,455.0,527873.0
2025-10-21,10,ベースブレッドこしあん,1160.16,1392,276.0,320204.0
2025-10-21,10,ベースブレッドオレンジ,1160.16,1392,276.0,320204.0
2025-10-21,10,◎スティックサラミ,1160.16,1392,110.0,127618.0
2025-10-21,10,◎おつまみイカフライ,1160.16,1392,110.0,127618.0
2025-10-21,10,週刊　モーニング,1160.16,1392,428.0,496548.0
2025-10-21,10,ジャパンニューズ,1160.16,1392,137.0,158942.0
2025-10-21,10,スポーツ報知東日本,1160.16,1392,164.0,190266.0
2025-10-21,10,東京新聞,1160.16,1392,128.0,148500.0
2025-10-21,10,毎日新聞,1160.16,1392,146.0,169383.0
2025-10-21,10,茨城新聞,1160.16,1392,137.0,158942.0
2025-10-21,10,堅ぶつ揚げとうもろこし味,1160.16,1392,128.0,148500.0
2025-10-21,10,ガルボつぶ練り苺ＰＫＰ,1160.16,1392,175.0,203028.0
2025-10-21,10,テリアフュージョンＭ,1160.16,1392,528.0,612564.0
2025-10-21,10,テリアブラックイエローＭ,1160.16,1392,528.0,612564.0
2025-10-21,10,チョコあーんぱん袋,1160.16,1392,121.0,140379.0
2025-10-21,10,産経新聞,1160.16,1392,128.0,148500.0
2025-10-21,10,タフグミ梅マニア,1160.16,1392,238.0,276118.0
2025-10-21,10,テリアトロピカルＭ,1160.16,1392,528.0,612564.0
2025-10-21,10,ＡｐｐｌｅＧＣ＿ＶＡＲ,1160.16,1392,3250.0,3770520.0
2025-10-21,10,ラッキーＥＸカット６,1160.16,1392,428.0,496548.0
2025-10-21,10,キャメルリッチプルーム,1160.16,1392,455.0,527873.0
2025-10-21,10,ソイチキン根菜ラップ,1160.16,1392,369.0,428099.0
2025-10-21,10,ガルボポケットパック,1160.16,1392,175.0,203028.0
2025-10-21,10,クランキーＰＪクランチＣ,1160.16,1392,175.0,203028.0
2025-10-21,10,センティアＴイエロー,1160.16,1392,482.0,559197.0
2025-10-21,10,◎カリカリ梅赤小袋,1160.16,1392,184.0,213469.0
2025-10-21,10,一番搾りホワイト３５０,1160.16,1392,216.0,250595.0
2025-10-21,10,未来のレサワプレーン３４,1160.16,1392,271.0,314403.0
2025-10-21,10,ガーナザクほろ塩ミルＰＪ,1160.16,1392,177.0,205348.0
2025-10-21,10,ひとくちルマンド,1160.16,1392,162.0,187946.0
2025-10-21,10,センティアＳゴールド,1160.16,1392,482.0,559197.0
2025-10-21,10,スニッカーズピーナッツ,1160.16,1392,150.0,174024.0
2025-10-21,10,◎こだわりのフィナンシェ,1160.16,1392,135.0,156622.0
2025-10-21,10,ツナたまごサンド,1160.16,1392,246.0,285399.0
2025-10-21,10,ちびサワーズドリンクアソ,1160.16,1392,211.0,244794.0
2025-10-21,10,メントスグレープ,1160.16,1392,120.0,139219.0
2025-10-21,10,スッパイスッパイマン大作,1160.16,1392,139.0,161262.0
2025-10-21,10,ミンティアＢ濃苺,1160.16,1392,211.0,244794.0
2025-10-21,10,シゲキックス梅ソルト味,1160.16,1392,120.0,139219.0
2025-10-21,10,植物生まれマスカットグミ,1160.16,1392,148.0,171704.0
2025-10-21,10,ザ・クレープ　生チョコ,1160.16,1392,230.0,266837.0
2025-10-21,10,さけるチーズプレーン,1160.16,1392,141.0,163583.0
2025-10-21,10,ナカミグミもも味,1160.16,1392,168.0,194907.0
2025-10-21,10,◎生コッペパン（ツナ＆ポ,1160.16,1392,149.0,172864.0
2025-10-21,10,◎いちごモッチ,1160.16,1392,139.0,161262.0
2025-10-21,10,◎アップルクリームデニッ,1160.16,1392,135.0,156622.0
2025-10-21,10,◎たっぷりクリームデニッ,1160.16,1392,116.0,134579.0
2025-10-21,10,クロレッツＸＰ　オリジナ,1160.16,1392,180.0,208829.0
2025-10-21,10,ミンティアドライハード,1160.16,1392,105.0,121817.0
2025-10-21,10,ミンティアＢシャイニーピ,1160.16,1392,211.0,244794.0
2025-10-21,10,果汁グミぶどう,1160.16,1392,152.0,176344.0
2025-10-21,10,ピュレグミレモン味,1160.16,1392,150.0,174024.0
2025-10-21,10,◎サラダチキンＳハーブ,1160.16,1392,172.0,199548.0
2025-10-21,10,◎グリルチキンＢＰ,1160.16,1392,221.0,256395.0
2025-10-21,10,野菜生活シークヮーサー,1160.16,1392,118.0,136899.0
2025-10-21,10,トマトジュース食塩無添加,1160.16,1392,113.0,131098.0
2025-10-21,10,エッセンシャルズ鉄分,1160.16,1392,152.0,176344.0
2025-10-21,10,エッセンシャルズビタミン,1160.16,1392,152.0,176344.0
2025-10-21,10,ネクターピーチティー,1160.16,1392,193.0,223911.0
2025-10-21,10,◎カフェラテ　砂糖不使用,1160.16,1392,181.0,209989.0
2025-10-21,10,のむフルーチェイチゴ,1160.16,1392,249.0,288880.0
2025-10-21,10,◎のむヨーグルトいちご,1160.16,1392,162.0,187946.0
2025-10-21,10,ＯＡＴＳＩＤＥプレーン,1160.16,1392,128.0,148500.0
2025-10-21,10,激シゲキックスソーダ,1160.16,1392,120.0,139219.0
2025-10-21,10,◎サラダチキンＳスモーク,1160.16,1392,172.0,199548.0
2025-10-21,10,ブレンドＳ,1160.16,1392,135.0,156622.0
2025-10-21,10,◎グリルチキンやきとり,1160.16,1392,221.0,256395.0
2025-10-21,10,アイスコーヒーＳ,1160.16,1392,135.0,156622.0
2025-10-21,10,◎おつまみかまぼこチーズ,1160.16,1392,173.0,200708.0
2025-10-21,10,◎豆腐と枝豆のひじき和え,1160.16,1392,239.0,277278.0
2025-10-21,10,◎特製ダレの味付けたまご,1160.16,1392,304.0,352689.0
2025-10-21,10,豚しゃぶのパスタサラダ,1160.16,1392,369.0,428099.0
2025-10-21,10,豚しゃぶおろしパスタサラ,1160.16,1392,369.0,428099.0
2025-10-21,10,彩りサラダチキンサンド,1160.16,1392,399.0,462904.0
2025-10-21,10,ゆでたまご＆ハムミックス,1160.16,1392,323.0,374732.0
2025-10-21,10,焦がし醤油風グリルチキン,1160.16,1392,369.0,428099.0
2025-10-21,10,ラッキーＥＸカット１０,1160.16,1392,428.0,496548.0
2025-10-21,10,◎チョコツイスト３本入,1160.16,1392,144.0,167063.0
2025-10-21,10,生ハムとルッコラ,1160.16,1392,462.0,535994.0
2025-10-21,10,◎生コッペパン（ダブルピ,1160.16,1392,135.0,156622.0
2025-10-21,10,おいしい牛乳２００ＭＬ,1160.16,1392,133.0,154301.0
2025-10-21,10,◎白生クリームパン（ダブ,1160.16,1392,147.0,170544.0
2025-10-21,10,◎炙りいかそうめん,1160.16,1392,193.0,223911.0
2025-10-21,10,Ｗ・Ｃホワイト１・１００,1160.16,1392,491.0,569639.0
2025-10-21,10,チップスターＳ梅しそ味,1160.16,1392,158.0,183305.0
2025-10-21,10,◎フランクロール,1160.16,1392,184.0,213469.0
2025-10-21,10,メビＰメンＯＰＰ８,1160.16,1392,528.0,612564.0
2025-10-21,10,今治ＴＨ千鳥,1160.16,1392,600.0,696096.0
2025-10-21,10,つかめる実験！ふしぎ玉,1160.16,1392,180.0,208829.0
2025-10-21,10,三次元マスクふつう,1160.16,1392,350.0,406056.0
2025-10-21,10,メビウスＥＸＬＢ,1160.16,1392,528.0,612564.0
2025-10-21,10,グミチョコ苺,1160.16,1392,233.0,270317.0
2025-10-21,10,マカダミアＰＪカラメリゼ,1160.16,1392,175.0,203028.0
2025-10-21,10,たべっ子ラムネレモン味,1160.16,1392,150.0,174024.0
2025-10-21,10,ポテトＣおたくのマヨ味,1160.16,1392,190.0,220430.0
2025-10-21,10,ケントＮＳインテンスリＦ,1160.16,1392,500.0,580080.0
2025-10-21,10,メビウスＥＭＯＰＰ１Ｓ,1160.16,1392,455.0,527873.0
2025-10-21,10,３色そぼろ＆チキン南蛮弁,1160.16,1392,580.0,672893.0
2025-10-21,10,海苔巻おかき,1160.16,1392,228.0,264516.0
2025-10-21,10,レジ袋４５号,1160.16,1392,7.0,8121.0
2025-10-21,10,◎マシマシ紅しょうがせん,1160.16,1392,119.0,138059.0
2025-10-21,10,◎おこめチップスのりしお,1160.16,1392,249.0,288880.0
2025-10-21,10,メビウス１・１００ＢＯＸ,1160.16,1392,528.0,612564.0
2025-10-21,10,◎ミニクッキー,1160.16,1392,128.0,148500.0
2025-10-21,10,グリーンガム,1160.16,1392,138.0,160102.0
2025-10-21,10,◎黒ごまミニアスパラガス,1160.16,1392,119.0,138059.0
2025-10-21,10,健康のど飴梅小袋,1160.16,1392,128.0,148500.0
2025-10-21,10,メビＰメンＯＰＰ５,1160.16,1392,528.0,612564.0
2025-10-21,10,富士通ＰＲＥ　単３－４Ｐ,1160.16,1392,528.0,612564.0
2025-10-21,10,オリオンドラフト３５０,1160.16,1392,216.0,250595.0
2025-10-21,10,週刊少年マガジン,1160.16,1392,364.0,422298.0
2025-10-21,10,ｉｎバープロテインバニラ,1160.16,1392,170.0,197227.0
2025-10-21,10,◎ひとくちこしあん大福５,1160.16,1392,156.0,180985.0
2025-10-21,10,ミルク餅,1160.16,1392,130.0,150821.0
2025-10-21,10,◎有明産の海苔,1160.16,1392,121.0,140379.0
2025-10-21,10,まるごとりんごのど飴小袋,1160.16,1392,128.0,148500.0
2025-10-21,10,キットカットバー,1160.16,1392,140.0,162422.0
2025-10-21,10,グミだよ。レモネード味,1160.16,1392,166.0,192587.0
2025-10-21,10,カンデミーナＷ電撃ライチ,1160.16,1392,200.0,232032.0
2025-10-21,10,◎スパイシービーフジャー,1160.16,1392,156.0,180985.0
2025-10-21,10,ＢＳラーメンおつまみ,1160.16,1392,131.0,151981.0
2025-10-21,10,ケントトゥルータバコ,1160.16,1392,437.0,506990.0
2025-10-21,10,フェットチーネＰピーチパ,1160.16,1392,148.0,171704.0
2025-10-21,10,◎超暴君ハバネロ,1160.16,1392,128.0,148500.0
2025-10-21,10,◎ノアールミニ,1160.16,1392,119.0,138059.0
2025-10-21,10,スティックのりＰＩＴ,1160.16,1392,232.0,269157.0
2025-10-21,10,ケントＴリッチタバコ,1160.16,1392,437.0,506990.0
2025-10-21,10,クロレッツＸＰシャープミ,1160.16,1392,180.0,208829.0
2025-10-21,10,クールループド,1160.16,1392,455.0,527873.0
2025-10-21,10,ラーク・マイルド・ＢＯＸ,1160.16,1392,491.0,569639.0
2025-10-21,10,週　刊　プ　ロ　レ　ス,1160.16,1392,573.0,664772.0
2025-10-21,10,◎しっとりバウムクーヘン,1160.16,1392,167.0,193747.0
2025-10-21,10,◎つぶあんどら焼き,1160.16,1392,144.0,167063.0
2025-10-21,10,今治ＴＨドット／黒青,1160.16,1392,600.0,696096.0
2025-10-21,10,アメスピＯＬゴールド,1160.16,1392,382.0,443181.0
2025-10-21,10,ビッグ　コミック,1160.16,1392,437.0,506990.0
2025-10-21,10,グランドジャンプ,1160.16,1392,437.0,506990.0
2025-10-21,10,◎ばかうけたっぷり青のり,1160.16,1392,110.0,127618.0
2025-10-21,10,ニベアディープモイスチャ,1160.16,1392,533.0,618365.0
2025-10-21,10,ホロチャージホロライブＧ,1160.16,1392,260.0,301642.0
2025-10-21,10,トロピカーナオレンジ,1160.16,1392,150.0,174024.0
2025-10-21,10,１本満足プロテインチョコ,1160.16,1392,171.0,198387.0
2025-10-21,10,プロテインバー　チョコ,1160.16,1392,180.0,208829.0
2025-10-21,10,堅あげポテトうすしお味,1160.16,1392,179.0,207669.0
2025-10-21,10,氷結グレープフルーツ３５,1160.16,1392,168.0,194907.0
2025-10-21,10,読売新聞,1160.16,1392,164.0,190266.0
2025-10-21,10,週刊ベースボール,1160.16,1392,564.0,654330.0
2025-10-21,10,明治Ｒ－１ドリンク,1160.16,1392,149.0,172864.0
2025-10-21,10,◎瀬戸内レモンピール,1160.16,1392,167.0,193747.0
2025-10-21,10,雑貨（雑誌便）,1160.16,1392,2490.0,2888798.0
2025-10-21,10,マルボロ・メン４Ｂ,1160.16,1392,546.0,633447.0
2025-10-21,10,Ｗ・Ｃレッド８・ＢＯＸ,1160.16,1392,491.0,569639.0
2025-10-21,10,ネオＢワイルドベリー,1160.16,1392,455.0,527873.0
2025-10-21,10,ポリッピーしお味,1160.16,1392,120.0,139219.0
2025-10-21,10,特撰月餅,1160.16,1392,140.0,162422.0
2025-10-21,10,ＭＶＰＧフローズンウィズ,1160.16,1392,546.0,633447.0
2025-10-21,10,ふわもち生大福　コーヒー,1160.16,1392,138.0,160102.0
2025-10-21,10,ラー油四川風麻婆焼そば,1160.16,1392,499.0,578920.0
2025-10-21,10,サラサクリップ　赤,1160.16,1392,99.0,114856.0
2025-10-21,10,エボコールドＭ　ＰＬＭ,1160.16,1392,500.0,580080.0
2025-10-21,10,べスティＥＸ首振り,1160.16,1392,100.0,116016.0
2025-10-21,10,野菜スティック味噌マヨ,1160.16,1392,276.0,320204.0
2025-10-21,10,冷たい明太カルボナーラ,1160.16,1392,499.0,578920.0
2025-10-21,10,フレッシュ野菜サラダ,1160.16,1392,199.0,230872.0
2025-10-21,10,ミニチーズおかきお好み焼,1160.16,1392,147.0,170544.0
2025-10-21,10,メビウスＥＯＰＰ８,1160.16,1392,455.0,527873.0
2025-10-21,10,週刊少年サンデー,1160.16,1392,346.0,401415.0
2025-10-21,10,セロテープ小巻直線カッタ,1160.16,1392,220.0,255235.0
2025-10-21,10,メビウスＢ,1160.16,1392,528.0,612564.0
2025-10-21,10,洗顔シート　石けんの香り,1160.16,1392,246.0,285399.0
2025-10-21,10,ラーク・ＢＯＸ,1160.16,1392,491.0,569639.0
2025-10-21,10,日刊ゲンダイ　通常版,1160.16,1392,164.0,190266.0
2025-10-21,10,ＡｐｐｌｅＧＣ　ＶＡＲ,1160.16,1392,5000.0,5800800.0
2025-10-21,10,ＭＶマスカットＯＰＰＬＭ,1160.16,1392,455.0,527873.0
2025-10-21,10,タフグミｍｉｎｉデュオ,1160.16,1392,238.0,276118.0
2025-10-21,10,フェイシャルＰアイス,1160.16,1392,250.0,290040.0
2025-10-21,10,パリジャンサンドハムチズ,1160.16,1392,323.0,374732.0
2025-10-21,10,レインボーキューブグミ,1160.16,1392,198.0,229712.0
2025-10-21,10,冷しとろろそば,1160.16,1392,508.0,589361.0
2025-10-21,10,メビウス１００Ｂ,1160.16,1392,528.0,612564.0
2025-10-21,10,◎グリルチキン梅しそ,1160.16,1392,221.0,256395.0
2025-10-21,10,午後の紅茶　ストレート,1160.16,1392,160.0,185626.0
2025-10-21,10,ネオアイスドＭハイパー,1160.16,1392,455.0,527873.0
2025-10-21,10,じゃがりこＬ明太もんじゃ,1160.16,1392,218.0,252915.0
2025-10-21,10,◎ふんわりカステラ,1160.16,1392,119.0,138059.0
2025-10-21,10,プロテインピーナッツバタ,1160.16,1392,249.0,288880.0
2025-10-21,10,ＭＶアロマＲプルーム,1160.16,1392,473.0,548756.0
2025-10-21,10,さけるチーズとうがらし味,1160.16,1392,141.0,163583.0
2025-10-21,10,◎麻辣花生,1160.16,1392,128.0,148500.0
2025-10-21,10,無限そら豆濃塩ポーク,1160.16,1392,158.0,183305.0
2025-10-21,10,ＡｐｐｌｅＧＣ１．５千,1160.16,1392,1500.0,1740240.0
2025-10-21,10,冷シート　フローラル,1160.16,1392,462.0,535994.0
2025-10-21,10,ポカリスエット５００,1160.16,1392,150.0,174024.0
2025-10-21,10,ポッキーチョコレート,1160.16,1392,207.0,240153.0
2025-10-21,10,メビウスＥ６　１００Ｓ,1160.16,1392,455.0,527873.0
2025-10-21,10,オイコス　ストロベリー,1160.16,1392,189.0,219270.0
2025-10-21,10,センティアＣグリーン,1160.16,1392,482.0,559197.0
2025-10-21,10,デイリースポーツ,1160.16,1392,146.0,169383.0
2025-10-21,10,ハムレタスたまごサンド,1160.16,1392,265.0,307442.0
2025-10-21,10,◎高地栽培バナナ１本,1160.16,1392,130.0,150821.0
2025-10-21,10,ＣＷ晴雨兼用ミニ折傘,1160.16,1392,2014.0,2336562.0
2025-10-21,10,濃い大満足みかん,1160.16,1392,239.0,277278.0
2025-10-21,10,塩分チャージタブレッツ,1160.16,1392,238.0,276118.0
2025-10-21,10,ケントＴベリーブースト,1160.16,1392,437.0,506990.0
2025-10-21,10,朝日新聞,1160.16,1392,164.0,190266.0
2025-10-21,10,１９６無糖Ｗパイン３５,1160.16,1392,161.0,186786.0
2025-10-21,10,ケントＮＳブライトタバコ,1160.16,1392,500.0,580080.0
2025-10-21,10,◎グリルチキンゆず七味,1160.16,1392,221.0,256395.0
2025-10-21,10,エボベリーＣＲ　ＰＬＭ,1160.16,1392,500.0,580080.0
2025-10-21,10,メビウスＳＬＢ,1160.16,1392,528.0,612564.0
2025-10-21,10,エボディープＲ　ＰＬＭ,1160.16,1392,500.0,580080.0
2025-10-21,10,ＳｐｏｒｔｓＧｒａｐｈｉ,1160.16,1392,746.0,865479.0
2025-10-21,10,少年チャンピオン,1160.16,1392,364.0,422298.0
2025-10-21,10,紳士リブＳ黒,1160.16,1392,390.0,452462.0
2025-10-21,10,文庫,1160.16,1392,600.0,696096.0
2025-10-21,10,ヤング　ジャンプ,1160.16,1392,428.0,496548.0
2025-10-21,10,フリスクペパーミント,1160.16,1392,235.0,272638.0
2025-10-21,10,テリアルビーレギュラー,1160.16,1392,528.0,612564.0
2025-10-21,10,週　刊　新　潮,1160.16,1392,464.0,538314.0
2025-10-21,10,◎２種の醤油仕上げ柿ピー,1160.16,1392,167.0,193747.0
2025-10-21,10,三次元マスク大きめ,1160.16,1392,350.0,406056.0
2025-10-21,10,顔体用シート　ゴミポケ,1160.16,1392,280.0,324845.0
2025-10-21,10,炙り焼　鳥めし弁当,1160.16,1392,526.0,610244.0
2025-10-21,10,今治ＴＨ　ハート,1160.16,1392,637.0,739022.0
2025-10-21,10,スポニチ東日本,1160.16,1392,164.0,190266.0
2025-10-21,10,ざるそば,1160.16,1392,417.0,483787.0
2025-10-21,10,◎塩揚げ餅,1160.16,1392,128.0,148500.0
2025-10-21,10,ラッキーＳベリーＢ,1160.16,1392,391.0,453623.0
2025-10-21,10,◎チョコチップスコーン,1160.16,1392,149.0,172864.0
2025-10-21,10,週　刊　実　話,1160.16,1392,519.0,602123.0
2025-10-21,10,チ－ズインカレ－ハンバ－,1160.16,1392,184.0,213469.0
2025-10-21,10,マルボロミディアムＢＯＸ,1160.16,1392,546.0,633447.0
2025-10-21,10,ＧＰｌａｙバリアブル,1160.16,1392,3000.0,3480480.0
2025-10-21,10,ソフトワン使い切り１回分,1160.16,1392,121.0,140379.0
2025-10-21,10,ソルティライチ,1160.16,1392,163.0,189106.0
2025-10-21,10,果汁グミ弾力プラスいちご,1160.16,1392,225.0,261036.0
2025-10-21,10,綴じノートＢ５Ａ罫,1160.16,1392,208.0,241313.0
2025-10-21,10,ニッカン東日本（日刊スポ,1160.16,1392,164.0,190266.0
2025-10-21,10,クリニカハミガキ　ミニ,1160.16,1392,91.0,105575.0
2025-10-21,10,アメリカヘアピン,1160.16,1392,280.0,324845.0
2025-10-21,10,午後の紅茶おいしい無糖,1160.16,1392,158.0,183305.0
2025-10-21,10,折りたたみセットコーム,1160.16,1392,491.0,569639.0
2025-10-21,10,極冷感　フリージア,1160.16,1392,462.0,535994.0
2025-10-21,10,回転焼（抹茶あん）２個入,1160.16,1392,147.0,170544.0
2025-10-21,10,冷しぶっかけ豚肉うどん,1160.16,1392,554.0,642729.0
2025-10-21,10,クリニカトラベルセット,1160.16,1392,330.0,382853.0
2025-10-21,10,かっぱえびせん鳴門の塩,1160.16,1392,158.0,183305.0
2025-10-21,10,プレミアムルック清水白桃,1160.16,1392,270.0,313243.0
2025-10-21,10,ポテトチップス大人の夏味,1160.16,1392,158.0,183305.0
2025-10-21,10,フリスクＣＢフレッシュＭ,1160.16,1392,278.0,322524.0
2025-10-21,10,◎あたりめ　小,1160.16,1392,147.0,170544.0
2025-10-21,10,ハッピーターンスパイス,1160.16,1392,120.0,139219.0
2025-10-21,10,◎チョコマカダミアクッキ,1160.16,1392,184.0,213469.0
2025-10-21,10,アイスコーヒーＭ,1160.16,1392,223.0,258716.0
2025-10-21,10,Ｆ謹製塩豆大福,1160.16,1392,167.0,193747.0
2025-10-21,10,◎トルティーヤＣタコス味,1160.16,1392,128.0,148500.0
2025-10-21,10,ミニ冷し中華,1160.16,1392,369.0,428099.0
2025-10-21,10,競馬ブック,1160.16,1392,500.0,580080.0
2025-10-21,10,週刊　漫画タイムス,1160.16,1392,364.0,422298.0
2025-10-21,10,ＢＳおつまみ激辛チキン,1160.16,1392,136.0,157782.0
2025-10-21,10,東スポ競馬特別版,1160.16,1392,228.0,264516.0
2025-10-21,10,キャメルクラフト１２,1160.16,1392,410.0,475666.0
2025-10-21,10,メビウスＳＴ１　１００,1160.16,1392,528.0,612564.0
2025-10-21,10,アロンアルフア速効多用途,1160.16,1392,501.0,581240.0
2025-10-21,10,◎風味が豊かなチーズ鱈小,1160.16,1392,172.0,199548.0
2025-10-21,10,ライトニング用イヤホン,1160.16,1392,3255.0,3776321.0
2025-10-21,10,ＭＶＭミントＭプルーム,1160.16,1392,455.0,527873.0
2025-10-21,10,◎春雨スープかきたま,1160.16,1392,167.0,193747.0
2025-10-21,10,ピアニシモ・プレシアメン,1160.16,1392,519.0,602123.0
2025-10-21,10,ハイマッキー　太字　黒,1160.16,1392,136.0,157782.0
2025-10-21,10,ミックスアイス,1160.16,1392,464.0,538314.0
2025-10-21,10,コミック,1160.16,1392,520.0,603283.0
2025-10-21,10,海味鮮,1160.16,1392,120.0,139219.0
2025-10-21,10,漫　画　ゴラク,1160.16,1392,500.0,580080.0
2025-10-21,10,ビッグコミックオリジナル,1160.16,1392,437.0,506990.0
2025-10-21,10,もっちりクリームロール,1160.16,1392,313.0,363130.0
2025-10-21,10,塩チョコタルト,1160.16,1392,258.0,299321.0
2025-10-21,10,雑誌（地元発行紙）,1160.16,1392,228.0,264516.0
2025-10-21,10,アクアリッチ　エッセンス,1160.16,1392,880.0,1020941.0
2025-10-21,10,ベロブリージーマンゴーＭ,1160.16,1392,291.0,337607.0
2025-10-21,10,噛むブレスケアレモン,1160.16,1392,385.0,446662.0
2025-10-21,10,月刊　少年マガジン,1160.16,1392,637.0,739022.0
2025-10-21,10,マッキー　極細　黒,1160.16,1392,111.0,128778.0
2025-10-21,10,ネオＢレッドフルーツ,1160.16,1392,455.0,527873.0
2025-10-21,10,技のこだ割り濃厚醤油,1160.16,1392,138.0,160102.0
2025-10-21,10,さけるチーズスモーク味,1160.16,1392,141.0,163583.0
2025-10-21,10,冷シート　無香,1160.16,1392,462.0,535994.0
2025-10-21,10,大盛　明太子スパゲティ,1160.16,1392,554.0,642729.0
2025-10-21,10,ブレンドＭ,1160.16,1392,204.0,236673.0
2025-10-21,10,スポーツ報知,1160.16,1392,164.0,190266.0
2025-10-21,10,日刊スポーツ,1160.16,1392,164.0,190266.0
2025-10-21,10,競馬エイト,1160.16,1392,591.0,685655.0
2025-10-21,10,ゼロチョコレートクリスプ,1160.16,1392,220.0,255235.0
2025-10-21,10,◎ドライもも,1160.16,1392,276.0,320204.0
2025-10-21,10,メビウスＥＸＬ１００Ｂ,1160.16,1392,528.0,612564.0
2025-10-21,10,キャメルクラフト１,1160.16,1392,410.0,475666.0
2025-10-21,10,今治ＴＨＣグラデーション,1160.16,1392,600.0,696096.0
2025-10-21,10,今治ＴＨ　ストライプＢＧ,1160.16,1392,637.0,739022.0
2025-10-21,10,テリアメンソール１０Ｐ,1160.16,1392,5273.0,6117524.0
2025-10-21,10,オイコスドリンク　カフェ,1160.16,1392,248.0,287720.0
2025-10-21,10,明治ヨーグルトＲ－１,1160.16,1392,144.0,167063.0
2025-10-21,10,ネオＢマスカッット,1160.16,1392,455.0,527873.0
2025-10-21,10,夏ポテト紀州の南高梅味,1160.16,1392,179.0,207669.0
2025-10-21,10,ＧＰｌａｙ５０００,1160.16,1392,5000.0,5800800.0
2025-10-21,10,スパッシュラムネレモン,1160.16,1392,147.0,170544.0
2025-10-21,10,ラッキーＳトロピカルＢ,1160.16,1392,391.0,453623.0
2025-10-21,10,スフレ・プリン,1160.16,1392,306.0,355009.0
2025-10-21,10,スポーツニッポン,1160.16,1392,164.0,190266.0
2025-10-21,10,エボルタＮＥＯ単３－４Ｐ,1160.16,1392,659.0,764545.0
2025-10-21,10,アスティーグ肌　Ｌ,1160.16,1392,600.0,696096.0
2025-10-21,10,消しゴム　ＭＯＮＯ,1160.16,1392,110.0,127618.0
2025-10-21,10,キャップ付鉛筆３Ｐ,1160.16,1392,180.0,208829.0
2025-10-21,10,ケント・１・ＫＳ・ＢＯＸ,1160.16,1392,473.0,548756.0
2025-10-21,10,スーパーグリップシャープ,1160.16,1392,100.0,116016.0
2025-10-21,10,ショートＳ灰緑／白小,1160.16,1392,390.0,452462.0
2025-10-21,10,ソルティグレフルグミ,1160.16,1392,184.0,213469.0
2025-10-21,10,うまイチュウ青りんご味,1160.16,1392,127.0,147340.0
2025-10-21,10,ペタグーシャインマスカッ,1160.16,1392,150.0,174024.0
2025-10-21,10,クールマイルド・ＢＯＸ,1160.16,1392,528.0,612564.0
2025-10-21,10,マロッシュラムネ味,1160.16,1392,159.0,184465.0
2025-10-21,10,アポロマイスタイル,1160.16,1392,247.0,286560.0
2025-10-21,10,◎夏のベイクドチーズＣ,1160.16,1392,138.0,160102.0
2025-10-21,10,パイの実レアチーズケーキ,1160.16,1392,238.0,276118.0
2025-10-21,10,ビッグコミックスピリッツ,1160.16,1392,464.0,538314.0
2025-10-21,10,塩キャラメルプリン,1160.16,1392,230.0,266837.0
2025-10-21,10,クロレッツＸＰ　クリアミ,1160.16,1392,180.0,208829.0
2025-10-21,10,ライトニング電池式６本,1160.16,1392,2346.0,2721735.0
2025-10-21,10,多当仏　御霊前,1160.16,1392,87.0,100934.0
2025-10-21,10,テリヤキチキンたまごコぺ,1160.16,1392,323.0,374732.0
2025-10-21,10,ワンピデッキシャンクス,1160.16,1392,500.0,580080.0
2025-10-21,10,◎ばんそうこう３サイズ,1160.16,1392,362.0,419978.0
2025-10-21,10,◎塩キャラメルケーキタ３,1160.16,1392,167.0,193747.0
2025-10-21,10,Ｃボス　地中海スカッシュ,1160.16,1392,166.0,192587.0
2025-10-21,10,マッチ　５００,1160.16,1392,150.0,174024.0
2025-10-21,10,テリアスムースＲ１０Ｐ,1160.16,1392,5273.0,6117524.0
2025-10-21,10,こだわり酒場のレモン３５,1160.16,1392,161.0,186786.0
2025-10-21,10,狩人めしエナジードリンク,1160.16,1392,125.0,145020.0
2025-10-21,10,サントリー生ビール３５０,1160.16,1392,212.0,245954.0
2025-10-21,10,北海道生ビール３５０,1160.16,1392,216.0,250595.0
2025-10-21,10,◎やわらか燻製さきいか,1160.16,1392,184.0,213469.0
2025-10-21,10,◎とうふとわかめ,1160.16,1392,121.0,140379.0
2025-10-21,10,青磯海苔　まぐろたくあん,1160.16,1392,187.0,216950.0
2025-10-21,10,ザバスチョコレート２００,1160.16,1392,205.0,237833.0
2025-10-21,10,大粒ラムネアイスボックス,1160.16,1392,161.0,186786.0
2025-10-21,10,男梅サワー梅涼し３５０,1160.16,1392,187.0,216950.0
2025-10-21,10,もち麦　新生姜とわかめ,1160.16,1392,163.0,189106.0
2025-10-21,10,紳士くるぶし丈Ｓ黒,1160.16,1392,390.0,452462.0
2025-10-21,10,ショートＳ灰緑／白大,1160.16,1392,390.0,452462.0
2025-10-21,10,漬け真鯛おむすび,1160.16,1392,260.0,301642.0
2025-10-21,10,こってり炒飯おむすび,1160.16,1392,166.0,192587.0
2025-10-21,10,手巻寿司　ばくだん納豆,1160.16,1392,207.0,240153.0
2025-10-21,10,茶流彩彩　コーン茶,1160.16,1392,110.0,127618.0
2025-10-21,10,◎どかっとベーコンチーズ,1160.16,1392,139.0,161262.0
2025-10-21,10,ＢＩＧあらびきソーセージ,1160.16,1392,150.0,174024.0
2025-10-21,10,◎クランベリー＆チーズク,1160.16,1392,147.0,170544.0
2025-10-21,10,◎塩バターパン（チョコク,1160.16,1392,156.0,180985.0
2025-10-21,10,３種のミックスサンド,1160.16,1392,298.0,345728.0
2025-10-21,10,ネオＢトロピカルハイパー,1160.16,1392,455.0,527873.0
2025-10-21,10,ブラックＴココナッツ小袋,1160.16,1392,128.0,148500.0
2025-10-21,10,ぷっちょＳＴ瀬戸内レモン,1160.16,1392,118.0,136899.0
2025-10-21,10,みんなのレモネード,1160.16,1392,212.0,245954.0
2025-10-21,10,オレンジもちとろクリーム,1160.16,1392,184.0,213469.0
2025-10-21,10,まるごとバナナ,1160.16,1392,260.0,301642.0
2025-10-21,10,８×４ロールオンせっけん,1160.16,1392,641.0,743663.0
2025-10-21,10,ノンシュガー塩果実キャン,1160.16,1392,211.0,244794.0
2025-10-21,10,◎ふんわりとしたパンケ８,1160.16,1392,172.0,199548.0
2025-10-21,10,つくね＆鶏そぼろごはん,1160.16,1392,313.0,363130.0
2025-10-21,10,ＩＱＯＳｉＯＭブラック,1160.16,1392,3619.0,4198619.0
2025-10-21,10,◎焼きカレーパン３個入,1160.16,1392,184.0,213469.0
2025-10-21,10,プライドポテト神戸ビーフ,1160.16,1392,168.0,194907.0
2025-10-21,10,堅あげ焼きとうもろこし,1160.16,1392,179.0,207669.0
2025-10-21,10,◎Ｆボスブラック　４５０,1160.16,1392,130.0,150821.0
2025-10-21,10,コアラのマーチ練乳ミルク,1160.16,1392,177.0,205348.0
2025-10-21,10,ＰＧスパイシーチキンＳ缶,1160.16,1392,168.0,194907.0
2025-10-21,10,ハニーミルクティー,1160.16,1392,230.0,266837.0
2025-10-21,10,果汁グミすいか,1160.16,1392,152.0,176344.0
2025-10-21,10,カスタムプラスＥＸ首振り,1160.16,1392,398.0,461744.0
2025-10-21,10,ツナとたまごサンド,1160.16,1392,265.0,307442.0
2025-10-21,10,◎塩チョコフィナンシェ,1160.16,1392,167.0,193747.0
2025-10-21,10,大盛豚肉とねぎの塩焼そば,1160.16,1392,554.0,642729.0
2025-10-21,10,純連冷し味噌ラーメン,1160.16,1392,599.0,694936.0
2025-10-21,10,フルーツの沼メロン＆白桃,1160.16,1392,230.0,266837.0
2025-10-21,10,トルティーヤ豚生姜ハムチ,1160.16,1392,369.0,428099.0
2025-10-21,10,ぷっちょイカゲーム第二弾,1160.16,1392,193.0,223911.0
2025-10-21,10,Ｗ・Ｃホワイト３ＢＯＸ,1160.16,1392,491.0,569639.0
2025-10-21,10,毎日新聞（１都６県静０１,1160.16,1392,,
2025-10-21,10,東京スポーツ（１都６県静,1160.16,1392,,
2025-10-21,10,東京新聞（１都６県静０１,1160.16,1392,,
2025-10-21,10,スポーツ報知（関東東北北,1160.16,1392,,
2025-10-21,10,日刊ゲンダイ（１都６県静,1160.16,1392,,
2025-10-21,10,納豆細巻寿司（２巻増量）,1160.16,1392,389.0,451302.0
2025-10-21,10,ＪＴニューヨーク（旧：ヘ,1160.16,1392,,
2025-10-21,10,読売新聞（１都６県静０１,1160.16,1392,,
2025-10-21,10,日本経済新聞（静０５）,1160.16,1392,,
2025-10-21,10,朝日新聞（宮山梨静０５以,1160.16,1392,,
2025-10-21,10,ＴｈｅＪａｐａｎＮｅｗｓ,1160.16,1392,,
2025-10-21,10,産経新聞（宮山梨静０５以,1160.16,1392,,
2025-10-21,10,プロテインキャラメル,1160.16,1392,249.0,288880.0
2025-10-21,10,キャメルクラフトＭＢ５,1160.16,1392,410.0,475666.0
2025-10-21,10,◎どかっとテリマヨチキン,1160.16,1392,135.0,156622.0
2025-10-21,10,スポニチ（山梨静０５以外,1160.16,1392,,
2025-10-21,10,デイリースポーツ（１都６,1160.16,1392,,
2025-10-21,10,サンスポ（山梨静０５以外,1160.16,1392,,
2025-10-21,10,日刊スポ（山梨静０５以外,1160.16,1392,,
2025-10-21,10,婦人リブＳ白,1160.16,1392,390.0,452462.0
2025-10-21,10,◎こだわりのバタークッキ,1160.16,1392,239.0,277278.0
2025-10-21,10,Ｆはちみつ＆マーガリンの,1160.16,1392,147.0,170544.0
2025-10-21,10,男梅シート,1160.16,1392,200.0,232032.0
2025-10-21,10,ＧＰｌａｙ３０００,1160.16,1392,3000.0,3480480.0
2025-10-21,10,Ｓスター１０Ｂ,1160.16,1392,546.0,633447.0
2025-10-21,10,オイコス　パッションフル,1160.16,1392,189.0,219270.0
2025-10-21,10,コーヒー用氷Ｓ,1160.16,1392,,
2025-10-21,10,◎冷スープかぼちゃと人参,1160.16,1392,332.0,385173.0
2025-10-21,10,ＣＷ晴雨兼用スリム折傘,1160.16,1392,2014.0,2336562.0
2025-10-21,10,セブンスター１０Ｐ,1160.16,1392,5455.0,6328673.0
2025-10-21,10,フライドチキン＆ハンバー,1160.16,1392,555.0,643889.0
2025-10-21,10,ケントエス・スパーク５,1160.16,1392,455.0,527873.0
2025-10-21,10,Ｃ玄米ブラン贅沢ミルク,1160.16,1392,180.0,208829.0
2025-10-21,10,Ｃ玄米ブラン　カカオ,1160.16,1392,155.0,179825.0
2025-10-21,10,ブルガリアＹＯマスカット,1160.16,1392,185.0,214630.0
2025-10-21,10,激辛韓国風焼そば,1160.16,1392,510.0,591682.0
2025-10-21,10,◎フルーツＣ塩レモン,1160.16,1392,276.0,320204.0
2025-10-21,10,沖縄黒糖のブラウにゃー,1160.16,1392,220.0,255235.0
2025-10-21,10,カントリーＭ塩バニラアイ,1160.16,1392,145.0,168223.0
2025-10-21,10,シングルモルト白州１８０,1160.16,1392,1950.0,2262312.0
2025-10-21,10,週刊ＴＶガイド（関東版）,1160.16,1392,,
2025-10-21,10,その他３口座売上,1160.16,1392,649.0,752944.0
2025-10-21,10,竹箸　５００膳,1160.16,1392,,
2025-10-21,10,ＴＶＬＩＦＥ　首都圏版,1160.16,1392,,
2025-10-21,10,コーヒー用氷Ｍ,1160.16,1392,,
2025-10-21,10,ａｎａｎ（アンアン）,1160.16,1392,,
2025-10-21,10,コーヒーリッドＭ,1160.16,1392,,
2025-10-21,10,今治ＴＨフジＲ２５,1160.16,1392,637.0,739022.0
2025-10-21,10,ストローレスリッド,1160.16,1392,,
2025-10-21,10,しあわせ素肌ミニ夜用,1160.16,1392,162.0,187946.0
2025-10-21,10,ニンフィアゼリードリンク,1160.16,1392,249.0,288880.0
2025-10-21,10,新・値下シール３０円,1160.16,1392,,
2025-10-21,10,ＣＷ折りたたみ耐風傘,1160.16,1392,2014.0,2336562.0
2025-10-21,10,サンデー毎日,1160.16,1392,600.0,696096.0
2025-10-21,10,カフェカップＳ,1160.16,1392,,
2025-10-21,10,塩分チャージタブ小袋,1160.16,1392,140.0,162422.0
2025-10-21,10,週刊　女性セブン,1160.16,1392,482.0,559197.0
2025-10-21,10,第１０７回全国高校野球選,1160.16,1392,,
2025-10-21,10,お泊まりスキンケアセット,1160.16,1392,380.0,440861.0
2025-10-21,10,楽天ギフトバリアブル,1160.16,1392,10500.0,12181680.0
2025-10-21,10,ＡＥＲＡ（アエラ）,1160.16,1392,591.0,685655.0
2025-10-21,10,なめらか食感水ようかん,1160.16,1392,158.0,183305.0
2025-10-21,10,トマトベーコンパスタサラ,1160.16,1392,389.0,451302.0
2025-10-21,10,ベ　ス　ト　カ　ー,1160.16,1392,537.0,623006.0
2025-10-21,10,ポケカ拡張ステラ,1160.16,1392,164.0,190266.0
2025-10-21,10,ベロＢマンゴーＭ５Ｐ,1160.16,1392,1455.0,1688033.0
2025-10-21,10,明太マヨいか天,1160.16,1392,130.0,150821.0
2025-10-21,10,マウスＷクリア８０ＭＬ,1160.16,1392,200.0,232032.0
2025-10-21,10,こんがりパンポタージュ,1160.16,1392,170.0,197227.0
2025-10-21,10,クラフトテープ　１巻,1160.16,1392,,
2025-10-21,10,タリーズブラック３９０,1160.16,1392,158.0,183305.0
2025-10-21,10,アルバトロス・ビュー,1160.16,1392,,
2025-10-21,10,テリアレギュラー１０Ｐ,1160.16,1392,5273.0,6117524.0
2025-10-21,10,発注レジ袋１２号バイオマ,1160.16,1392,,
2025-10-21,10,ショコラ＆ホイップパイ,1160.16,1392,239.0,277278.0
2025-10-21,10,ビッグコミックスペリオー,1160.16,1392,464.0,538314.0
2025-10-21,10,ネイビーやまがた県民手帳,1160.16,1392,500.0,580080.0
2025-10-21,10,塩レモンクッキーシュー,1160.16,1392,204.0,236673.0
2025-10-21,10,アスティーグ黒　Ｍ,1160.16,1392,600.0,696096.0
2025-10-21,10,しょうが香る冷し薬味そば,1160.16,1392,,
2025-10-21,10,明太海苔弁当,1160.16,1392,555.0,643889.0
2025-10-21,10,東京スポーツ競馬特別版,1160.16,1392,,
2025-10-21,10,夏ポテト対馬の浜御塩味,1160.16,1392,179.0,207669.0
2025-10-21,10,優馬（関東山形福島）,1160.16,1392,,
2025-10-21,10,日刊競馬（関東山形福島）,1160.16,1392,,
2025-10-21,10,勝馬（関東山形福島）,1160.16,1392,,
2025-10-21,10,競友（関東福島）,1160.16,1392,,
2025-10-21,10,競馬エイト（関東福島）,1160.16,1392,,
2025-10-21,10,競馬ブック（関東山形福島,1160.16,1392,,
2025-10-21,10,馬サブロー（１都６県宮城,1160.16,1392,,
2025-10-21,10,研究（関東山形福島）,1160.16,1392,,
2025-10-21,10,リルＨリキッドＣ,1160.16,1392,73.0,84692.0
2025-10-21,10,ネックバンドイヤホン　黒,1160.16,1392,3164.0,3670746.0
2025-10-21,10,天使のチーズケーキ,1160.16,1392,230.0,266837.0
2025-10-21,10,プレジデント,1160.16,1392,,
2025-10-21,10,ＰＯＳレジロール５０巻,1160.16,1392,,
2025-10-21,10,ペーパータオルＢＳ,1160.16,1392,,
2025-10-21,10,ＪＴオンサンデー（旧：ジ,1160.16,1392,,
2025-10-21,10,コーヒーフレッシュ,1160.16,1392,,
2025-10-21,10,ダーク豆（ＵＣＣ）,1160.16,1392,,
2025-10-21,10,ピース（２０本）,1160.16,1392,546.0,633447.0
2025-10-21,10,２５０円スポーツ,1160.16,1392,228.0,264516.0
2025-10-21,10,ワンピデッキ緑黄ヤマト,1160.16,1392,500.0,580080.0
2025-10-21,10,ワンピデッキ紫黒ルフィ,1160.16,1392,500.0,580080.0
2025-10-21,10,婦人クルーＳ黒,1160.16,1392,390.0,452462.0
2025-10-21,10,ワンピデッキ　バギー,1160.16,1392,500.0,580080.0
2025-10-21,10,ハミガキハブラシセット,1160.16,1392,448.0,519752.0
2025-10-21,10,ＬストライクＢ,1160.16,1392,564.0,654330.0
2025-10-21,10,備蓄米１Ｋｇ,1160.16,1392,,
2025-10-21,10,ｉｎバー　ベイクドビター,1160.16,1392,170.0,197227.0
2025-10-21,10,２ＷＡＹマーカーピンク,1160.16,1392,180.0,208829.0
2025-10-21,10,ガムシロップ,1160.16,1392,,
2025-10-21,10,備蓄米　１ｋｇ,1160.16,1392,360.0,417658.0
2025-10-21,10,堅ぶつ旨塩,1160.16,1392,128.0,148500.0
2025-10-21,10,◎人気のミックスナッツ,1160.16,1392,360.0,417658.0
2025-10-21,10,うるおいさらっとジェル,1160.16,1392,248.0,287720.0
2025-10-21,10,ワンピデッキジュエリー,1160.16,1392,500.0,580080.0
2025-10-21,10,Ｃボス　フルーツエード,1160.16,1392,143.0,165903.0
2025-10-21,10,紅茶花伝　ミルクティー,1160.16,1392,155.0,179825.0
2025-10-21,10,週刊　プレイボーイ,1160.16,1392,591.0,685655.0
2025-10-21,10,今治ＴＨ２５春の色白,1160.16,1392,600.0,696096.0
2025-10-21,10,週　刊　大　衆,1160.16,1392,437.0,506990.0
2025-10-21,10,サクレグミレモン＆梨,1160.16,1392,208.0,241313.0
2025-10-21,10,つぶ塩梅,1160.16,1392,158.0,183305.0
2025-10-21,10,パーラメント１００ＢＯＸ,1160.16,1392,564.0,654330.0
2025-10-21,10,あの夏のラムネグミ,1160.16,1392,167.0,193747.0
2025-10-21,10,濃厚カスタードシュー,1160.16,1392,156.0,180985.0
2025-10-21,10,オレンジパンチ３５０,1160.16,1392,161.0,186786.0
2025-10-21,10,全粒粉サラダチキンたまご,1160.16,1392,369.0,428099.0
2025-10-21,10,パリジャン３種ミート,1160.16,1392,348.0,403736.0
2025-10-21,10,センテＩブラック１０Ｐ,1160.16,1392,4819.0,5590811.0
2025-10-21,10,炭火焼うなぎおむすび,1160.16,1392,369.0,428099.0
2025-10-21,10,海鮮サラダおむすび,1160.16,1392,147.0,170544.0
2025-10-21,10,おろしタツタ弁当（わかめ,1160.16,1392,598.0,693776.0
2025-10-21,10,ビーフハンバーグのロコモ,1160.16,1392,647.0,750624.0
2025-10-21,10,ＳＰＡＭ　玉子焼き,1160.16,1392,313.0,363130.0
2025-10-21,10,週刊　東洋経済,1160.16,1392,864.0,1002378.0
2025-10-21,10,エ　コ　ノ　ミ　ス　ト,1160.16,1392,,
2025-10-21,10,テリアリッチＲ１０Ｐ,1160.16,1392,5273.0,6117524.0
2025-10-21,10,ＹＯＵＮＧ　ＫＩＮＧ（ヤ,1160.16,1392,464.0,538314.0
2025-10-21,10,野菜生活巨峰,1160.16,1392,118.0,136899.0
2025-10-21,10,ブーストバイツ,1160.16,1392,240.0,278438.0
2025-10-21,10,専炭治郎の抹茶クリームロ,1160.16,1392,158.0,183305.0
2025-10-21,10,銀鮭と煮物の幕の内弁当,1160.16,1392,555.0,643889.0
2025-10-21,10,鬼滅の刃フルーツオレ,1160.16,1392,249.0,288880.0
2025-10-21,10,アサイーボウルドリンク,1160.16,1392,249.0,288880.0
2025-10-21,10,◎生スコーン６個入（チー,1160.16,1392,172.0,199548.0
2025-10-21,10,サンド寿司　サーモン,1160.16,1392,334.0,387493.0
2025-10-21,10,Ｆ伊之助のほわほわ大福,1160.16,1392,125.0,145020.0
2025-10-21,10,Ｆ水柱の水まんじゅう（ラ,1160.16,1392,149.0,172864.0
2025-10-21,10,◎マラサダ（マカダミアチ,1160.16,1392,147.0,170544.0
2025-10-21,10,専胡蝶しのぶの藤色メロン,1160.16,1392,165.0,191426.0
2025-10-21,10,◎Ｆボス　ラテ　４５０,1160.16,1392,139.0,161262.0
2025-10-21,10,新Ｅプリンター用インク青,1160.16,1392,,
2025-10-21,10,◎レモネードソーダ,1160.16,1392,186.0,215790.0
2025-10-21,10,翠ジンソーダ３５０,1160.16,1392,194.0,225071.0
2025-10-21,10,ＳＰＡ！（スパ！）,1160.16,1392,573.0,664772.0
2025-10-21,10,半熟たまご大盛冷しうどん,1160.16,1392,554.0,642729.0
2025-10-21,10,ライオンカフェオレ,1160.16,1392,208.0,241313.0
2025-10-21,10,台湾風まぜそば,1160.16,1392,599.0,694936.0
2025-10-21,10,週刊女性自身,1160.16,1392,500.0,580080.0
2025-10-21,10,週刊ゴルフダイジェスト,1160.16,1392,573.0,664772.0
2025-10-21,10,クア・アイナテリチキン,1160.16,1392,369.0,428099.0
2025-10-21,10,フライドサイミン,1160.16,1392,,
2025-10-21,10,週刊アサヒ芸能,1160.16,1392,564.0,654330.0
2025-10-21,10,マカダミアパンケーキ,1160.16,1392,323.0,374732.0
2025-10-21,10,ＦＬＡＳＨ　（フラッシュ,1160.16,1392,664.0,770346.0
2025-10-21,10,ミンティアグレープ,1160.16,1392,105.0,121817.0
2025-10-21,10,健康のど飴冷やし飴小袋,1160.16,1392,138.0,160102.0
2025-10-21,10,コアラのマーチいちご,1160.16,1392,164.0,190266.0
2025-10-21,10,◎ハムエッグデニッシュ２,1160.16,1392,135.0,156622.0
2025-10-21,10,週　刊　女　性,1160.16,1392,,
2025-10-21,10,透明プリン？マンゴー？,1160.16,1392,194.0,225071.0
2025-10-21,10,青ねぎと蒸し鶏のパスタ,1160.16,1392,462.0,535994.0
2025-10-21,10,２０品目のサラダ,1160.16,1392,276.0,320204.0
2025-10-21,10,ベロＭＰミントＸインテン,1160.16,1392,310.0,359650.0
2025-10-21,10,◎りんごカスタードデニ４,1160.16,1392,167.0,193747.0
2025-10-21,10,◎ハムチーズクロワッサン,1160.16,1392,135.0,156622.0
2025-10-21,10,紳士ショートＳ黒,1160.16,1392,390.0,452462.0
2025-10-21,10,ラインＳ２５夏の色白大,1160.16,1392,390.0,452462.0
2025-10-21,10,カルピスＰマンゴーピーチ,1160.16,1392,170.0,197227.0
2025-10-21,10,ブリーフ団イカ墨まぜそば,1160.16,1392,369.0,428099.0
2025-10-21,10,江頭　激辛豚骨ラーメン,1160.16,1392,369.0,428099.0
2025-10-21,10,ラークウルトラ１・１００,1160.16,1392,491.0,569639.0
2025-10-21,10,◎ひとくち濃厚梅だれせん,1160.16,1392,139.0,161262.0
2025-10-21,10,ミニチーズおかきガーリッ,1160.16,1392,150.0,174024.0
2025-10-21,10,◎瀬戸内レモンのドーナツ,1160.16,1392,139.0,161262.0
2025-10-21,10,キリン晴れ風３５０,1160.16,1392,216.0,250595.0
2025-10-21,10,Ｇファイトシャープ芯ＨＢ,1160.16,1392,200.0,232032.0
2025-10-21,10,最強王図鑑激闘バトルグミ,1160.16,1392,193.0,223911.0
2025-10-21,10,すっぱいぶどうグミ,1160.16,1392,100.0,116016.0
2025-10-21,10,レインコートＭ,1160.16,1392,687.0,797030.0
2025-10-21,10,オイコス　レモン＆ハニー,1160.16,1392,179.0,207669.0
2025-10-21,10,４５Ｌ半透明ゴミ袋,1160.16,1392,,
2025-10-21,10,レジ従業員金庫引継ノート,1160.16,1392,,
2025-10-21,10,◎生コッペパン（ハムカツ,1160.16,1392,167.0,193747.0
2025-10-21,10,振って塩こんぶキャベツ,1160.16,1392,221.0,256395.0
2025-10-21,10,センティアＦエメラルド,1160.16,1392,482.0,559197.0
2025-10-21,10,サンカット　ＵＶスプレー,1160.16,1392,798.0,925808.0
2025-10-21,10,抹茶シベリア３個入,1160.16,1392,230.0,266837.0
2025-10-21,10,ライト豆（ＵＣＣ）,1160.16,1392,,
2025-10-21,10,ターザン,1160.16,1392,728.0,844596.0
2025-10-21,10,ジャージー牛乳プリン,1160.16,1392,178.0,206508.0
2025-10-21,10,ＡｐｐｌｅＧＣ＿５千,1160.16,1392,5000.0,5800800.0
2025-10-21,10,ベロスピッフィーＳミント,1160.16,1392,291.0,337607.0
2025-10-21,10,センテＣシルバー１０Ｐ,1160.16,1392,4819.0,5590811.0
2025-10-21,10,電卓　１２桁,1160.16,1392,1280.0,1485005.0
2025-10-21,10,ライトニングイヤホン変換,1160.16,1392,1982.0,2299437.0
2025-10-21,10,ＦＲＩＤＡＹ（フライデー,1160.16,1392,710.0,823714.0
2025-10-21,10,オレンジページ,1160.16,1392,544.0,631127.0
2025-10-21,10,ミルクソースのシフォン,1160.16,1392,369.0,428099.0
2025-10-21,10,ネオチルドＭハイパー用,1160.16,1392,455.0,527873.0
2025-10-21,10,カーセンサー東日本版,1160.16,1392,,
2025-10-21,10,Ｗｅｄｇｅ（ウェッジ）,1160.16,1392,,
2025-10-21,10,週　刊　ポ　ス　ト,1160.16,1392,519.0,602123.0
2025-10-21,10,ＵＳＢーＣ用イヤホン黒,1160.16,1392,2164.0,2510586.0
2025-10-21,10,Ｎｅｗｔｏｎ（ニュートン,1160.16,1392,1082.0,1255293.0
2025-10-21,10,パリパリ麺サラダ,1160.16,1392,369.0,428099.0
2025-10-21,10,カーセンサー首都圏版,1160.16,1392,,
2025-10-21,10,新Ｅプリンター用インク赤,1160.16,1392,,
2025-10-21,10,新Ｅプリンター用インク黒,1160.16,1392,,
2025-10-21,10,ネオＢマスカット,1160.16,1392,455.0,527873.0
2025-10-21,10,ＩＱＯＳｉＯＢブルー,1160.16,1392,3619.0,4198619.0
2025-10-21,10,クール・ＢＯＸ,1160.16,1392,528.0,612564.0
2025-10-21,10,アルカリ水クリーナ－詰替,1160.16,1392,,
2025-10-21,10,やまがた県民手帳ブラック,1160.16,1392,500.0,580080.0
2025-10-21,10,ごまだれ冷し中華,1160.16,1392,554.0,642729.0
2025-10-21,10,Ｓスター７Ｂ,1160.16,1392,546.0,633447.0
2025-10-21,10,綾鷹　濃い緑茶　６５０,1160.16,1392,158.0,183305.0
2025-10-21,10,ＵＳＢ－Ｃ電池充電器,1160.16,1392,1710.0,1983874.0
2025-10-21,10,氷結無糖スモモ３５０,1160.16,1392,168.0,194907.0
2025-10-21,10,ゼロシュガーフリーチョコ,1160.16,1392,220.0,255235.0
2025-10-21,10,トッポ,1160.16,1392,209.0,242473.0
2025-10-21,10,コーヒーリッド黒Ｓ,1160.16,1392,,
2025-10-21,10,カフェカップＭ,1160.16,1392,,
2025-10-21,10,◎フルーツミックス５００,1160.16,1392,112.0,129938.0
2025-10-21,10,◎南高梅うす塩個食,1160.16,1392,131.0,151981.0
2025-10-21,10,◎南高梅はちみつ入個食,1160.16,1392,131.0,151981.0
2025-10-21,10,◎生コッペパン（厚ぎりと,1160.16,1392,230.0,266837.0
2025-10-21,10,綾鷹　６５０,1160.16,1392,158.0,183305.0
2025-10-21,10,サントリー天然水　５５０,1160.16,1392,118.0,136899.0
2025-10-21,10,烏龍茶　６００,1160.16,1392,158.0,183305.0
2025-10-21,10,鮭わかめおむすび,1160.16,1392,139.0,161262.0
2025-10-21,10,つぶグミＰ濃厚マンゴー,1160.16,1392,198.0,229712.0
2025-10-21,10,ケント・６・１００ＢＯＸ,1160.16,1392,473.0,548756.0
2025-10-21,10,４Ｄグミ旅路のマジックア,1160.16,1392,221.0,256395.0
2025-10-21,10,モチド富良野メロン味,1160.16,1392,171.0,198387.0
2025-10-21,10,三ツ矢　ひんやり和梨,1160.16,1392,160.0,185626.0
2025-10-21,10,備蓄米　２Ｋｇ,1160.16,1392,,
2025-10-21,10,◎生コッペパン（チョコバ,1160.16,1392,135.0,156622.0
2025-10-21,10,ビスコ発酵バター,1160.16,1392,156.0,180985.0
2025-10-21,10,銀座ライオンビヤ３５０,1160.16,1392,216.0,250595.0
2025-10-21,10,◎プリンみたいなパン,1160.16,1392,119.0,138059.0
2025-10-21,10,善逸たまごＢＯＸＤ２,1160.16,1392,425.0,493068.0
2025-10-21,10,炭治郎＆義勇おむ２,1160.16,1392,369.0,428099.0
2025-10-21,10,はみでたチキンカツバーガ,1160.16,1392,369.0,428099.0
2025-10-21,10,国チキンとゴーダとたまご,1160.16,1392,443.0,513951.0
2025-10-21,10,海苔監修　手巻たまごかけ,1160.16,1392,185.0,214630.0
2025-10-21,10,手巻ベーコン＆コーンマヨ,1160.16,1392,184.0,213469.0
2025-10-21,10,◎桃大福,1160.16,1392,147.0,170544.0
2025-10-21,10,まるで鶏皮のようなＰＣ,1160.16,1392,176.0,204188.0
2025-10-21,10,Ｌｉｐｔｏｎチャームグミ,1160.16,1392,350.0,406056.0
2025-10-21,10,◎サーターアンダギー６個,1160.16,1392,165.0,191426.0
2025-10-21,10,週　刊　現　代,1160.16,1392,546.0,633447.0
2025-10-21,10,７０Ｌ半透明ゴミ袋,1160.16,1392,,
2025-10-21,10,スウェディッシュキャンデ,1160.16,1392,498.0,577760.0
2025-10-21,10,一粒梅おむすび,1160.16,1392,241.0,279599.0
2025-10-21,10,大粒ラムネ強炭酸シュワコ,1160.16,1392,133.0,154301.0
2025-10-21,10,きりっと果実　ピンクＧＦ,1160.16,1392,159.0,184465.0
2025-10-21,10,サラダラップチキンサルサ,1160.16,1392,348.0,403736.0
2025-10-21,10,新旧両用）ペーパフィルタ,1160.16,1392,,
2025-10-21,10,くりーむパン　カスタード,1160.16,1392,260.0,301642.0
2025-10-21,10,◎桃パウンドケーキ,1160.16,1392,165.0,191426.0
2025-10-21,10,めっちゃふくらむフーセン,1160.16,1392,158.0,183305.0
2025-10-21,10,しゃりｉｎグミソーダ味,1160.16,1392,168.0,194907.0
2025-10-21,10,すだち明太クリームうどん,1160.16,1392,462.0,535994.0
2025-10-21,10,岩下の新生姜いなり寿司,1160.16,1392,185.0,214630.0
2025-10-21,10,◎のむヨーグルトメロン,1160.16,1392,195.0,226231.0
2025-10-21,10,レモンチーズケーキ,1160.16,1392,156.0,180985.0
2025-10-21,10,バター醤油パスタ,1160.16,1392,426.0,494228.0
2025-10-21,10,りんごの目覚め,1160.16,1392,276.0,320204.0
2025-10-21,10,ミンティア宮崎日向夏,1160.16,1392,105.0,121817.0
2025-10-21,10,生ラムネ玉,1160.16,1392,152.0,176344.0
2025-10-21,10,タリーズ　無糖ラテ,1160.16,1392,170.0,197227.0
2025-10-21,10,名札バッジ　２個入,1160.16,1392,,
2025-10-21,10,フエラムネサイダー第２弾,1160.16,1392,138.0,160102.0
2025-10-21,10,たべっ子水族館ソルティ,1160.16,1392,170.0,197227.0
2025-10-21,10,マーブルパウチ,1160.16,1392,215.0,249434.0
2025-10-21,10,ドリトス激辛ナチョチーズ,1160.16,1392,180.0,208829.0
2025-10-21,10,ピンクグレープフルーツア,1160.16,1392,186.0,215790.0
2025-10-21,10,野菜生活ベリーサラダ,1160.16,1392,113.0,131098.0
2025-10-21,10,フルーツこれ１本ビタミン,1160.16,1392,150.0,174024.0
2025-10-21,10,Ｙｏｕｎｇ　ｃｈａｍｐｉ,1160.16,1392,410.0,475666.0
2025-10-21,10,ゆず塩ラーメンサラダ,1160.16,1392,389.0,451302.0
2025-10-21,10,◎お好み焼＆塩焼そば,1160.16,1392,,
2025-10-21,10,牛スープの旨み盛岡風冷麺,1160.16,1392,536.0,621846.0
2025-10-21,10,冷し鶏天タルタルうどん,1160.16,1392,599.0,694936.0
2025-10-21,10,オレンジ,1160.16,1392,315.0,365450.0
2025-10-21,10,グレープフルーツ,1160.16,1392,276.0,320204.0
2025-10-21,10,ラインＳＣ白１９－２２,1160.16,1392,390.0,452462.0
2025-10-21,10,備蓄米　２ｋｇ,1160.16,1392,700.0,812112.0
2025-10-21,10,◎オクラわかめとろり豆腐,1160.16,1392,258.0,299321.0
2025-10-21,10,コロネクッキー,1160.16,1392,71.0,82371.0
2025-10-21,10,フルーツサラダヨーグルト,1160.16,1392,230.0,266837.0
2025-10-21,10,野菜生活１００オリジナル,1160.16,1392,113.0,131098.0
2025-10-21,10,クラッシュ蒟蒻畑りんご味,1160.16,1392,183.0,212309.0
2025-10-21,10,ビスコ,1160.16,1392,156.0,180985.0
2025-10-21,10,サラダチキンロール,1160.16,1392,399.0,462904.0
2025-10-21,10,グローＨプロサクラＥＤ,1160.16,1392,3619.0,4198619.0
2025-10-21,10,ザ・クレープチョコバナナ,1160.16,1392,249.0,288880.0
2025-10-21,10,こだわりカレー,1160.16,1392,367.0,425779.0
2025-10-21,10,コーヒーゼリーパフェ,1160.16,1392,313.0,363130.0
2025-10-21,10,チョコラＳＰ　グレフル＆,1160.16,1392,149.0,172864.0
2025-10-21,10,キレート　ＭＵＫＵＭＩ,1160.16,1392,158.0,183305.0
2025-10-21,10,ワンピカードＢＥＳＴ２,1160.16,1392,500.0,580080.0
2025-10-21,10,アスティーグ黒　Ｌ,1160.16,1392,600.0,696096.0
2025-10-21,10,慶弔サインペン（筆文字）,1160.16,1392,250.0,290040.0
2025-10-21,10,モンスターエナジー,1160.16,1392,213.0,247114.0
2025-10-21,10,ヒヤロン,1160.16,1392,180.0,208829.0
2025-10-21,10,ラインＳ２５夏の色白小,1160.16,1392,390.0,452462.0
2025-10-21,10,冷し鶏ねぎそば,1160.16,1392,599.0,694936.0
2025-10-21,10,０．０１ゼロワン,1160.16,1392,900.0,1044144.0
2025-10-21,10,イープラス　発券,1160.16,1392,165.0,191426.0
2025-10-21,10,ダブルフロマージュ　２個,1160.16,1392,426.0,494228.0
2025-10-21,10,ＵＳＢ－Ｃ１．２ｍ,1160.16,1392,1255.0,1456001.0
2025-10-21,10,サンドおむすび　豚焼肉,1160.16,1392,323.0,374732.0
2025-10-21,10,ハイチュウＰメロン,1160.16,1392,152.0,176344.0
2025-10-21,10,マッチビタミンみかん,1160.16,1392,150.0,174024.0
2025-10-21,10,◎ハムチーズエッグマフィ,1160.16,1392,156.0,180985.0
2025-10-21,10,直巻　炙り焼　牛タン,1160.16,1392,199.0,230872.0
2025-10-21,10,具だくさん炙り焼鶏つくね,1160.16,1392,213.0,247114.0
2025-10-21,10,コミック乱,1160.16,1392,546.0,633447.0
2025-10-21,10,カニカママカロニサラダ,1160.16,1392,239.0,277278.0
2025-10-21,10,じゅるるマンゴー,1160.16,1392,221.0,256395.0
2025-10-21,10,コク旨たまごサンド,1160.16,1392,276.0,320204.0
2025-10-21,10,むっち実グミオレンジ味,1160.16,1392,198.0,229712.0
2025-10-21,10,たまご海老ブロコリサンド,1160.16,1392,348.0,403736.0
2025-10-21,10,カンデミーナ電撃マスカッ,1160.16,1392,200.0,232032.0
2025-10-21,10,◎ホットサンド（ハム＆チ,1160.16,1392,158.0,183305.0
2025-10-21,10,ウィルキンソンＥＸグレプ,1160.16,1392,117.0,135739.0
2025-10-21,10,生茶ほうじ煎茶,1160.16,1392,158.0,183305.0
2025-10-21,10,サーモン寿司,1160.16,1392,237.0,274958.0
2025-10-21,10,フレンチクルーラーミルク,1160.16,1392,193.0,223911.0
2025-10-21,10,ちいかわステッカーグミ,1160.16,1392,180.0,208829.0
2025-10-21,10,激モロコシフライドアラレ,1160.16,1392,158.0,183305.0
2025-10-21,10,んぽちゃむグミ,1160.16,1392,180.0,208829.0
2025-10-21,10,じゃがりこ肉じゃがｂｉｔ,1160.16,1392,129.0,149661.0
2025-10-21,10,１９６レモン３５０,1160.16,1392,161.0,186786.0
2025-10-21,10,ねるねるねるねドリンク,1160.16,1392,276.0,320204.0
2025-10-21,10,ポケカ拡張ナイトワンダ,1160.16,1392,164.0,190266.0
2025-10-21,10,ホームパイチビムーホ,1160.16,1392,140.0,162422.0
2025-10-21,10,野菜生活Ｓベリー＆ざくろ,1160.16,1392,178.0,206508.0
2025-10-21,10,テリヤキチキンとたまご,1160.16,1392,332.0,385173.0
2025-10-21,10,スーパー大麦安曇野わさび,1160.16,1392,181.0,209989.0
2025-10-21,10,◎つぶつぶいちご蒸しＣ,1160.16,1392,135.0,156622.0
2025-10-21,10,鶏そぼろ野沢菜醤油パスタ,1160.16,1392,369.0,428099.0
2025-10-21,10,ヨーグレットグミブルーベ,1160.16,1392,140.0,162422.0
2025-10-21,10,冷し明太クリームうどん,1160.16,1392,445.0,516271.0
2025-10-21,10,◎ツイストサンド（カスタ,1160.16,1392,128.0,148500.0
2025-10-21,10,野菜食べよう冷しタンメン,1160.16,1392,554.0,642729.0
2025-10-21,10,ポケぷにソーダ,1160.16,1392,218.0,252915.0
2025-10-21,10,チョコチャンクスコーン,1160.16,1392,119.0,138059.0
2025-10-21,10,窯出しとろけるプリン,1160.16,1392,195.0,226231.0
2025-10-21,10,香ばし炒めの玉子炒飯,1160.16,1392,341.0,395615.0
2025-10-21,10,ＢＳおつまみ焼そば味スパ,1160.16,1392,136.0,157782.0
2025-10-21,10,ナイキ　ラバーグローブＬ,1160.16,1392,498.0,577760.0
2025-10-21,10,冷し担担麺,1160.16,1392,462.0,535994.0
2025-10-21,10,はちみつとりんごのケーキ,1160.16,1392,276.0,320204.0
2025-10-21,10,センテＦグリーン１０Ｐ,1160.16,1392,4819.0,5590811.0
2025-10-21,10,３種チーズのミートソース,1160.16,1392,599.0,694936.0
2025-10-21,10,ピュレフルーツりんご,1160.16,1392,268.0,310923.0
2025-10-21,10,巨峰大福（白こしあん）,1160.16,1392,188.0,218110.0
2025-10-21,10,すッパイチュウレモン味,1160.16,1392,127.0,147340.0
2025-10-21,10,てんこ盛弁当,1160.16,1392,598.0,693776.0
2025-10-21,10,ナイキ　ラバーグローブＭ,1160.16,1392,498.0,577760.0
2025-10-21,10,厚切りポテトペッパー,1160.16,1392,142.0,164743.0
2025-10-21,10,ハイチュウ人気ミックス,1160.16,1392,127.0,147340.0
2025-10-21,10,コロコロハイチュウ,1160.16,1392,127.0,147340.0
2025-10-21,10,黒わらび餅,1160.16,1392,178.0,206508.0
2025-10-21,10,メガシャキ,1160.16,1392,239.0,277278.0
2025-10-21,10,ポケカ拡張メガシンフォ,1160.16,1392,164.0,190266.0
2025-10-21,10,ポケカ拡張メガブレイブ,1160.16,1392,164.0,190266.0
2025-10-21,10,イープラス　入金,1160.16,1392,16455.0,19090433.0
2025-10-21,10,夏のミルクシュー,1160.16,1392,138.0,160102.0
2025-10-21,10,ふわしゅわスフレレモン,1160.16,1392,249.0,288880.0
2025-10-21,10,ラッキーＳベリーＳ,1160.16,1392,391.0,453623.0
2025-10-21,10,グローＨプロオニキスＰ,1160.16,1392,3619.0,4198619.0
2025-10-21,10,エボＴバナナＣＰＬＭ,1160.16,1392,500.0,580080.0
2025-10-21,10,エボＴベリーＣＰＬＭ,1160.16,1392,500.0,580080.0
2025-10-21,10,マウススプレークールＭ,1160.16,1392,251.0,291200.0
2025-10-21,10,おーいお茶緑茶　６００,1160.16,1392,158.0,183305.0
2025-10-21,10,◎のむヨーグルトパイン,1160.16,1392,158.0,183305.0
2025-10-21,10,ルーローハン風パスタサラ,1160.16,1392,417.0,483787.0
2025-10-21,10,１９６白桃３５０,1160.16,1392,161.0,186786.0
2025-10-21,10,履歴書用紙,1160.16,1392,309.0,358489.0
2025-10-21,10,メガライフガード　７００,1160.16,1392,150.0,174024.0
2025-10-21,10,１９６マスカット３５０,1160.16,1392,161.0,186786.0
2025-10-21,10,ケントＮＳダークＦ,1160.16,1392,500.0,580080.0
2025-10-21,10,ワンピデッキ　ティーチ,1160.16,1392,500.0,580080.0
2025-10-21,10,ソフト携帯吸殻入れ,1160.16,1392,273.0,316724.0
2025-10-21,10,リチウム５０００ｍＡｈ,1160.16,1392,2982.0,3459597.0
2025-10-21,10,ユニアリ　ワンパンマン,1160.16,1392,350.0,406056.0
2025-10-21,10,多当祝　御祝,1160.16,1392,87.0,100934.0
2025-10-21,10,碧Ａｏ海薫るＨＢ３５０,1160.16,1392,350.0,406056.0
2025-10-21,10,ポケピファンピカチュウ,1160.16,1392,3164.0,3670746.0
2025-10-21,10,タフグミビッグバンピーチ,1160.16,1392,238.0,276118.0
2025-10-21,10,もちっとガブリマスカット,1160.16,1392,143.0,165903.0
2025-10-21,10,ＭＶＰＧレギュウィズ６Ｐ,1160.16,1392,3273.0,3797204.0
2025-10-21,10,テリアＯパール１０Ｐ,1160.16,1392,5273.0,6117524.0
2025-10-21,10,ふんわりたまごのオムライ,1160.16,1392,276.0,320204.0
2025-10-21,10,韓国風海苔佃煮おむすび,1160.16,1392,147.0,170544.0
2025-10-21,10,ラークスーパー５,1160.16,1392,491.0,569639.0
2025-10-21,10,青しそ高菜おむすび,1160.16,1392,139.0,161262.0
2025-10-21,10,ツメキリ　Ｓ,1160.16,1392,480.0,556877.0
2025-10-21,10,ビタミン野菜,1160.16,1392,113.0,131098.0
2025-10-21,10,ポケぷにフルーツ,1160.16,1392,218.0,252915.0
2025-10-21,10,◎ジューシーソーセージパ,1160.16,1392,135.0,156622.0
2025-10-21,10,炙り豚焼肉マヨネーズ,1160.16,1392,276.0,320204.0
2025-10-21,10,おーいお茶濃い茶６００,1160.16,1392,158.0,183305.0
2025-10-21,10,細ーいじゃがビーサワクリ,1160.16,1392,164.0,190266.0
2025-10-21,10,テリアＢルビーＭ１０Ｐ,1160.16,1392,5273.0,6117524.0
2025-10-21,10,Ｃ１０００コラーゲン＆,1160.16,1392,147.0,170544.0
2025-10-21,10,カニカマの寿司,1160.16,1392,174.0,201868.0
2025-10-21,10,いかめしおむすび,1160.16,1392,258.0,299321.0
2025-10-21,10,モッチュ白桃味,1160.16,1392,148.0,171704.0
2025-10-21,10,テリアミント１０Ｐ,1160.16,1392,5273.0,6117524.0
2025-10-21,10,◎増量うす焼せんべい,1160.16,1392,147.0,170544.0
2025-10-21,10,ポテロング,1160.16,1392,162.0,187946.0
2025-10-21,10,カルピス　リンゴ＆洋梨,1160.16,1392,160.0,185626.0
2025-10-21,10,ごろごろゆでたまごサンド,1160.16,1392,369.0,428099.0
2025-10-21,10,◎ふんわりもっちパン（チ,1160.16,1392,128.0,148500.0
2025-10-21,10,ミンティアＢブラック,1160.16,1392,211.0,244794.0
2025-10-21,10,増量チキンパスタサラダ,1160.16,1392,369.0,428099.0
2025-10-21,10,島星シトラスエール３５０,1160.16,1392,306.0,355009.0
2025-10-21,10,アーモンド効果プロテイン,1160.16,1392,198.0,229712.0
2025-10-21,10,小枝チョコクッキーサンド,1160.16,1392,239.0,277278.0
2025-10-21,10,冷たい生パスタツナトマト,1160.16,1392,499.0,578920.0
2025-10-21,10,◎レアチーズデニッシュ,1160.16,1392,147.0,170544.0
2025-10-21,10,にゃんともチーズ塩バニラ,1160.16,1392,230.0,266837.0
2025-10-21,10,ザクザクやみつきクランキ,1160.16,1392,198.0,229712.0
2025-10-21,10,増量ロースかつカレー,1160.16,1392,555.0,643889.0
2025-10-21,10,＊Ｆハイキューまんじゅう,1160.16,1392,172.0,199548.0
2025-10-21,10,ペタグーソーダ,1160.16,1392,150.0,174024.0
2025-10-21,10,超急速２ｉｎ１Ｃ＆Ｌ１ｍ,1160.16,1392,2346.0,2721735.0
2025-10-21,10,トマトジュースプレミアム,1160.16,1392,148.0,171704.0
2025-10-21,10,玉子焼＆ハムサンド,1160.16,1392,323.0,374732.0
2025-10-21,10,２種チーズとハムサンド,1160.16,1392,323.0,374732.0
2025-10-21,10,かぶり寿司　甘辛そぼろマ,1160.16,1392,283.0,328325.0
2025-10-21,10,◎増量チョコビスケット,1160.16,1392,139.0,161262.0
2025-10-21,10,マーブル,1160.16,1392,184.0,213469.0
2025-10-21,10,ラーク・１００・ＢＯＸ,1160.16,1392,491.0,569639.0
2025-10-21,10,１９６無糖冷凍みかん３５,1160.16,1392,161.0,186786.0
2025-10-21,10,メビウスワン１００Ｂ１０,1160.16,1392,5273.0,6117524.0
2025-10-21,10,◎ミニメンチカツバーガ３,1160.16,1392,195.0,226231.0
2025-10-21,10,野菜マシマシ冷し中華,1160.16,1392,647.0,750624.0
2025-10-21,10,ミンティアＢＣマイルド,1160.16,1392,210.0,243634.0
2025-10-21,10,塩おむすび,1160.16,1392,129.0,149661.0
2025-10-21,10,ミンティアＢＦピーチ,1160.16,1392,211.0,244794.0
2025-10-21,10,ミンティアＢＦレモン,1160.16,1392,211.0,244794.0
2025-10-21,10,カロリーメイトチョコ,1160.16,1392,220.0,255235.0
2025-10-21,10,カロリーメイト　バニラ,1160.16,1392,220.0,255235.0
2025-10-21,10,ゼロプロテインチョコ,1160.16,1392,198.0,229712.0
2025-10-21,10,カントリーＭマロンケーキ,1160.16,1392,180.0,208829.0
2025-10-21,10,カンロザストロングソーダ,1160.16,1392,200.0,232032.0
2025-10-21,10,◎増量大盛たこ焼き,1160.16,1392,554.0,642729.0
2025-10-21,10,フリクション３スリムＢＫ,1160.16,1392,541.0,627647.0
2025-10-21,10,パイの実,1160.16,1392,237.0,274958.0
2025-10-21,10,ゼログラノーラチョコ,1160.16,1392,198.0,229712.0
2025-10-21,10,ペタグーグレープ,1160.16,1392,150.0,174024.0
2025-10-21,10,ＩＱＯＳｉＯＤバイオレ,1160.16,1392,3619.0,4198619.0
2025-10-21,10,テリアＢトロピカルＭ,1160.16,1392,528.0,612564.0
2025-10-21,10,カレーせんオリジナルスパ,1160.16,1392,138.0,160102.0
2025-10-21,10,花椒香る　麻婆焼そばＤ２,1160.16,1392,554.0,642729.0
2025-10-21,10,ジャパンタイムズ,1160.16,1392,273.0,316724.0
2025-10-21,10,たまごっち　めじるし２,1160.16,1392,300.0,348048.0
2025-10-21,10,ワンピカード　師弟の絆,1160.16,1392,200.0,232032.0
2025-10-21,10,アポロチョコレート,1160.16,1392,184.0,213469.0
2025-10-21,10,テリアＢフューシャＭ,1160.16,1392,528.0,612564.0
2025-10-21,10,勝馬,1160.16,1392,500.0,580080.0
2025-10-21,10,おむすび２個（鮭・昆布）,1160.16,1392,313.0,363130.0
2025-10-21,10,クッキークリームクレープ,1160.16,1392,332.0,385173.0
2025-10-21,10,きのこの山のジクカール,1160.16,1392,263.0,305122.0
2025-10-21,10,アーモンド・ブリーズ微糖,1160.16,1392,128.0,148500.0
2025-10-21,10,チーズあじカカールアーモ,1160.16,1392,230.0,266837.0
2025-10-21,10,◎増量かーるいチーズスナ,1160.16,1392,128.0,148500.0
2025-10-21,10,三ツ矢サイダー５００,1160.16,1392,160.0,185626.0
2025-10-21,10,栄養強化型　１日分の野菜,1160.16,1392,131.0,151981.0
2025-10-21,10,ぶどうきゃん,1160.16,1392,128.0,148500.0
2025-10-21,10,大きなロール焼そばたまご,1160.16,1392,369.0,428099.0
2025-10-21,10,シーザーパスタサラダ,1160.16,1392,389.0,451302.0
2025-10-21,10,納豆細巻寿司（５巻増量）,1160.16,1392,389.0,451302.0
2025-10-21,10,わさび海苔　野沢菜わさび,1160.16,1392,175.0,203028.0
2025-10-21,10,さばほぐしごはん,1160.16,1392,332.0,385173.0
2025-10-21,10,ねるねるねるねゼリー,1160.16,1392,276.0,320204.0
2025-10-21,10,たまごボーロっち２,1160.16,1392,350.0,406056.0
2025-10-21,10,グミだよ。ピーチフラッペ,1160.16,1392,166.0,192587.0
2025-10-21,10,◎３種フルーツとナッツ,1160.16,1392,165.0,191426.0
2025-10-21,10,◎でっかいカレーたまごパ,1160.16,1392,139.0,161262.0
2025-10-21,10,◎チョコバナナロール,1160.16,1392,156.0,180985.0
2025-10-21,10,シゲキックスグレープ,1160.16,1392,120.0,139219.0
2025-10-21,10,天使のグミ甘熟マンゴー味,1160.16,1392,170.0,197227.0
2025-10-21,10,かむかむレモン,1160.16,1392,150.0,174024.0
2025-10-21,10,梨スムージー,1160.16,1392,193.0,223911.0
2025-10-21,10,のむアサイーボウル,1160.16,1392,188.0,218110.0
2025-10-21,10,ミルキーバニラアイス味,1160.16,1392,170.0,197227.0
2025-10-21,10,ウェルチ　マスカットＳＰ,1160.16,1392,160.0,185626.0
2025-10-21,10,ゆず鶏だしミニ塩ラーメン,1160.16,1392,399.0,462904.0
2025-10-21,10,コク旨醤油だれの油そば,1160.16,1392,499.0,578920.0
2025-10-21,10,くりーむメロンパン,1160.16,1392,276.0,320204.0
2025-10-21,10,ネバネバと大根のサラダ,1160.16,1392,297.0,344568.0
2025-10-21,10,麻辣湯,1160.16,1392,248.0,287720.0
2025-10-21,10,ポケピファンワッカネズミ,1160.16,1392,3164.0,3670746.0
2025-10-21,10,シフォンマンゴー＆ピーチ,1160.16,1392,250.0,290040.0
2025-10-21,10,ふわもち生大福　きなこ,1160.16,1392,138.0,160102.0
2025-10-21,10,生クリームパイコロネ,1160.16,1392,204.0,236673.0
2025-10-21,10,コカ・コーラゼロ５００,1160.16,1392,170.0,197227.0
2025-10-21,10,ケント１・１００Ｂ１０Ｐ,1160.16,1392,4728.0,5485236.0
2025-10-21,10,生茶６００,1160.16,1392,158.0,183305.0
2025-10-21,10,アリィージェルＵＶミニ,1160.16,1392,1346.0,1561575.0
2025-10-21,10,ｉｎゼリーＥＮ　ブドウ糖,1160.16,1392,210.0,243634.0
2025-10-21,10,その他１０口座売上,1160.16,1392,228.0,264516.0
2025-10-21,10,優馬,1160.16,1392,591.0,685655.0
2025-10-21,10,◎増量しみチョココーン,1160.16,1392,147.0,170544.0
2025-10-21,10,◎クルーラーリングドー８,1160.16,1392,184.0,213469.0
2025-10-21,10,◎クラウンメロンパン,1160.16,1392,139.0,161262.0
2025-10-21,10,◎つぶあんぱん北海道小豆,1160.16,1392,121.0,140379.0
2025-10-21,10,大きなチーズカレーパン（,1160.16,1392,184.0,213469.0
2025-10-21,10,梅づくしおむすび,1160.16,1392,172.0,199548.0
2025-10-21,10,もち麦　枝豆ゆかり,1160.16,1392,163.0,189106.0
2025-10-21,10,青磯海苔　漬けサーモン,1160.16,1392,199.0,230872.0
2025-10-21,10,三ツ矢　特濃アップル,1160.16,1392,160.0,185626.0
2025-10-21,10,ＧＰｌａｙ１０００,1160.16,1392,1000.0,1160160.0
2025-10-21,10,堅あげ極味玉ねぎ黒胡椒,1160.16,1392,196.0,227391.0
2025-10-21,10,秋味３５０,1160.16,1392,216.0,250595.0
2025-10-21,10,黒チャーハンおむすび,1160.16,1392,175.0,203028.0
2025-10-21,10,トルティーヤケバブチキン,1160.16,1392,369.0,428099.0
2025-10-21,10,ピュアポテト濃いのり塩,1160.16,1392,155.0,179825.0
2025-10-21,10,マシマシ焼もろこしせん,1160.16,1392,148.0,171704.0
2025-10-21,10,増量　天使のチーズケーキ,1160.16,1392,230.0,266837.0
2025-10-21,10,ＩＱＯＳｉＯＳモデル,1160.16,1392,3619.0,4198619.0
2025-10-21,10,ｉｎゼリートリプルＥ,1160.16,1392,210.0,243634.0
2025-10-21,10,ＳＰＡＭむすび　玉子焼き,1160.16,1392,320.0,371251.0
2025-10-21,10,蒸し鶏ラー油ネギ冷うどん,1160.16,1392,499.0,578920.0
2025-10-21,10,大きな具材ミックスサント,1160.16,1392,399.0,462904.0
2025-10-21,10,手巻寿司　梅ゆかり納豆,1160.16,1392,189.0,219270.0
2025-10-21,10,大きいバウムクーヘン,1160.16,1392,221.0,256395.0
2025-10-21,10,パリジャン　ハム＆チーズ,1160.16,1392,350.0,406056.0
2025-10-21,10,大きいフィナンシェ,1160.16,1392,221.0,256395.0
2025-10-21,10,◎メロンクリームパン４,1160.16,1392,156.0,180985.0
2025-10-21,10,サンド寿司　まぐろたたき,1160.16,1392,332.0,385173.0
2025-10-21,10,白いたべっ子おさつバター,1160.16,1392,180.0,208829.0
2025-10-21,10,大きなたまごづくしサンド,1160.16,1392,369.0,428099.0
2025-10-21,10,ウィルキンソンマスカット,1160.16,1392,138.0,160102.0
2025-10-21,10,◎北海道メロンのコロネ,1160.16,1392,135.0,156622.0
2025-10-21,10,ミニプラグ用イヤホン,1160.16,1392,1528.0,1772724.0
2025-10-21,10,マスカットのど飴小袋,1160.16,1392,138.0,160102.0
2025-10-21,10,じゃがりこＬヤンニョム,1160.16,1392,218.0,252915.0
2025-10-21,10,カレーコロッケバ－ガ－（,1160.16,1392,167.0,193747.0
2025-10-21,10,檸檬堂白ぶどうレモン３５,1160.16,1392,160.0,185626.0
2025-10-21,10,増量麻婆豆腐ごはん,1160.16,1392,462.0,535994.0
2025-10-21,10,ファミマ・ザ・ナポリタン,1160.16,1392,406.0,471025.0
2025-10-21,10,フルーチェグミイチゴ,1160.16,1392,184.0,213469.0
2025-10-21,10,ガルボチョコパウチ,1160.16,1392,270.0,313243.0
2025-10-21,10,冷たいパスタチキンバジル,1160.16,1392,499.0,578920.0
2025-10-21,10,ポケピファンポッチャマ,1160.16,1392,3164.0,3670746.0
2025-10-21,10,チキングリル弁当,1160.16,1392,555.0,643889.0
2025-10-21,10,辛口回鍋肉焼そば,1160.16,1392,536.0,621846.0
2025-10-21,10,パステルのプリンマドレー,1160.16,1392,220.0,255235.0
2025-10-21,10,ピュアポテト塩と岩塩,1160.16,1392,155.0,179825.0
2025-10-21,10,いちごミルク,1160.16,1392,269.0,312083.0
2025-10-21,10,甘辛醤油たれ唐揚弁当,1160.16,1392,555.0,643889.0
2025-10-21,10,ワンピカード意志,1160.16,1392,200.0,232032.0
2025-10-21,10,ビオレトラベルセット,1160.16,1392,620.0,719299.0
2025-10-21,10,ノンオイル青じそドレッシ,1160.16,1392,28.0,32484.0
2025-10-21,10,◎プリンみたいなパンケー,1160.16,1392,138.0,160102.0
2025-10-21,10,１９６王林３５０,1160.16,1392,161.0,186786.0
2025-10-21,10,オイコス　プレーン加糖,1160.16,1392,179.0,207669.0
2025-10-21,10,ＩＱＯＳｉＤバイオレット,1160.16,1392,6346.0,7362375.0
2025-10-21,10,柿安監修　牛すきおむすび,1160.16,1392,258.0,299321.0
2025-10-21,10,ＧＩＮＯＮレモン３５０,1160.16,1392,167.0,193747.0
2025-10-21,10,◎ラベルレス天然水安曇箱,1160.16,1392,489.0,567318.0
2025-10-21,10,一番搾り糖質ゼロ３５０,1160.16,1392,216.0,250595.0
2025-10-21,10,オニポテスナック,1160.16,1392,248.0,287720.0
2025-10-21,10,しゃりｉｎグミみかん,1160.16,1392,168.0,194907.0
2025-10-21,10,ググッタＳマスカット味,1160.16,1392,199.0,230872.0
2025-10-21,10,とろみーグミぶどう味,1160.16,1392,184.0,213469.0
2025-10-21,10,果汁グミシチリアレモン,1160.16,1392,152.0,176344.0
2025-10-21,10,◎ベーコン＆チーズデニッ,1160.16,1392,158.0,183305.0
2025-10-21,10,桃マカロン,1160.16,1392,249.0,288880.0
2025-10-21,10,梅蒸し鶏あったかそうめん,1160.16,1392,399.0,462904.0
2025-10-21,10,千里眼　ニンニクまぜそば,1160.16,1392,647.0,750624.0
2025-10-21,10,ナッツフルーツカッサータ,1160.16,1392,258.0,299321.0
2025-10-21,10,ＳＤブラックピンク３５０,1160.16,1392,216.0,250595.0
2025-10-21,10,大きな　鮭マヨと生たらこ,1160.16,1392,276.0,320204.0
2025-10-21,10,クリーミーほうじ茶ラテ,1160.16,1392,181.0,209989.0
2025-10-21,10,ハムカツサンド,1160.16,1392,297.0,344568.0
2025-10-21,10,◎たまご蒸しパン４個入,1160.16,1392,172.0,199548.0
2025-10-21,10,しゃりぷにょ梅グミ,1160.16,1392,170.0,197227.0
2025-10-21,10,もちゅグミ温州みかん味,1160.16,1392,184.0,213469.0
2025-10-21,10,むちもっちバナナグミ,1160.16,1392,180.0,208829.0
2025-10-21,10,プリン！？シュー,1160.16,1392,138.0,160102.0
2025-10-21,10,◎ジュワっとしたチーズ塩,1160.16,1392,139.0,161262.0
2025-10-21,10,たっぷりハムサンド,1160.16,1392,323.0,374732.0
2025-10-21,10,野菜生活マスカット,1160.16,1392,118.0,136899.0
2025-10-21,10,◎たっぷりマロンクリーム,1160.16,1392,147.0,170544.0
2025-10-21,10,◎生スコーン６個入（スイ,1160.16,1392,172.0,199548.0
2025-10-21,10,モンブランのサンダー,1160.16,1392,50.0,58008.0
2025-10-21,10,にじピグチップスうすしお,1160.16,1392,230.0,266837.0
2025-10-21,10,◎バウムクーヘン（４）,1160.16,1392,239.0,277278.0
2025-10-21,10,ブルーベリーサンド,1160.16,1392,195.0,226231.0
2025-10-21,10,ハガキフリー,1160.16,1392,200.0,232032.0
2025-10-21,10,ＢＩＯ　ブルーベリーミッ,1160.16,1392,168.0,194907.0
2025-10-21,10,半熟玉子冷ぶっかけうどん,1160.16,1392,399.0,462904.0
2025-10-21,10,ヴイックスのど飴シトラス,1160.16,1392,238.0,276118.0
2025-10-21,10,多当　　御見舞,1160.16,1392,87.0,100934.0
2025-10-21,10,しゃり蔵ザクザクッラー油,1160.16,1392,120.0,139219.0
2025-10-21,10,赤肉メロンミルク,1160.16,1392,267.0,309763.0
2025-10-21,10,完熟トマトベーコンパスタ,1160.16,1392,536.0,621846.0
2025-10-21,10,ＰＧスイートチリＳ缶,1160.16,1392,168.0,194907.0
2025-10-21,10,唐揚巻（マヨネーズ付）,1160.16,1392,462.0,535994.0
2025-10-21,10,クリーム＆コーヒーゼリー,1160.16,1392,135.0,156622.0
2025-10-21,10,ＵＳＢ－Ｃ電池式６本,1160.16,1392,1800.0,2088288.0
2025-10-21,10,甜面醤の旨ジャージャー麺,1160.16,1392,499.0,578920.0
2025-10-21,10,パリジャンサンドチキンべ,1160.16,1392,350.0,406056.0
2025-10-21,10,ケントＮＳスムースＦ,1160.16,1392,500.0,580080.0
2025-10-21,10,スパイシーチキン野菜サラ,1160.16,1392,554.0,642729.0
2025-10-21,10,充電器５０００ｍＡｈ,1160.16,1392,2982.0,3459597.0
2025-10-21,10,キャラパキ発掘恐竜,1160.16,1392,110.0,127618.0
2025-10-21,10,食べマスおぱんちゅうさぎ,1160.16,1392,350.0,406056.0
2025-10-21,10,海老マヨネーズおむすび,1160.16,1392,239.0,277278.0
2025-10-21,10,さけるグミハロウィン,1160.16,1392,120.0,139219.0
2025-10-21,10,◎シャルドネ香るティー,1160.16,1392,110.0,127618.0
2025-10-21,10,スニッカーズハーフＳアー,1160.16,1392,158.0,183305.0
2025-10-21,10,大きな　肉そぼろ卵黄ソー,1160.16,1392,297.0,344568.0
2025-10-21,10,ヱビス和奏３５０,1160.16,1392,272.0,315564.0
2025-10-21,10,タフグミＰＲＯローヤル,1160.16,1392,359.0,416497.0
2025-10-21,10,ヴァルトメンソールＣＬ,1160.16,1392,528.0,612564.0
2025-10-21,10,グロー・ヒーロ・ルビー,1160.16,1392,3619.0,4198619.0
2025-10-21,10,◎サクサク食感のミニチ５,1160.16,1392,184.0,213469.0
2025-10-21,10,ＧＯＤＩＶＡドリンク,1160.16,1392,397.0,460584.0
2025-10-21,10,伝説のケバブ風味ポテトＣ,1160.16,1392,193.0,223911.0
2025-10-21,10,北海道なまらでっかいシュ,1160.16,1392,315.0,365450.0
2025-10-21,10,クラッシュ蒟蒻畑みかん味,1160.16,1392,183.0,212309.0
2025-10-21,10,ＦＭオリジナル安食ロール,1160.16,1392,369.0,428099.0
2025-10-21,10,レッツハロウィンつぶグミ,1160.16,1392,158.0,183305.0
2025-10-21,10,◎ピリ辛明太フランス（か,1160.16,1392,135.0,156622.0
2025-10-21,10,◎和風ツナパン,1160.16,1392,135.0,156622.0
2025-10-21,10,ハラペーニョチキンチェダ,1160.16,1392,443.0,513951.0
2025-10-21,10,全粒粉サラダチキンとハム,1160.16,1392,369.0,428099.0
2025-10-21,10,◎ピスタチオいちごケーキ,1160.16,1392,230.0,266837.0
2025-10-21,10,焼ベーコン寿司,1160.16,1392,230.0,266837.0
2025-10-21,10,ちいかわ黒猫ミニバッグ,1160.16,1392,1000.0,1160160.0
2025-10-21,10,ごろっと白桃ケーキ,1160.16,1392,297.0,344568.0
2025-10-21,10,さくふわきなこもちぼーる,1160.16,1392,150.0,174024.0
2025-10-21,10,◎白生コッペパン（レアチ,1160.16,1392,153.0,177504.0
2025-10-21,10,秋のフルーツこれ一本,1160.16,1392,118.0,136899.0
2025-10-21,10,◎キャラメルバニラメロン,1160.16,1392,172.0,199548.0
2025-10-21,10,３１マスコットつきグミ２,1160.16,1392,350.0,406056.0
2025-10-21,10,◎ショコラクッキー,1160.16,1392,212.0,245954.0
2025-10-21,10,ピュレグミＰふじりんご,1160.16,1392,180.0,208829.0
2025-10-21,10,たぬきおむすび,1160.16,1392,138.0,160102.0
2025-10-21,10,わた雪みたいなレアチーズ,1160.16,1392,315.0,365450.0
2025-10-21,10,スイートポテトスティック,1160.16,1392,212.0,245954.0
2025-10-21,10,ハリボープリマヴェーラ,1160.16,1392,198.0,229712.0
2025-10-21,10,ザバスミルクキャラメル,1160.16,1392,222.0,257556.0
2025-10-21,10,パーラメントＥＸＬ１００,1160.16,1392,564.0,654330.0
2025-10-21,10,チャーシュー冷しまぜそば,1160.16,1392,599.0,694936.0
2025-10-21,10,氷結無糖ゆずＳＰ３５０,1160.16,1392,168.0,194907.0
2025-10-21,10,スティックモンブラン,1160.16,1392,249.0,288880.0
2025-10-21,10,１９６無糖ピンクＧＦ３５,1160.16,1392,161.0,186786.0
2025-10-21,10,◎アールグレイクロワッサ,1160.16,1392,172.0,199548.0
2025-10-21,10,ラーメン荘　豚ラーメン,1160.16,1392,647.0,750624.0
2025-10-21,10,◎ハムチーズデニッシュ４,1160.16,1392,184.0,213469.0
2025-10-21,10,ヴァルトダークタバコ,1160.16,1392,528.0,612564.0
2025-10-21,10,ヴァルトメロンクリック,1160.16,1392,528.0,612564.0
2025-10-21,10,ドラキュラへんしんグミ,1160.16,1392,350.0,406056.0
2025-10-21,10,わさびいなり寿司,1160.16,1392,178.0,206508.0
2025-10-21,10,ちいかわ花占いグミ,1160.16,1392,230.0,266837.0
2025-10-21,10,ねぎ塩チキン醤油まぶし飯,1160.16,1392,555.0,643889.0
2025-10-21,10,紫いもミルクティー,1160.16,1392,190.0,220430.0
2025-10-21,10,ＢＳラーメン柿の種ミック,1160.16,1392,110.0,127618.0
2025-10-21,10,焼まろん,1160.16,1392,215.0,249434.0
2025-10-21,10,ウィルキンソンＥＸ　ＧＦ,1160.16,1392,117.0,135739.0
2025-10-21,10,ミンティア瀬戸田レモン,1160.16,1392,105.0,121817.0
2025-10-21,10,北海道リッチミルクプリン,1160.16,1392,399.0,462904.0
2025-10-21,10,焼ほし芋,1160.16,1392,195.0,226231.0
2025-10-21,10,冷しすだちおろしうどん,1160.16,1392,510.0,591682.0
2025-10-21,10,テリヤキチキンのサラダ,1160.16,1392,397.0,460584.0
2025-10-21,10,和牛カラムーチョわさび,1160.16,1392,155.0,179825.0
2025-10-21,10,きのことベーコンのドリア,1160.16,1392,526.0,610244.0
2025-10-21,10,ｂｉｔｌｏｔガンダム,1160.16,1392,680.0,788909.0
2025-10-21,10,ポケカメガゲンガーｅｘ,1160.16,1392,1637.0,1899182.0
2025-10-21,10,ポケカメガディアンシー,1160.16,1392,1637.0,1899182.0
2025-10-21,10,◎トマトコンソメスープ,1160.16,1392,350.0,406056.0
2025-10-21,10,◎４種きのこクリームスー,1160.16,1392,426.0,494228.0
2025-10-21,10,Ａｐｐｌｅチャージ,1160.16,1392,10500.0,12181680.0
2025-10-21,10,ＨＷ変顔キャンディ,1160.16,1392,400.0,464064.0
2025-10-21,10,週末版ジャパンタイムズ,1160.16,1392,364.0,422298.0
2025-10-21,10,魚ギョッと釣りグミ,1160.16,1392,70.0,81211.0
2025-10-21,10,じゃりむちグミピーチＳ,1160.16,1392,175.0,203028.0
2025-10-21,10,スターバックス　ブラック,1160.16,1392,168.0,194907.0
2025-10-21,10,フリスクＦＦみかん,1160.16,1392,278.0,322524.0
2025-10-21,10,アップルパンチ３５０,1160.16,1392,161.0,186786.0
2025-10-21,10,山ちゃん監修　海老天むす,1160.16,1392,276.0,320204.0
2025-10-21,10,スヌーピークッキーサンド,1160.16,1392,369.0,428099.0
2025-10-21,10,◎塩バターケーキタルト,1160.16,1392,147.0,170544.0
2025-10-21,10,ＳＰＡＭ　玉子焼き明太子,1160.16,1392,369.0,428099.0
2025-10-21,10,ヴァルトＩメンソールＣＬ,1160.16,1392,528.0,612564.0
2025-10-21,10,スターバックスカフェラテ,1160.16,1392,178.0,206508.0
2025-10-21,10,グローＨＧブラック,1160.16,1392,1346.0,1561575.0
2025-10-21,10,ガイコツグミグレープ味,1160.16,1392,230.0,266837.0
2025-10-21,10,モンストロマーブルガム,1160.16,1392,100.0,116016.0
2025-10-21,10,ぷっちょ袋ＨＷアソート,1160.16,1392,210.0,243634.0
2025-10-21,10,宇都宮線・高崎線チップス,1160.16,1392,156.0,180985.0
2025-10-21,10,つくねおむすび,1160.16,1392,276.0,320204.0
2025-10-21,10,ヴァルトＩベリークリック,1160.16,1392,528.0,612564.0
2025-10-21,10,おーいお茶濃茶ストロング,1160.16,1392,158.0,183305.0
2025-10-21,10,ちぎれるブリオッシュパン,1160.16,1392,147.0,170544.0
2025-10-21,10,鮭金ごまおむすび,1160.16,1392,139.0,161262.0
2025-10-21,10,ピュレグミラ・フランス,1160.16,1392,150.0,174024.0
2025-10-21,10,チュッパサワーバイトグミ,1160.16,1392,158.0,183305.0
2025-10-21,10,味付海苔　ベーコンマヨ,1160.16,1392,184.0,213469.0
2025-10-21,10,バナナカスタードブリュレ,1160.16,1392,350.0,406056.0
2025-10-21,10,◎生コッペパン（オムナポ,1160.16,1392,184.0,213469.0
2025-10-21,10,◎伊右衛門　濃い緑茶,1160.16,1392,121.0,140379.0
2025-10-21,10,チョコクリームたい焼き,1160.16,1392,176.0,204188.0
2025-10-21,10,専スヌーピーチョコドーナ,1160.16,1392,156.0,180985.0
2025-10-21,10,ヴァルトベリークリック,1160.16,1392,528.0,612564.0
2025-10-21,10,鶏天うどん,1160.16,1392,599.0,694936.0
2025-10-21,10,チキンカツサンド,1160.16,1392,399.0,462904.0
2025-10-21,10,ルーシーのレモネード,1160.16,1392,184.0,213469.0
2025-10-21,10,ブルガリアＹＯさくらんぼ,1160.16,1392,195.0,226231.0
2025-10-21,10,たべっ子ラムネみかん,1160.16,1392,150.0,174024.0
2025-10-21,10,さつまりこ焼きいも,1160.16,1392,185.0,214630.0
2025-10-21,10,◎焦がしバターのクロワッ,1160.16,1392,121.0,140379.0
2025-10-21,10,モッチ生ドーナツ生チョコ,1160.16,1392,184.0,213469.0
2025-10-21,10,カンデミーナＳＰベスト,1160.16,1392,200.0,232032.0
2025-10-21,10,ＦチャーリーＢロール,1160.16,1392,165.0,191426.0
2025-10-21,10,ルックア・ラ・モード,1160.16,1392,200.0,232032.0
2025-10-21,10,ルックホワイトラバーズ,1160.16,1392,200.0,232032.0
2025-10-21,10,くりーむパン　和栗,1160.16,1392,269.0,312083.0
2025-10-21,10,Ｐルックシャインマスカッ,1160.16,1392,270.0,313243.0
2025-10-21,10,海老とブロッコリーロール,1160.16,1392,369.0,428099.0
2025-10-21,10,かぶり寿司　旨辛唐揚げ巻,1160.16,1392,283.0,328325.0
2025-10-21,10,Ｐルック生キャラメル,1160.16,1392,270.0,313243.0
2025-10-21,10,来来亭監修　冷し中華,1160.16,1392,554.0,642729.0
2025-10-21,10,野菜生活Ｓアサイーバナナ,1160.16,1392,178.0,206508.0
2025-10-21,10,ポテトＣ感謝のほたてしお,1160.16,1392,157.0,182145.0
2025-10-21,10,ぷっちょＳＴ有田みかん,1160.16,1392,118.0,136899.0
2025-10-21,10,ａｍｉ活ゼリーピングレ味,1160.16,1392,210.0,243634.0
2025-10-21,10,ベーコンとレタスのサラダ,1160.16,1392,332.0,385173.0
2025-10-21,10,カカオ味わうショコララテ,1160.16,1392,230.0,266837.0
2025-10-21,10,スッパイマンちいかわ一番,1160.16,1392,200.0,232032.0
2025-10-21,10,天津あんかけ焼そば,1160.16,1392,554.0,642729.0
2025-10-21,10,ヴァルトミントクリック,1160.16,1392,528.0,612564.0
2025-10-21,10,生パスタ　カルボナーラ,1160.16,1392,499.0,578920.0
2025-10-21,10,プルームオーラＪブラック,1160.16,1392,2710.0,3144034.0
2025-10-21,10,帆立と鰹の昆布水つけ麺,1160.16,1392,600.0,696096.0
2025-10-21,10,秋のフルーツスムージー,1160.16,1392,193.0,223911.0
2025-10-21,10,Ｗ・Ｃホワイト５・１０Ｐ,1160.16,1392,4910.0,5696386.0
2025-10-21,10,ＧＰｌａｙ１００００,1160.16,1392,10000.0,11601600.0
2025-10-21,10,白身フライごはん,1160.16,1392,276.0,320204.0
2025-10-21,10,カルピス　Ｐグレープ,1160.16,1392,170.0,197227.0
2025-10-21,10,◎なすトマトソースグラタ,1160.16,1392,508.0,589361.0
2025-10-21,10,０１：ＢＥ：ＦＩＲＳＴ,1160.16,1392,0.0,0.0
2025-10-21,10,コミック乱ツインズ,1160.16,1392,528.0,612564.0
2025-10-21,10,いなり寿司５ヶ入,1160.16,1392,443.0,513951.0
2025-10-21,10,◎根菜入つくね和風スープ,1160.16,1392,406.0,471025.0
2025-10-21,10,もち明太チーズドリア,1160.16,1392,491.0,569639.0
2025-10-21,10,シングルモルト山崎１８０,1160.16,1392,1950.0,2262312.0
2025-10-21,10,グミチョコボールぶどう味,1160.16,1392,199.0,230872.0
2025-10-21,10,Ｈ綾鷹,1160.16,1392,128.0,148500.0
2025-10-21,10,Ｈ伊右衛門５００,1160.16,1392,138.0,160102.0
2025-10-21,10,堅あげポテト鬼旨ブラック,1160.16,1392,190.0,220430.0
2025-10-21,10,三陸産わかめおむすび,1160.16,1392,139.0,161262.0
2025-10-21,10,大きな　チキンとタルタル,1160.16,1392,304.0,352689.0
2025-10-21,10,サンドおむすび炙り焼チキ,1160.16,1392,352.0,408376.0
2025-10-21,10,ベースブレッドさつまいも,1160.16,1392,260.0,301642.0
2025-10-21,10,伊右衛門　京都サイダー,1160.16,1392,158.0,183305.0
2025-10-21,10,紅はるかのスイートポテト,1160.16,1392,264.0,306282.0
2025-10-21,10,スイートポテトロール,1160.16,1392,276.0,320204.0
2025-10-21,10,◎どかっと満足パン（ベー,1160.16,1392,230.0,266837.0
2025-10-21,10,掘って発見スイートポテト,1160.16,1392,341.0,395615.0
2025-10-21,10,メントスＤＵＯブラッドオ,1160.16,1392,163.0,189106.0
2025-10-21,10,カジッテミカン＆レモン,1160.16,1392,228.0,264516.0
2025-10-21,10,大盛！野菜スティック,1160.16,1392,369.0,428099.0
2025-10-21,10,スーパー大麦　梅ひじき,1160.16,1392,175.0,203028.0
2025-10-21,10,野菜生活北海道メロン,1160.16,1392,138.0,160102.0
2025-10-21,10,おーいお茶濃い茶１Ｌ,1160.16,1392,176.0,204188.0
2025-10-21,10,カジッテグレープ＆マスカ,1160.16,1392,228.0,264516.0
2025-10-21,10,生パスタ海老トマトクリム,1160.16,1392,508.0,589361.0
2025-10-21,10,◎スイートポテトタルトデ,1160.16,1392,158.0,183305.0
2025-10-21,10,青磯海苔　まぐろたたき,1160.16,1392,199.0,230872.0
2025-10-21,10,◎スイートポテト蒸しケ４,1160.16,1392,176.0,204188.0
2025-10-21,10,まいたけおこわ,1160.16,1392,185.0,214630.0
2025-10-21,10,◎どかっとパン（テリマヨ,1160.16,1392,135.0,156622.0
2025-10-21,10,鎌倉コロッケサンド,1160.16,1392,297.0,344568.0
2025-10-21,10,◎生フランスパン（おいも,1160.16,1392,156.0,180985.0
2025-10-21,10,◎おいものパウンドケーキ,1160.16,1392,167.0,193747.0
2025-10-21,10,ワイルドターキーＨＢ３５,1160.16,1392,238.0,276118.0
2025-10-21,10,サラダチキンのサラダ,1160.16,1392,239.0,277278.0
2025-10-21,10,ハムチーズとツナサンド,1160.16,1392,323.0,374732.0
2025-10-21,10,◎はちみつすいーとぽてと,1160.16,1392,176.0,204188.0
2025-10-21,10,ロリポップＣちいかわ黒猫,1160.16,1392,300.0,348048.0
2025-10-21,10,◎おいものマドレーヌ,1160.16,1392,167.0,193747.0
2025-10-21,10,シャンゴ監修　ベスビオ,1160.16,1392,582.0,675213.0
2025-10-21,10,ポケカ拡張　ロケット団,1160.16,1392,164.0,190266.0
2025-10-21,10,手巻寿司　３種のねばねば,1160.16,1392,190.0,220430.0
2025-10-21,10,グミチョコボール苺,1160.16,1392,199.0,230872.0
2025-10-21,10,増量３色そぼろ＆チキン南,1160.16,1392,580.0,672893.0
2025-10-21,10,◎紅はるかのおいもチップ,1160.16,1392,198.0,229712.0
2025-10-21,10,お手軽！冷しぶっかけそば,1160.16,1392,276.0,320204.0
2025-10-21,10,極上はちみつ紅茶Ｃ小袋,1160.16,1392,125.0,145020.0
2025-10-21,10,福かまど　べこ餅,1160.16,1392,165.0,191426.0
2025-10-21,10,ねぎたっぷり！豚肉そば,1160.16,1392,554.0,642729.0
2025-10-21,10,ヱビスビール３５０,1160.16,1392,254.0,294681.0
2025-10-21,10,Ｃ玄米プラス　アーモンド,1160.16,1392,180.0,208829.0
2025-10-21,10,お月見タルト　カスタード,1160.16,1392,276.0,320204.0
2025-10-21,10,爽健美茶　６００,1160.16,1392,158.0,183305.0
2025-10-21,10,鳴門金時ラテ,1160.16,1392,267.0,309763.0
2025-10-21,10,ｉｎゼリーＶカロリーゼロ,1160.16,1392,210.0,243634.0
2025-10-21,10,ヘパリーゼＷハイパー,1160.16,1392,380.0,440861.0
2025-10-21,10,増量特製ダレの炙り焼牛カ,1160.16,1392,625.0,725100.0
2025-10-21,10,増量明太海苔弁当,1160.16,1392,555.0,643889.0
2025-10-21,10,ヤクルトＹ１０００,1160.16,1392,150.0,174024.0
2025-10-21,10,クラッシュ蒟蒻畑ぶどう味,1160.16,1392,183.0,212309.0
2025-10-21,10,ブルガリアＹＯブルーベ,1160.16,1392,168.0,194907.0
2025-10-21,10,ビューティチャージハニー,1160.16,1392,548.0,635768.0
2025-10-21,10,ミックスアイスプラス,1160.16,1392,464.0,538314.0
2025-10-21,10,ＡｐｐｌｅＧＣ＿１万,1160.16,1392,10000.0,11601600.0
2025-10-21,10,馬サブロー,1160.16,1392,500.0,580080.0
2025-10-21,10,コロロ二十世紀梨,1160.16,1392,148.0,171704.0
2025-10-21,10,海老とあさりのスパゲティ,1160.16,1392,499.0,578920.0
2025-10-21,10,ライフガード５００,1160.16,1392,150.0,174024.0
2025-10-21,10,ブロックロス　ユニコーン,1160.16,1392,1700.0,1972272.0
2025-10-21,10,Ｈジョージア　カフェラテ,1160.16,1392,148.0,171704.0
2025-10-21,10,サッポロラガービール３５,1160.16,1392,216.0,250595.0
2025-10-21,10,手巻　チャーシューマヨ,1160.16,1392,185.0,214630.0
2025-10-21,10,大きなおむすび　鮭昆布,1160.16,1392,239.0,277278.0
2025-10-21,10,だし醤油まぶし飯海苔佃煮,1160.16,1392,156.0,180985.0
2025-10-21,10,忍者めし鉄の鎧グレープ味,1160.16,1392,160.0,185626.0
2025-10-21,10,ＢＳラーメン丸銀だこ,1160.16,1392,160.0,185626.0
2025-10-21,10,フェットチーネマスカット,1160.16,1392,112.0,129938.0
2025-10-21,10,ラインＳ２５秋の色黒小,1160.16,1392,390.0,452462.0
2025-10-21,10,ミルクブッセ,1160.16,1392,93.0,107895.0
2025-10-21,10,コーヒーブッセ,1160.16,1392,93.0,107895.0
2025-10-21,10,Ｈ伊右衛門焙じ茶,1160.16,1392,138.0,160102.0
2025-10-21,10,Ｈジョージア　ブラック,1160.16,1392,138.0,160102.0
2025-10-21,10,カフェオレクリームサンド,1160.16,1392,121.0,140379.0
2025-10-21,10,キレートレモンクエン酸,1160.16,1392,175.0,203028.0
2025-10-21,10,チョコパイとろ甘キャラメ,1160.16,1392,138.0,160102.0
2025-10-21,10,午後フルーツティ白ぶどう,1160.16,1392,158.0,183305.0
2025-10-21,10,午後フルーツティオレンジ,1160.16,1392,158.0,183305.0
2025-10-21,10,チョコパイほろ苦ダークカ,1160.16,1392,138.0,160102.0
2025-10-21,10,ガルボほろにがブラックＰ,1160.16,1392,175.0,203028.0
2025-10-21,10,スイートポテト＆ホイップ,1160.16,1392,348.0,403736.0
2025-10-21,10,白玉入りお芋のどら焼き,1160.16,1392,195.0,226231.0
2025-10-21,10,ピザサンド　さつまいも,1160.16,1392,306.0,355009.0
2025-10-21,10,カフェラッテクリーミーラ,1160.16,1392,181.0,209989.0
2025-10-21,10,ふわしゅわショコラスフレ,1160.16,1392,258.0,299321.0
2025-10-21,10,◎クロワッサンワッフル,1160.16,1392,167.0,193747.0
2025-10-21,10,ジャックジンジャーＨＢ３,1160.16,1392,210.0,243634.0
2025-10-21,10,たまご＆海老ブロサンド,1160.16,1392,348.0,403736.0
2025-10-21,10,◎チーズインてりやきバー,1160.16,1392,184.0,213469.0
2025-10-21,10,のむココナッツ杏仁,1160.16,1392,276.0,320204.0
2025-10-21,10,たまごっち　まんまる焼き,1160.16,1392,232.0,269157.0
2025-10-21,10,大粒ラムネ濃い果実ぶどう,1160.16,1392,133.0,154301.0
2025-10-21,10,ブロックロスジークアクス,1160.16,1392,1700.0,1972272.0
2025-10-21,10,サンド寿司サーモンチーズ,1160.16,1392,332.0,385173.0
2025-10-21,10,ダースミルク,1160.16,1392,191.0,221591.0
2025-10-21,10,ショコラキャラメルタルト,1160.16,1392,230.0,266837.0
2025-10-21,10,大きなつくねの醤油パスタ,1160.16,1392,510.0,591682.0
2025-10-21,10,コーンのバター醤油パスタ,1160.16,1392,426.0,494228.0
2025-10-21,10,◎グリルＣヨシダテリヤキ,1160.16,1392,232.0,269157.0
2025-10-21,10,スプバレ豊潤ラガー３５０,1160.16,1392,245.0,284239.0
2025-10-21,10,ハリボーハッピーグレープ,1160.16,1392,198.0,229712.0
2025-10-21,10,野菜を食べよう　タンメン,1160.16,1392,554.0,642729.0
2025-10-21,10,たべっ子グミグレープ＆マ,1160.16,1392,200.0,232032.0
2025-10-21,10,バヤリース果実のど飴,1160.16,1392,220.0,255235.0
2025-10-21,10,豚焼肉弁当（マヨネーズ付,1160.16,1392,499.0,578920.0
2025-10-21,10,ｈａｎａキンモクセイ,1160.16,1392,698.0,809792.0
2025-10-21,10,ちいかわひやキャラ,1160.16,1392,280.0,324845.0
2025-10-21,10,４Ｄグミサンリオキャラ,1160.16,1392,180.0,208829.0
2025-10-21,10,オイコス　ピーチ,1160.16,1392,189.0,219270.0
2025-10-21,10,サンリオグミチュアチャー,1160.16,1392,350.0,406056.0
2025-10-21,10,ブラックサンダー至福のバ,1160.16,1392,60.0,69610.0
2025-10-21,10,その他４口座売上,1160.16,1392,164.0,190266.0
2025-10-21,10,１日分Ｖゼリーピーチ,1160.16,1392,218.0,252915.0
2025-10-21,10,うるおいトラベルセット,1160.16,1392,1680.0,1949069.0
2025-10-21,10,ポップアップス！ハチワレ,1160.16,1392,390.0,452462.0
2025-10-21,10,ポップアップス！うさぎ,1160.16,1392,390.0,452462.0
2025-10-21,10,コロロ巨峰,1160.16,1392,148.0,171704.0
2025-10-21,10,◎ロングデニッシュ（バタ,1160.16,1392,121.0,140379.0
2025-10-21,10,麻辣湯（はるさめ麺）,1160.16,1392,554.0,642729.0
2025-10-21,10,◎ふくちゃん豚骨どんぶり,1160.16,1392,297.0,344568.0
2025-10-21,10,ポケカ拡張インフェルノ,1160.16,1392,164.0,190266.0
2025-10-21,10,５種チーズのドリア,1160.16,1392,499.0,578920.0
2025-10-21,10,新金封　結ちどり,1160.16,1392,500.0,580080.0
2025-10-21,10,チップスターＳバター味,1160.16,1392,158.0,183305.0
2025-10-21,10,レンジかき揚げそば,1160.16,1392,462.0,535994.0
2025-10-21,10,モッチュＳマスカット,1160.16,1392,148.0,171704.0
2025-10-21,10,まるごと和なしのど飴小袋,1160.16,1392,128.0,148500.0
2025-10-21,10,ガルボ紫いもＰＫＰ,1160.16,1392,175.0,203028.0
2025-10-21,10,クランキーＰＪストロベリ,1160.16,1392,175.0,203028.0
2025-10-21,10,漬けぶりおむすび,1160.16,1392,249.0,288880.0
2025-10-21,10,ライオンコーヒーブラック,1160.16,1392,168.0,194907.0
2025-10-21,10,ライオンコーヒカフェオレ,1160.16,1392,178.0,206508.0
2025-10-21,10,◎芋きんつば,1160.16,1392,184.0,213469.0
2025-10-21,10,たっぷりコーンマヨネーズ,1160.16,1392,297.0,344568.0
2025-10-21,10,◎肉たっぷり７種具材豚汁,1160.16,1392,369.0,428099.0
2025-10-21,10,Ｐガーナトリュフキャラメ,1160.16,1392,325.0,377052.0
2025-10-21,10,マミー風味シュークリーム,1160.16,1392,167.0,193747.0
2025-10-21,10,背徳　月見台湾風まぜそば,1160.16,1392,647.0,750624.0
2025-10-21,10,メキシカンチキン雑穀,1160.16,1392,462.0,535994.0
2025-10-21,10,森永れん乳風味クレープ,1160.16,1392,239.0,277278.0
2025-10-21,10,◎ふわもち食感のメープル,1160.16,1392,135.0,156622.0
2025-10-21,10,ライトニング電池充電器,1160.16,1392,2164.0,2510586.0
2025-10-21,10,大きな　月見おむすびマヨ,1160.16,1392,304.0,352689.0
2025-10-21,10,あなご寿司,1160.16,1392,255.0,295841.0
2025-10-21,10,とろ生おいもチーズケーキ,1160.16,1392,230.0,266837.0
2025-10-21,10,きつねおむすび,1160.16,1392,147.0,170544.0
2025-10-21,10,チキンチェダーたまご,1160.16,1392,452.0,524392.0
2025-10-21,10,◎ミニベーコンピザパン４,1160.16,1392,212.0,245954.0
2025-10-21,10,◎ミルクツイスト３本入,1160.16,1392,144.0,167063.0
2025-10-21,10,◎ルイボスティー６００,1160.16,1392,110.0,127618.0
2025-10-21,10,野菜生活青森りんご,1160.16,1392,118.0,136899.0
2025-10-21,10,専おかず全部乗せ！お弁当,1160.16,1392,323.0,374732.0
2025-10-21,10,１９６無糖３種の果実３５,1160.16,1392,161.0,186786.0
2025-10-21,10,◎生コッペパン（モンブラ,1160.16,1392,135.0,156622.0
2025-10-21,10,月見うさぎ,1160.16,1392,90.0,104414.0
2025-10-21,10,◎芋あん豆大福,1160.16,1392,165.0,191426.0
2025-10-21,10,エナジーの塊,1160.16,1392,199.0,230872.0
2025-10-21,10,ちいかわチャームグミ,1160.16,1392,380.0,440861.0
2025-10-21,10,◎ロングスティックパン（,1160.16,1392,158.0,183305.0
2025-10-21,10,いちごドーナツ棒１本,1160.16,1392,74.0,85852.0
2025-10-21,10,マカダミアチョコ沖縄黒糖,1160.16,1392,333.0,386333.0
2025-10-21,10,カフェラッテ,1160.16,1392,181.0,209989.0
2025-10-21,10,グミっちょ夕張メロン,1160.16,1392,238.0,276118.0
2025-10-21,10,◎ボロネーゼ風ラザニア,1160.16,1392,369.0,428099.0
2025-10-21,10,ガパオまぜごはん,1160.16,1392,163.0,189106.0
2025-10-21,10,今治ＴＨ斜ＳＴ　Ｔ紺,1160.16,1392,600.0,696096.0
2025-10-21,10,ＳＤドライクリスタル３５,1160.16,1392,216.0,250595.0
2025-10-21,10,◎ふわふわアソートリン４,1160.16,1392,193.0,223911.0
2025-10-21,10,月見チーズバーガー,1160.16,1392,399.0,462904.0
2025-10-21,10,厚切りロースカツサンド,1160.16,1392,426.0,494228.0
2025-10-21,10,きのこの山ポケットパック,1160.16,1392,161.0,186786.0
2025-10-21,10,暴君ハバネロ１５０粒ハバ,1160.16,1392,176.0,204188.0
2025-10-21,10,Ｈ午後の紅茶ミルクティー,1160.16,1392,159.0,184465.0
2025-10-21,10,たけのこの里ＰＫＰ,1160.16,1392,161.0,186786.0
2025-10-21,11,しらすおむすび,1142.61,1371,165.0,188531.0
2025-10-21,11,Ｍアーモンドチョコレート,1142.61,1371,305.0,348496.0
2025-10-21,11,龍角散ののどすっきりタブ,1142.61,1371,200.0,228522.0
2025-10-21,11,忍者めし鋼グレープ味,1142.61,1371,148.0,169106.0
2025-10-21,11,◎もちもちくるみパン,1142.61,1371,128.0,146254.0
2025-10-21,11,ｉｎゼリーエネルギー,1142.61,1371,210.0,239948.0
2025-10-21,11,◎白生クロワッサン（ダブ,1142.61,1371,156.0,178247.0
2025-10-21,11,モンスター　リッパー,1142.61,1371,213.0,243376.0
2025-10-21,11,◎レモン香るティーソーダ,1142.61,1371,130.0,148539.0
2025-10-21,11,カルピス　ひんやりライチ,1142.61,1371,160.0,182818.0
2025-10-21,11,カルピスウォーター５００,1142.61,1371,160.0,182818.0
2025-10-21,11,トロピカーナアップル,1142.61,1371,120.0,137113.0
2025-10-21,11,ミンティアＢカルピス,1142.61,1371,211.0,241091.0
2025-10-21,11,◎ボディＰレモンミント,1142.61,1371,350.0,399913.0
2025-10-21,11,薬用リップスティック,1142.61,1371,299.0,341640.0
2025-10-21,11,さらさらシートクール,1142.61,1371,295.0,337070.0
2025-10-21,11,◎のむＹＧアサイーボウル,1142.61,1371,184.0,210240.0
2025-10-21,11,Ｚｅｒｏシート携帯,1142.61,1371,328.0,374776.0
2025-10-21,11,レッドブルエナジー２５０,1142.61,1371,198.0,226237.0
2025-10-21,11,ペパーミント１００ＭＬ,1142.61,1371,200.0,228522.0
2025-10-21,11,ヘアリングゴム黒,1142.61,1371,200.0,228522.0
2025-10-21,11,１日分鉄分のむヨーグルト,1142.61,1371,145.0,165678.0
2025-10-21,11,ザバスミルクココア風味,1142.61,1371,181.0,206812.0
2025-10-21,11,イーラインマスクベージュ,1142.61,1371,299.0,341640.0
2025-10-21,11,ブルガリアＹＯ　苺,1142.61,1371,158.0,180532.0
2025-10-21,11,◎カフェラテレギュラー,1142.61,1371,181.0,206812.0
2025-10-21,11,金のミルクキャンディ,1142.61,1371,221.0,252517.0
2025-10-21,11,ミンティアＢリフレッシュ,1142.61,1371,211.0,241091.0
2025-10-21,11,邪払のど飴,1142.61,1371,258.0,294793.0
2025-10-21,11,◎生コッペパン（たまご）,1142.61,1371,128.0,146254.0
2025-10-21,11,キレートクエン酸ゼリー,1142.61,1371,210.0,239948.0
2025-10-21,11,◎もっち歩き（チョコ）,1142.61,1371,125.0,142826.0
2025-10-21,11,ミンティアワイルド＆クー,1142.61,1371,105.0,119974.0
2025-10-21,11,アーモンドＣ香ばしＰＪ,1142.61,1371,175.0,199957.0
2025-10-21,11,ミンティアＢクリスタル,1142.61,1371,211.0,241091.0
2025-10-21,11,ブラックＴひとくちサイズ,1142.61,1371,120.0,137113.0
2025-10-21,11,ジャムグミいちご,1142.61,1371,182.0,207955.0
2025-10-21,11,ぷにキャラグミちいかわ,1142.61,1371,218.0,249089.0
2025-10-21,11,ソルベットグミ白桃味,1142.61,1371,140.0,159965.0
2025-10-21,11,つぶグミカタイソーダ,1142.61,1371,168.0,191958.0
2025-10-21,11,たべっ子グミパイナップル,1142.61,1371,200.0,228522.0
2025-10-21,11,おとうふくんグミ,1142.61,1371,161.0,183960.0
2025-10-21,11,あの日夢見た雲グミ,1142.61,1371,171.0,195386.0
2025-10-21,11,ピュレグミなつももソーダ,1142.61,1371,150.0,171391.0
2025-10-21,11,ポケぷに,1142.61,1371,218.0,249089.0
2025-10-21,11,龍角散のど飴ｍａｘＳＴ,1142.61,1371,160.0,182818.0
2025-10-21,11,忍者めし巨峰,1142.61,1371,125.0,142826.0
2025-10-21,11,即攻元気ゼリー,1142.61,1371,204.0,233092.0
2025-10-21,11,龍角散のど飴スティック,1142.61,1371,140.0,159965.0
2025-10-21,11,のど飴,1142.61,1371,124.0,141684.0
2025-10-21,11,忍者めし鋼マスカット味,1142.61,1371,148.0,169106.0
2025-10-21,11,◎ドライマンゴー,1142.61,1371,276.0,315360.0
2025-10-21,11,◎カリカリ梅無着色小袋,1142.61,1371,184.0,210240.0
2025-10-21,11,大粒ラムネ,1142.61,1371,133.0,151967.0
2025-10-21,11,牛乳パン,1142.61,1371,230.0,262800.0
2025-10-21,11,１本満足プロテイン　ＷＴ,1142.61,1371,171.0,195386.0
2025-10-21,11,シルキータッチ大きめ,1142.61,1371,398.0,454759.0
2025-10-21,11,スマートカラーグレー,1142.61,1371,566.0,646717.0
2025-10-21,11,◎しっとりやわらか食パ６,1142.61,1371,158.0,180532.0
2025-10-21,11,◎ファミマ・ザ・クリーム,1142.61,1371,128.0,146254.0
2025-10-21,11,たまごサンド,1142.61,1371,265.0,302792.0
2025-10-21,11,具だくさん！チキン南蛮,1142.61,1371,221.0,252517.0
2025-10-21,11,具だくさん！チャーシュー,1142.61,1371,215.0,245661.0
2025-10-21,11,キャメＭマスカットＰＬ,1142.61,1371,455.0,519888.0
2025-10-21,11,◎ソフトなチーズクリーム,1142.61,1371,135.0,154252.0
2025-10-21,11,キャメＭベリープルーム,1142.61,1371,455.0,519888.0
2025-10-21,11,◎バタークロワッサンメロ,1142.61,1371,147.0,167964.0
2025-10-21,11,キャメＭコールドプルーム,1142.61,1371,455.0,519888.0
2025-10-21,11,◎チョコチップスナック６,1142.61,1371,135.0,154252.0
2025-10-21,11,◎ファミマ・ザ・メロンパ,1142.61,1371,128.0,146254.0
2025-10-21,11,ラーククラシックＭ,1142.61,1371,491.0,561022.0
2025-10-21,11,ラッキーＥＸカット１４,1142.61,1371,428.0,489037.0
2025-10-21,11,ラッキーＢチルベリー８,1142.61,1371,428.0,489037.0
2025-10-21,11,◎生コッペパン（コロッケ,1142.61,1371,167.0,190816.0
2025-10-21,11,ラッキーストライク,1142.61,1371,564.0,644432.0
2025-10-21,11,◎生コッペパン（焼きそば,1142.61,1371,167.0,190816.0
2025-10-21,11,ラッキーシガリロＳライト,1142.61,1371,428.0,489037.0
2025-10-21,11,◎白生コッペパン（トリプ,1142.61,1371,147.0,167964.0
2025-10-21,11,◎ひと口もち食感チーズ（,1142.61,1371,149.0,170249.0
2025-10-21,11,マルボロ・メン８Ｂ,1142.61,1371,546.0,623865.0
2025-10-21,11,◎もっちパン（ミート＆チ,1142.61,1371,121.0,138256.0
2025-10-21,11,◎お肉たっぷりメンチカツ,1142.61,1371,184.0,210240.0
2025-10-21,11,◎天然水新潟県津南６００,1142.61,1371,110.0,125687.0
2025-10-21,11,◎ミニクリームパン５個入,1142.61,1371,149.0,170249.0
2025-10-21,11,◎ジャスミン茶６００,1142.61,1371,110.0,125687.0
2025-10-21,11,クリームたい焼きカスター,1142.61,1371,165.0,188531.0
2025-10-21,11,アスティーグ肌　Ｍ,1142.61,1371,600.0,685566.0
2025-10-21,11,◎のむヨーグルトプレーン,1142.61,1371,149.0,170249.0
2025-10-21,11,ルーロー飯おむすび,1142.61,1371,194.0,221666.0
2025-10-21,11,グリーンダカラ,1142.61,1371,141.0,161108.0
2025-10-21,11,ウィルキンソン　タンサン,1142.61,1371,112.0,127972.0
2025-10-21,11,チョコラＢＢハイパー,1142.61,1371,380.0,434192.0
2025-10-21,11,◎発酵バター香るチョコク,1142.61,1371,147.0,167964.0
2025-10-21,11,◎ダブルチョコデニッシュ,1142.61,1371,128.0,146254.0
2025-10-21,11,ウコンの力ドリンク,1142.61,1371,191.0,218239.0
2025-10-21,11,リポビタンＤ,1142.61,1371,164.0,187388.0
2025-10-21,11,◎ゴロゴロチョコのクッキ,1142.61,1371,138.0,157680.0
2025-10-21,11,ジョージア　カフェモカ,1142.61,1371,168.0,191958.0
2025-10-21,11,ジョージア　カフェラテ,1142.61,1371,159.0,181675.0
2025-10-21,11,◎しっとりケーキ（チョコ,1142.61,1371,135.0,154252.0
2025-10-21,11,ジョージア　ブラック,1142.61,1371,149.0,170249.0
2025-10-21,11,◎白生フランスパン（つぶ,1142.61,1371,156.0,178247.0
2025-10-21,11,◎天然水長野県安曇野２Ｌ,1142.61,1371,112.0,127972.0
2025-10-21,11,午後の紅茶　レモンティー,1142.61,1371,160.0,182818.0
2025-10-21,11,◎緑茶６００,1142.61,1371,110.0,125687.0
2025-10-21,11,◎ぶどうぱん（シュガーマ,1142.61,1371,128.0,146254.0
2025-10-21,11,◎麦茶６００,1142.61,1371,110.0,125687.0
2025-10-21,11,健康ミネラルむぎ茶,1142.61,1371,158.0,180532.0
2025-10-21,11,◎生スコーン６個入,1142.61,1371,172.0,196529.0
2025-10-21,11,◎アップル香るジャスミン,1142.61,1371,110.0,125687.0
2025-10-21,11,塩バター揚げ焼きくりーむ,1142.61,1371,276.0,315360.0
2025-10-21,11,マルボロ・メン１２Ｂ,1142.61,1371,546.0,623865.0
2025-10-21,11,専ＵＦＯ大盛焼そばパンガ,1142.61,1371,276.0,315360.0
2025-10-21,11,じゃがりこチーズ,1142.61,1371,185.0,211383.0
2025-10-21,11,◎冷やし胡瓜一本漬,1142.61,1371,172.0,196529.0
2025-10-21,11,◎タンスティックレモン,1142.61,1371,184.0,210240.0
2025-10-21,11,メビウスＥＸＬ,1142.61,1371,528.0,603298.0
2025-10-21,11,メビウスＬ,1142.61,1371,528.0,603298.0
2025-10-21,11,メビウスＳＬ１００Ｂ,1142.61,1371,528.0,603298.0
2025-10-21,11,焙煎ごまドレッシング,1142.61,1371,33.0,37706.0
2025-10-21,11,◎半熟ゆでたまご１個,1142.61,1371,98.0,111976.0
2025-10-21,11,ポケカ拡張　ホワイト,1142.61,1371,264.0,301649.0
2025-10-21,11,テリアスムースレギュラー,1142.61,1371,528.0,603298.0
2025-10-21,11,高菜の寿司,1142.61,1371,176.0,201099.0
2025-10-21,11,レジ袋弁当大バイオマス,1142.61,1371,5.0,5713.0
2025-10-21,11,ホープ１０,1142.61,1371,273.0,311933.0
2025-10-21,11,手巻　紀州南高梅,1142.61,1371,158.0,180532.0
2025-10-21,11,手巻　真昆布,1142.61,1371,158.0,180532.0
2025-10-21,11,大きな　僕の梅おかか,1142.61,1371,297.0,339355.0
2025-10-21,11,味付海苔　おかか味噌,1142.61,1371,161.0,183960.0
2025-10-21,11,増量　手巻　紅しゃけ,1142.61,1371,195.0,222809.0
2025-10-21,11,増量　手巻　辛子明太子,1142.61,1371,195.0,222809.0
2025-10-21,11,大きな　昆布とツナマヨ,1142.61,1371,269.0,307362.0
2025-10-21,11,手巻　たらこマヨネーズ,1142.61,1371,188.0,214811.0
2025-10-21,11,豚バラしょうゆ,1142.61,1371,276.0,315360.0
2025-10-21,11,サンドおむすび　牛カルビ,1142.61,1371,328.0,374776.0
2025-10-21,11,手巻　紅しゃけ,1142.61,1371,195.0,222809.0
2025-10-21,11,レジ袋１２号バイオマス,1142.61,1371,3.0,3428.0
2025-10-21,11,ピース・ライト・ＢＯＸ,1142.61,1371,546.0,623865.0
2025-10-21,11,ピアニシモ・アリア・メン,1142.61,1371,519.0,593015.0
2025-10-21,11,◎海鮮スティック明太マヨ,1142.61,1371,167.0,190816.0
2025-10-21,11,センティアＩブラック,1142.61,1371,482.0,550738.0
2025-10-21,11,冷し明太とろろうどん,1142.61,1371,508.0,580446.0
2025-10-21,11,冷したぬきうどん,1142.61,1371,399.0,455901.0
2025-10-21,11,ゆず冷し鶏塩おろしうどん,1142.61,1371,526.0,601013.0
2025-10-21,11,テリアイエローメンソール,1142.61,1371,528.0,603298.0
2025-10-21,11,テリアサンパール,1142.61,1371,528.0,603298.0
2025-10-21,11,テリアシャインパール,1142.61,1371,528.0,603298.0
2025-10-21,11,マルボロ・ボックス,1142.61,1371,546.0,623865.0
2025-10-21,11,シーチキン＆コーンサラダ,1142.61,1371,249.0,284510.0
2025-10-21,11,ケントエス１・１００Ｂ,1142.61,1371,455.0,519888.0
2025-10-21,11,ローストチキンパスタサラ,1142.61,1371,369.0,421623.0
2025-10-21,11,エボルタＮＥＯ単４－４Ｐ,1142.61,1371,659.0,752980.0
2025-10-21,11,ライトニング１．２ｍ,1142.61,1371,1800.0,2056698.0
2025-10-21,11,ＣＲバーナーライター,1142.61,1371,190.0,217096.0
2025-10-21,11,耐風ビニール傘７０,1142.61,1371,862.0,984930.0
2025-10-21,11,ダブルシュー,1142.61,1371,172.0,196529.0
2025-10-21,11,デイリースポーツ東日本,1142.61,1371,146.0,166821.0
2025-10-21,11,冷やして食べるバウム,1142.61,1371,167.0,190816.0
2025-10-21,11,マカロンチョコパッション,1142.61,1371,267.0,305077.0
2025-10-21,11,日刊ゲンダイ,1142.61,1371,164.0,187388.0
2025-10-21,11,日本経済新聞,1142.61,1371,182.0,207955.0
2025-10-21,11,ＡｍａｚｏｎＶＡＲ,1142.61,1371,10000.0,11426100.0
2025-10-21,11,２種のキンパ,1142.61,1371,510.0,582731.0
2025-10-21,11,セブンスター,1142.61,1371,546.0,623865.0
2025-10-21,11,セブンスター・ＢＯＸ,1142.61,1371,546.0,623865.0
2025-10-21,11,手巻　辛子明太子,1142.61,1371,195.0,222809.0
2025-10-21,11,カロリーＭハーフ　バニラ,1142.61,1371,110.0,125687.0
2025-10-21,11,手巻シーチキンマヨネーズ,1142.61,1371,165.0,188531.0
2025-10-21,11,直巻　和風ツナマヨネーズ,1142.61,1371,149.0,170249.0
2025-10-21,11,テリアブラックＭ１０Ｐ,1142.61,1371,5273.0,6024983.0
2025-10-21,11,アサヒ生ビール３５０,1142.61,1371,216.0,246804.0
2025-10-21,11,スーパードライ３５０,1142.61,1371,216.0,246804.0
2025-10-21,11,さばと青じそおむすび,1142.61,1371,139.0,158823.0
2025-10-21,11,テリアＯパール,1142.61,1371,528.0,603298.0
2025-10-21,11,ポケカ拡張　ブラック,1142.61,1371,264.0,301649.0
2025-10-21,11,ポケカ拡張　バトルＰ,1142.61,1371,164.0,187388.0
2025-10-21,11,サラサクリップ　黒,1142.61,1371,99.0,113118.0
2025-10-21,11,ＬＩＢＥＲＡミルク,1142.61,1371,277.0,316503.0
2025-10-21,11,◎しみチョココーン,1142.61,1371,147.0,167964.0
2025-10-21,11,◎チョコシュー,1142.61,1371,128.0,146254.0
2025-10-21,11,もち麦　鮭ひじきしそ風味,1142.61,1371,163.0,186245.0
2025-10-21,11,◎こだわりのフロランタン,1142.61,1371,184.0,210240.0
2025-10-21,11,◎もちもちレモンドーナツ,1142.61,1371,149.0,170249.0
2025-10-21,11,◎濃厚ミルクドーナツ,1142.61,1371,100.0,114261.0
2025-10-21,11,◎焼たまごカレートースト,1142.61,1371,167.0,190816.0
2025-10-21,11,スイートサンダーいちご,1142.61,1371,60.0,68557.0
2025-10-21,11,ブラックサンダー,1142.61,1371,41.0,46847.0
2025-10-21,11,◎大きいウインナー,1142.61,1371,153.0,174819.0
2025-10-21,11,◎大きいあらびきチョリソ,1142.61,1371,153.0,174819.0
2025-10-21,11,パウダー２５０％ハッピー,1142.61,1371,120.0,137113.0
2025-10-21,11,◎ベーコンチーズオニオン,1142.61,1371,149.0,170249.0
2025-10-21,11,Ｆグレイシアラムネわらび,1142.61,1371,156.0,178247.0
2025-10-21,11,じゃがりこサラダ,1142.61,1371,185.0,211383.0
2025-10-21,11,ミンティアコールドスマッ,1142.61,1371,105.0,119974.0
2025-10-21,11,直巻　とり五目,1142.61,1371,165.0,188531.0
2025-10-21,11,ラッキーＳメンソール,1142.61,1371,391.0,446761.0
2025-10-21,11,ラッキーＳダークＭ,1142.61,1371,391.0,446761.0
2025-10-21,11,直巻　明太子マヨネーズ,1142.61,1371,165.0,188531.0
2025-10-21,11,直巻　焼しゃけ,1142.61,1371,158.0,180532.0
2025-10-21,11,レジ袋,1142.61,1371,3.0,3428.0
2025-10-21,11,１９６ＳＴゼロＷレモン３,1142.61,1371,161.0,183960.0
2025-10-21,11,角ハイボール３５０,1142.61,1371,219.0,250232.0
2025-10-21,11,氷結レモン３５０,1142.61,1371,168.0,191958.0
2025-10-21,11,生ハム寿司,1142.61,1371,212.0,242233.0
2025-10-21,11,テリアブラックパープルＭ,1142.61,1371,528.0,603298.0
2025-10-21,11,テリアブラックメンソール,1142.61,1371,528.0,603298.0
2025-10-21,11,手巻寿司　納豆,1142.61,1371,184.0,210240.0
2025-10-21,11,テリアミント,1142.61,1371,528.0,603298.0
2025-10-21,11,手巻寿司　シーチキンマヨ,1142.61,1371,167.0,190816.0
2025-10-21,11,テリアメンソール,1142.61,1371,528.0,603298.0
2025-10-21,11,テリアリッチレギュラー,1142.61,1371,528.0,603298.0
2025-10-21,11,テリアリビエラパール,1142.61,1371,528.0,603298.0
2025-10-21,11,テリアレギュラー,1142.61,1371,528.0,603298.0
2025-10-21,11,鮭はらみおむすび,1142.61,1371,258.0,294793.0
2025-10-21,11,助六寿司,1142.61,1371,482.0,550738.0
2025-10-21,11,テリアＢルビーＭ,1142.61,1371,528.0,603298.0
2025-10-21,11,ネオアークティックＭ,1142.61,1371,455.0,519888.0
2025-10-21,11,高菜たくあんおむすび,1142.61,1371,135.0,154252.0
2025-10-21,11,ラッキーＳダークタバコ,1142.61,1371,391.0,446761.0
2025-10-21,11,◎ハムチーズマヨネーズ２,1142.61,1371,135.0,154252.0
2025-10-21,11,ＭＶコールドＭプルーム,1142.61,1371,455.0,519888.0
2025-10-21,11,まるで桃みたいなケーキ,1142.61,1371,276.0,315360.0
2025-10-21,11,クリームワッフルクッキー,1142.61,1371,260.0,297079.0
2025-10-21,11,調製豆乳,1142.61,1371,105.0,119974.0
2025-10-21,11,テリアパープルメンソール,1142.61,1371,528.0,603298.0
2025-10-21,11,テリアバランスドＲ,1142.61,1371,528.0,603298.0
2025-10-21,11,野菜一日これ一本,1142.61,1371,113.0,129115.0
2025-10-21,11,◎デニッシュブレッド３枚,1142.61,1371,156.0,178247.0
2025-10-21,11,センティアＳバイオレット,1142.61,1371,482.0,550738.0
2025-10-21,11,◎バタークロワッサンメ３,1142.61,1371,156.0,178247.0
2025-10-21,11,センティアＩパープル,1142.61,1371,482.0,550738.0
2025-10-21,11,◎ファミマの牛乳５００,1142.61,1371,175.0,199957.0
2025-10-21,11,サブレサンドバニライチゴ,1142.61,1371,332.0,379347.0
2025-10-21,11,冷しニンニクまぜそば,1142.61,1371,647.0,739269.0
2025-10-21,11,ＳＰＡＭ　タコスミート,1142.61,1371,315.0,359922.0
2025-10-21,11,ＳＰＡＭ　ツナマヨネーズ,1142.61,1371,266.0,303934.0
2025-10-21,11,不明,1142.61,1371,164.0,187388.0
2025-10-21,11,レジ袋４５号バイオマス,1142.61,1371,7.0,7998.0
2025-10-21,11,鮭ほぐし飯（和風だしごは,1142.61,1371,338.0,386202.0
2025-10-21,11,天タレおむすび,1142.61,1371,138.0,157680.0
2025-10-21,11,植物生のスパイシーカレー,1142.61,1371,146.0,166821.0
2025-10-21,11,赤飯おむすび,1142.61,1371,165.0,188531.0
2025-10-21,11,レジ袋２０号バイオマス,1142.61,1371,5.0,5713.0
2025-10-21,11,鶏のうまみ！鶏そぼろ弁当,1142.61,1371,320.0,365635.0
2025-10-21,11,冷しビャンビャン麺,1142.61,1371,510.0,582731.0
2025-10-21,11,ラッキーＳＲタバコ１０Ｐ,1142.61,1371,3910.0,4467605.0
2025-10-21,11,野沢菜いなり寿司,1142.61,1371,179.0,204527.0
2025-10-21,11,国産チキン彩り野菜うどん,1142.61,1371,554.0,633006.0
2025-10-21,11,手巻寿司　ねぎとろ（青ま,1142.61,1371,230.0,262800.0
2025-10-21,11,かぶり寿司　唐揚げ巻,1142.61,1371,283.0,323359.0
2025-10-21,11,塩こんぶおむすび,1142.61,1371,139.0,158823.0
2025-10-21,11,サンド寿司　まぐろたくあ,1142.61,1371,334.0,381632.0
2025-10-21,11,冷たい生パスタ海老トマト,1142.61,1371,499.0,570162.0
2025-10-21,11,ジューシーハムサンド,1142.61,1371,297.0,339355.0
2025-10-21,11,ラッキーＳリッチタバコ,1142.61,1371,391.0,446761.0
2025-10-21,11,テリヤキチキンとたまごＳ,1142.61,1371,323.0,369063.0
2025-10-21,11,ラッキーＳベリーＭ,1142.61,1371,391.0,446761.0
2025-10-21,11,ラッキーＳトロピカルＳ,1142.61,1371,391.0,446761.0
2025-10-21,11,３種チーズとハムのサンド,1142.61,1371,323.0,369063.0
2025-10-21,11,ベコンレタストマトサンド,1142.61,1371,369.0,421623.0
2025-10-21,11,ネオＢベリーハイパー用,1142.61,1371,455.0,519888.0
2025-10-21,11,チキン南蛮サンド,1142.61,1371,369.0,421623.0
2025-10-21,11,ミックスサンド,1142.61,1371,276.0,315360.0
2025-10-21,11,鶏焼肉のバインミー,1142.61,1371,369.0,421623.0
2025-10-21,11,シーチキン＆たまごサラダ,1142.61,1371,239.0,273084.0
2025-10-21,11,棒棒鶏風サラダ,1142.61,1371,406.0,463900.0
2025-10-21,11,和風ドレッシング,1142.61,1371,33.0,37706.0
2025-10-21,11,シャキシャキレタスサンド,1142.61,1371,297.0,339355.0
2025-10-21,11,サメジマブルーソーダ味,1142.61,1371,178.0,203385.0
2025-10-21,11,蒸鶏とねぎのトマトパスタ,1142.61,1371,462.0,527886.0
2025-10-21,11,大きなおむすび唐揚げマヨ,1142.61,1371,290.0,331357.0
2025-10-21,11,本まぐろわさび醤油おむす,1142.61,1371,280.0,319931.0
2025-10-21,11,◎ベーコンペッパーマヨ,1142.61,1371,121.0,138256.0
2025-10-21,11,メビウス,1142.61,1371,528.0,603298.0
2025-10-21,11,シャインマスカットのど飴,1142.61,1371,105.0,119974.0
2025-10-21,11,ぷっちょＳＴメガコーラ,1142.61,1371,118.0,134828.0
2025-10-21,11,ハイチュウグレープ,1142.61,1371,127.0,145111.0
2025-10-21,11,ハイライトメンソール,1142.61,1371,473.0,540455.0
2025-10-21,11,ハイチュウＰシャインマス,1142.61,1371,152.0,173677.0
2025-10-21,11,センティアＦグリーン,1142.61,1371,482.0,550738.0
2025-10-21,11,ハイライト,1142.61,1371,473.0,540455.0
2025-10-21,11,ハイチュウＰ巨峰,1142.61,1371,152.0,173677.0
2025-10-21,11,キャメルクラフトＭ５,1142.61,1371,410.0,468470.0
2025-10-21,11,アメスピＯＭ１,1142.61,1371,382.0,436477.0
2025-10-21,11,アメスピＯＭライト,1142.61,1371,382.0,436477.0
2025-10-21,11,コロロシャインマスカット,1142.61,1371,148.0,169106.0
2025-10-21,11,コーラアップ,1142.61,1371,242.0,276512.0
2025-10-21,11,アメスピライト,1142.61,1371,382.0,436477.0
2025-10-21,11,ハイチュウＰヨーグルト,1142.61,1371,152.0,173677.0
2025-10-21,11,ＭＶスムースＲプルーム,1142.61,1371,455.0,519888.0
2025-10-21,11,◎しみ旨フレンチトースト,1142.61,1371,144.0,164536.0
2025-10-21,11,ＭＶシトラスＯＰプルーム,1142.61,1371,455.0,519888.0
2025-10-21,11,◎もちっとつぶあんドーナ,1142.61,1371,125.0,142826.0
2025-10-21,11,◎ミニフレンチトースト４,1142.61,1371,172.0,196529.0
2025-10-21,11,センティアＤブロンズ,1142.61,1371,482.0,550738.0
2025-10-21,11,センティアＣジェイド,1142.61,1371,482.0,550738.0
2025-10-21,11,センティアクリアシルバー,1142.61,1371,482.0,550738.0
2025-10-21,11,専ＵＦＯプチ焼そばパン４,1142.61,1371,212.0,242233.0
2025-10-21,11,ケントＴＲメンソール,1142.61,1371,437.0,499321.0
2025-10-21,11,◎北海道メロンパン,1142.61,1371,125.0,142826.0
2025-10-21,11,ケントＴメンソール,1142.61,1371,437.0,499321.0
2025-10-21,11,◎生コッペパン（あんバタ,1142.61,1371,135.0,154252.0
2025-10-21,11,◎白生コッペパン（カスタ,1142.61,1371,128.0,146254.0
2025-10-21,11,マルボロ・ブラックＭ８,1142.61,1371,546.0,623865.0
2025-10-21,11,ＭＶＰＧレギュラーウィズ,1142.61,1371,546.0,623865.0
2025-10-21,11,ＭＶＰＧメンソールウィズ,1142.61,1371,546.0,623865.0
2025-10-21,11,ＭＶＧレッドＭウィズ,1142.61,1371,546.0,623865.0
2025-10-21,11,◎ふんわりホットケーキ２,1142.61,1371,128.0,146254.0
2025-10-21,11,◎完熟バナナパンケーキ,1142.61,1371,138.0,157680.0
2025-10-21,11,ＭＶベリーＯＰプルーム,1142.61,1371,455.0,519888.0
2025-10-21,11,◎いちごのクロワッサン（,1142.61,1371,147.0,167964.0
2025-10-21,11,ＭＶブラックＣＭプルーム,1142.61,1371,455.0,519888.0
2025-10-21,11,タフグミグレーピーパンチ,1142.61,1371,238.0,271941.0
2025-10-21,11,はちみつカリンのど飴,1142.61,1371,124.0,141684.0
2025-10-21,11,メビウスワン,1142.61,1371,528.0,603298.0
2025-10-21,11,メビウスＥ１　１００Ｓ,1142.61,1371,455.0,519888.0
2025-10-21,11,◎スーパーＣＨ無糖レモ３,1142.61,1371,119.0,135971.0
2025-10-21,11,おむすびおかずＳ（昆・ツ,1142.61,1371,434.0,495893.0
2025-10-21,11,特撰　白角水割　２５０,1142.61,1371,175.0,199957.0
2025-10-21,11,茉莉花ジャスミン茶割ＪＪ,1142.61,1371,181.0,206812.0
2025-10-21,11,檸檬堂夏のラムネとレモン,1142.61,1371,160.0,182818.0
2025-10-21,11,手巻寿司　サーモン（青ま,1142.61,1371,230.0,262800.0
2025-10-21,11,本搾りライム３５０,1142.61,1371,168.0,191958.0
2025-10-21,11,未来のレサワオリジナル３,1142.61,1371,271.0,309647.0
2025-10-21,11,ルイボスティーハイ３４０,1142.61,1371,181.0,206812.0
2025-10-21,11,手巻寿司　青しそ納豆,1142.61,1371,190.0,217096.0
2025-10-21,11,◎スーパーＣＨグレフル３,1142.61,1371,119.0,135971.0
2025-10-21,11,大関　佳撰ワンカップ,1142.61,1371,219.0,250232.0
2025-10-21,11,金麦３５０,1142.61,1371,180.0,205670.0
2025-10-21,11,いなり寿司３ヶ入,1142.61,1371,276.0,315360.0
2025-10-21,11,ザプレミアムモルツ３５０,1142.61,1371,254.0,290223.0
2025-10-21,11,黒ラベル３５０,1142.61,1371,216.0,246804.0
2025-10-21,11,炙り焼辛子明太子おむすび,1142.61,1371,251.0,286795.0
2025-10-21,11,◎パン・オ・ショコラ４個,1142.61,1371,184.0,210240.0
2025-10-21,11,６種具材の冷し中華,1142.61,1371,536.0,612439.0
2025-10-21,11,センティアＦパープル,1142.61,1371,482.0,550738.0
2025-10-21,11,キシリトール粒フレッシュ,1142.61,1371,178.0,203385.0
2025-10-21,11,大粒ラムネＲすっぱレモン,1142.61,1371,133.0,151967.0
2025-10-21,11,マルボロアイスＢ・Ｍ８,1142.61,1371,546.0,623865.0
2025-10-21,11,マルボロアイスＢ・Ｍ５,1142.61,1371,546.0,623865.0
2025-10-21,11,ベロＭＰＭインテンス,1142.61,1371,291.0,332500.0
2025-10-21,11,◎黒胡椒香るチーズフラン,1142.61,1371,184.0,210240.0
2025-10-21,11,ケント・１・１００ＢＯＸ,1142.61,1371,473.0,540455.0
2025-10-21,11,◎ファミマ・ザ・カレーパ,1142.61,1371,139.0,158823.0
2025-10-21,11,ケントエス・スパーク１,1142.61,1371,455.0,519888.0
2025-10-21,11,◎手巻きソーセージドーナ,1142.61,1371,158.0,180532.0
2025-10-21,11,マルボロゴールドＢ,1142.61,1371,546.0,623865.0
2025-10-21,11,キシリトール粒グレープ,1142.61,1371,178.0,203385.0
2025-10-21,11,キシリトール粒ライムミン,1142.61,1371,178.0,203385.0
2025-10-21,11,Ｗ・Ｃ・ホワイト・５,1142.61,1371,491.0,561022.0
2025-10-21,11,メビＰＭＯＰＰ１１００,1142.61,1371,528.0,603298.0
2025-10-21,11,メビウスＳＬ,1142.61,1371,528.0,603298.0
2025-10-21,11,フリスクＦＦマスカット,1142.61,1371,278.0,317646.0
2025-10-21,11,ヨーグレットミニ,1142.61,1371,150.0,171391.0
2025-10-21,11,メビウスＥＭＯＰＰ５Ｓ,1142.61,1371,455.0,519888.0
2025-10-21,11,メロンソーダアップ,1142.61,1371,242.0,276512.0
2025-10-21,11,ラムネアップ,1142.61,1371,242.0,276512.0
2025-10-21,11,サンスポ（サンケ,1142.61,1371,164.0,187388.0
2025-10-21,11,コンパクトＳ２４．５ｃｍ,1142.61,1371,230.0,262800.0
2025-10-21,11,忍者めしラムネ,1142.61,1371,125.0,142826.0
2025-10-21,11,週刊少年ジャンプ,1142.61,1371,282.0,322216.0
2025-10-21,11,男梅グミ,1142.61,1371,143.0,163393.0
2025-10-21,11,週　刊　文　春,1142.61,1371,464.0,530171.0
2025-10-21,11,◎ドライみかん,1142.61,1371,276.0,315360.0
2025-10-21,11,ヤングマガジン,1142.61,1371,464.0,530171.0
2025-10-21,11,◎ドライりんご,1142.61,1371,276.0,315360.0
2025-10-21,11,◎５種のナッツ＆フルーツ,1142.61,1371,198.0,226237.0
2025-10-21,11,◎おしゃぶり昆布,1142.61,1371,172.0,196529.0
2025-10-21,11,ＢＩＣ電子ライター,1142.61,1371,170.0,194244.0
2025-10-21,11,◎やみつき種ぬき干し梅,1142.61,1371,175.0,199957.0
2025-10-21,11,コンパクトＳ２１．５ｃｍ,1142.61,1371,230.0,262800.0
2025-10-21,11,◎除菌ハンディＷティシュ,1142.61,1371,164.0,187388.0
2025-10-21,11,コカ・コーラ　３００,1142.61,1371,110.0,125687.0
2025-10-21,11,◎みるくバターまんじゅう,1142.61,1371,144.0,164536.0
2025-10-21,11,◎パイまんじゅうつぶあん,1142.61,1371,153.0,174819.0
2025-10-21,11,ピュレグミＰ白桃,1142.61,1371,180.0,205670.0
2025-10-21,11,ピュレグミＰマスカット,1142.61,1371,180.0,205670.0
2025-10-21,11,ピュレグミグレープ味,1142.61,1371,150.0,171391.0
2025-10-21,11,◎紅はるかの熟成干し芋,1142.61,1371,260.0,297079.0
2025-10-21,11,龍角散ののどすっきり飴袋,1142.61,1371,280.0,319931.0
2025-10-21,11,まい塩あめ小袋,1142.61,1371,138.0,157680.0
2025-10-21,11,今治ＴＨドット,1142.61,1371,600.0,685566.0
2025-10-21,11,ハンカチＳＴ,1142.61,1371,600.0,685566.0
2025-10-21,11,婦人ショートＳ白,1142.61,1371,390.0,445618.0
2025-10-21,11,ひざ下２足ヌードベージュ,1142.61,1371,500.0,571305.0
2025-10-21,11,邪払のど飴小袋,1142.61,1371,119.0,135971.0
2025-10-21,11,◎ばんそうこうＭサイズ,1142.61,1371,362.0,413625.0
2025-10-21,11,プリッツ旨サラダ,1142.61,1371,131.0,149682.0
2025-10-21,11,◎チョコマシュマロ,1142.61,1371,139.0,158823.0
2025-10-21,11,◎ミニバタークッキー,1142.61,1371,128.0,146254.0
2025-10-21,11,シルキータッチふつう,1142.61,1371,398.0,454759.0
2025-10-21,11,◎練乳はちみつドーナツ,1142.61,1371,147.0,167964.0
2025-10-21,11,◎こだわりのマドレーヌ,1142.61,1371,147.0,167964.0
2025-10-21,11,ソフトタンポンコンパクト,1142.61,1371,282.0,322216.0
2025-10-21,11,◎こだわりのワッフル,1142.61,1371,144.0,164536.0
2025-10-21,11,今治ＴＨＳＴ／青橙,1142.61,1371,600.0,685566.0
2025-10-21,11,ジェットスリーム０．５,1142.61,1371,150.0,171391.0
2025-10-21,11,リングメモＡ７Ｂ罫,1142.61,1371,208.0,237663.0
2025-10-21,11,ハリボーハッピーコーラ,1142.61,1371,198.0,226237.0
2025-10-21,11,東スポ（東京スポーツ）,1142.61,1371,164.0,187388.0
2025-10-21,11,ドデカミンＢＩＧ,1142.61,1371,149.0,170249.0
2025-10-21,11,今治ＴＨネイビーＭＩＸ,1142.61,1371,600.0,685566.0
2025-10-21,11,◎ミニ羊羹　煉,1142.61,1371,91.0,103978.0
2025-10-21,11,ペプシコーラ　６００,1142.61,1371,130.0,148539.0
2025-10-21,11,無香料ケープ　ＳＨ　小,1142.61,1371,300.0,342783.0
2025-10-21,11,◎贅沢バウムクーヘン,1142.61,1371,202.0,230807.0
2025-10-21,11,◎とろけるチョコミントＣ,1142.61,1371,139.0,158823.0
2025-10-21,11,◎４種のフルーツケーキ,1142.61,1371,156.0,178247.0
2025-10-21,11,バナナバウムクーヘン,1142.61,1371,139.0,158823.0
2025-10-21,11,さらさらシートせっけん,1142.61,1371,295.0,337070.0
2025-10-21,11,ベースブレッドシナモン,1142.61,1371,260.0,297079.0
2025-10-21,11,ビオレふくだけＣうるおい,1142.61,1371,341.0,389630.0
2025-10-21,11,ベースブレッドチョコ,1142.61,1371,260.0,297079.0
2025-10-21,11,ベースブレッドメープル,1142.61,1371,260.0,297079.0
2025-10-21,11,天然水きりっとヨグ,1142.61,1371,159.0,181675.0
2025-10-21,11,Ｆリーフィアロールケーキ,1142.61,1371,165.0,188531.0
2025-10-21,11,梅のり巻,1142.61,1371,142.0,162251.0
2025-10-21,11,耐風ビニール傘６５,1142.61,1371,705.0,805540.0
2025-10-21,11,ＣＷワンタッチ開閉折傘,1142.61,1371,2014.0,2301217.0
2025-10-21,11,レインコートＬ,1142.61,1371,687.0,784973.0
2025-10-21,11,アクオグリーンミント,1142.61,1371,170.0,194244.0
2025-10-21,11,アクオクリアブルーミント,1142.61,1371,170.0,194244.0
2025-10-21,11,◎春雨スープ担々麺味,1142.61,1371,167.0,190816.0
2025-10-21,11,◎とん汁,1142.61,1371,167.0,190816.0
2025-10-21,11,Ｆレモンクリームのロール,1142.61,1371,153.0,174819.0
2025-10-21,11,クリアクリーントラベル,1142.61,1371,323.0,369063.0
2025-10-21,11,◎濃厚チョコパウンド,1142.61,1371,213.0,243376.0
2025-10-21,11,モンスターエナジーボトル,1142.61,1371,297.0,339355.0
2025-10-21,11,おっとっとうすしお味,1142.61,1371,131.0,149682.0
2025-10-21,11,チップスターＳうすしお味,1142.61,1371,144.0,164536.0
2025-10-21,11,アクエリアス５００,1142.61,1371,160.0,182818.0
2025-10-21,11,チップスターＳコンソメ味,1142.61,1371,144.0,164536.0
2025-10-21,11,サントリー天然水　２Ｌ,1142.61,1371,131.0,149682.0
2025-10-21,11,天然水１Ｌ,1142.61,1371,168.0,191958.0
2025-10-21,11,◎キャラメルコーン,1142.61,1371,119.0,135971.0
2025-10-21,11,◎ＢＳラーメン丸チキン味,1142.61,1371,119.0,135971.0
2025-10-21,11,◎天然水新潟県津南３７０,1142.61,1371,100.0,114261.0
2025-10-21,11,ＳＯＹＪＯＹ　黒ゴマ,1142.61,1371,125.0,142826.0
2025-10-21,11,◎きんつば,1142.61,1371,158.0,180532.0
2025-10-21,11,ウェルチ　１房分のぶどう,1142.61,1371,160.0,182818.0
2025-10-21,11,天然水きりっと果実,1142.61,1371,159.0,181675.0
2025-10-21,11,玉ねぎせん,1142.61,1371,158.0,180532.0
2025-10-21,11,贅沢保湿ポケットＴ,1142.61,1371,169.0,193101.0
2025-10-21,11,◎チョコミントタルト,1142.61,1371,176.0,201099.0
2025-10-21,11,◎チョコミントロール,1142.61,1371,167.0,190816.0
2025-10-21,11,◎水に流せるポケットＴ,1142.61,1371,133.0,151967.0
2025-10-21,11,◎紀州南高梅茎わかめ,1142.61,1371,158.0,180532.0
2025-10-21,11,◎種ぬきはちみつ干し梅,1142.61,1371,158.0,180532.0
2025-10-21,11,今治ＴＨ２５夏の色白,1142.61,1371,600.0,685566.0
2025-10-21,11,１本満足シリアルチョコ,1142.61,1371,152.0,173677.0
2025-10-21,11,１本満足シリアルブラック,1142.61,1371,152.0,173677.0
2025-10-21,11,爽健美茶３００,1142.61,1371,110.0,125687.0
2025-10-21,11,おーいお茶緑茶　３５０,1142.61,1371,110.0,125687.0
2025-10-21,11,１本満足シリアルホワイト,1142.61,1371,152.0,173677.0
2025-10-21,11,伊右衛門特茶,1142.61,1371,170.0,194244.0
2025-10-21,11,ヘルシア緑茶　３５０ｍｌ,1142.61,1371,180.0,205670.0
2025-10-21,11,Ｃ玄米ブラン　ブルーベリ,1142.61,1371,155.0,177105.0
2025-10-21,11,クラフトボスイタリアーノ,1142.61,1371,159.0,181675.0
2025-10-21,11,Ｃ玄米ブランメープル,1142.61,1371,155.0,177105.0
2025-10-21,11,モーニングマアムバニラ,1142.61,1371,130.0,148539.0
2025-10-21,11,◎玄米茶　６００,1142.61,1371,110.0,125687.0
2025-10-21,11,◎台湾烏龍茶　６００,1142.61,1371,110.0,125687.0
2025-10-21,11,ｉｎゼリーマルチビタミン,1142.61,1371,210.0,239948.0
2025-10-21,11,Ｃ１０００ビタミンレモン,1142.61,1371,130.0,148539.0
2025-10-21,11,◎ピーチマンゴールイボス,1142.61,1371,110.0,125687.0
2025-10-21,11,オロナミンＣ,1142.61,1371,135.0,154252.0
2025-10-21,11,ヘパリーゼＷ,1142.61,1371,276.0,315360.0
2025-10-21,11,い・ろ・は・す５４０,1142.61,1371,118.0,134828.0
2025-10-21,11,カロリＭハーフチーズ味,1142.61,1371,110.0,125687.0
2025-10-21,11,クラフトボス　ミルクラテ,1142.61,1371,166.0,189673.0
2025-10-21,11,伊右衛門　６００,1142.61,1371,158.0,180532.0
2025-10-21,11,午後の紅茶　ミルクティー,1142.61,1371,160.0,182818.0
2025-10-21,11,◎オレンジ香アールグレイ,1142.61,1371,110.0,125687.0
2025-10-21,11,きのこベーコン醤油パスタ,1142.61,1371,434.0,495893.0
2025-10-21,11,小岩井　Ｔｈｅカフェオレ,1142.61,1371,159.0,181675.0
2025-10-21,11,おーいお茶濃く香るほうじ,1142.61,1371,158.0,180532.0
2025-10-21,11,クラフトボスブラック,1142.61,1371,149.0,170249.0
2025-10-21,11,ウィルキンソン　レモン,1142.61,1371,112.0,127972.0
2025-10-21,11,クラフトボス　ラテ,1142.61,1371,159.0,181675.0
2025-10-21,11,除菌アルコールタオル,1142.61,1371,238.0,271941.0
2025-10-21,11,１００％　オレンジ,1142.61,1371,168.0,191958.0
2025-10-21,11,カルピス　ザ　リッチ,1142.61,1371,160.0,182818.0
2025-10-21,11,フェイシャルペーパー,1142.61,1371,250.0,285652.0
2025-10-21,11,ｉｎバーザクザクビター,1142.61,1371,170.0,194244.0
2025-10-21,11,ｉｎバー　ベイクドチョコ,1142.61,1371,170.0,194244.0
2025-10-21,11,カシミヤＥＸポケット,1142.61,1371,162.0,185103.0
2025-10-21,11,カロリＭハーフチョコ,1142.61,1371,110.0,125687.0
2025-10-21,11,アイルＣＲ電子ライター,1142.61,1371,159.0,181675.0
2025-10-21,11,カロリーＭハーフフルーツ,1142.61,1371,110.0,125687.0
2025-10-21,11,◎有機栽培の恵み天津甘栗,1142.61,1371,165.0,188531.0
2025-10-21,11,アクエリアス　９５０,1142.61,1371,166.0,189673.0
2025-10-21,11,はだおもい２３ｃｍ,1142.61,1371,253.0,289080.0
2025-10-21,11,コンパクトＳ３０．５ｃｍ,1142.61,1371,230.0,262800.0
2025-10-21,11,イーラインマスクピンク,1142.61,1371,299.0,341640.0
2025-10-21,11,プリングルズサワクリＳ,1142.61,1371,158.0,180532.0
2025-10-21,11,スタイルフィットグレー,1142.61,1371,410.0,468470.0
2025-10-21,11,スタイルフィットＯＬ,1142.61,1371,410.0,468470.0
2025-10-21,11,じゃがビーバターしょうゆ,1142.61,1371,164.0,187388.0
2025-10-21,11,ストロングサワーＣオニオ,1142.61,1371,155.0,177105.0
2025-10-21,11,超快適マスクふつう,1142.61,1371,350.0,399913.0
2025-10-21,11,超快適マスクやや大きめ,1142.61,1371,350.0,399913.0
2025-10-21,11,超快適マスク小さめ,1142.61,1371,350.0,399913.0
2025-10-21,11,７ＤＡＹＳマスク大きめ,1142.61,1371,298.0,340498.0
2025-10-21,11,◎香ばしいバタピー,1142.61,1371,167.0,190816.0
2025-10-21,11,フリクションノックＢＫ,1142.61,1371,230.0,262800.0
2025-10-21,11,◎薫製したうずらたまご,1142.61,1371,249.0,284510.0
2025-10-21,11,富士通ＰＲＥ　単４－４Ｐ,1142.61,1371,528.0,603298.0
2025-10-21,11,◎素焼きミックスナッツ,1142.61,1371,360.0,411340.0
2025-10-21,11,◎ＰＣ濃いめのり塩,1142.61,1371,139.0,158823.0
2025-10-21,11,◎ハンディウェットティシ,1142.61,1371,117.0,133685.0
2025-10-21,11,グリーンダカラ麦茶６８０,1142.61,1371,148.0,169106.0
2025-10-21,11,◎ジュワっとした塩バター,1142.61,1371,130.0,148539.0
2025-10-21,11,ベースブレッドミルク,1142.61,1371,260.0,297079.0
2025-10-21,11,メビウス・ワン・ＢＯＸ,1142.61,1371,528.0,603298.0
2025-10-21,11,カントリーＭミニバニラ,1142.61,1371,121.0,138256.0
2025-10-21,11,ミニたべっ子塩バター味,1142.61,1371,160.0,182818.0
2025-10-21,11,ｅ－ｍａのどグレープ小袋,1142.61,1371,118.0,134828.0
2025-10-21,11,金のミルク小袋,1142.61,1371,138.0,157680.0
2025-10-21,11,塩分チャージタブ小袋塩レ,1142.61,1371,140.0,159965.0
2025-10-21,11,ネオＣＬタバコハイパー用,1142.61,1371,455.0,519888.0
2025-10-21,11,キャメルクラフト６,1142.61,1371,410.0,468470.0
2025-10-21,11,ＭＶＧパープルＭウィズ,1142.61,1371,546.0,623865.0
2025-10-21,11,ＭＶアップルＯＰプルーム,1142.61,1371,455.0,519888.0
2025-10-21,11,ＭＶシャープＣＭプルーム,1142.61,1371,455.0,519888.0
2025-10-21,11,◎チョコチップクッキー,1142.61,1371,128.0,146254.0
2025-10-21,11,ＭＶディープＲプルーム,1142.61,1371,455.0,519888.0
2025-10-21,11,◎ちいさなオールレーズン,1142.61,1371,128.0,146254.0
2025-10-21,11,◎ガトーショコラ風チョコ,1142.61,1371,165.0,188531.0
2025-10-21,11,ＭＶペア―ＯＰプルーム,1142.61,1371,455.0,519888.0
2025-10-21,11,ベースブレッドこしあん,1142.61,1371,276.0,315360.0
2025-10-21,11,ベースブレッドオレンジ,1142.61,1371,276.0,315360.0
2025-10-21,11,◎スティックサラミ,1142.61,1371,110.0,125687.0
2025-10-21,11,◎おつまみイカフライ,1142.61,1371,110.0,125687.0
2025-10-21,11,週刊　モーニング,1142.61,1371,428.0,489037.0
2025-10-21,11,ジャパンニューズ,1142.61,1371,137.0,156538.0
2025-10-21,11,スポーツ報知東日本,1142.61,1371,164.0,187388.0
2025-10-21,11,東京新聞,1142.61,1371,128.0,146254.0
2025-10-21,11,毎日新聞,1142.61,1371,146.0,166821.0
2025-10-21,11,茨城新聞,1142.61,1371,137.0,156538.0
2025-10-21,11,堅ぶつ揚げとうもろこし味,1142.61,1371,128.0,146254.0
2025-10-21,11,ガルボつぶ練り苺ＰＫＰ,1142.61,1371,175.0,199957.0
2025-10-21,11,テリアフュージョンＭ,1142.61,1371,528.0,603298.0
2025-10-21,11,テリアブラックイエローＭ,1142.61,1371,528.0,603298.0
2025-10-21,11,チョコあーんぱん袋,1142.61,1371,121.0,138256.0
2025-10-21,11,産経新聞,1142.61,1371,128.0,146254.0
2025-10-21,11,タフグミ梅マニア,1142.61,1371,238.0,271941.0
2025-10-21,11,テリアトロピカルＭ,1142.61,1371,528.0,603298.0
2025-10-21,11,ＡｐｐｌｅＧＣ＿ＶＡＲ,1142.61,1371,3250.0,3713482.0
2025-10-21,11,ラッキーＥＸカット６,1142.61,1371,428.0,489037.0
2025-10-21,11,キャメルリッチプルーム,1142.61,1371,455.0,519888.0
2025-10-21,11,ソイチキン根菜ラップ,1142.61,1371,369.0,421623.0
2025-10-21,11,ガルボポケットパック,1142.61,1371,175.0,199957.0
2025-10-21,11,クランキーＰＪクランチＣ,1142.61,1371,175.0,199957.0
2025-10-21,11,センティアＴイエロー,1142.61,1371,482.0,550738.0
2025-10-21,11,◎カリカリ梅赤小袋,1142.61,1371,184.0,210240.0
2025-10-21,11,一番搾りホワイト３５０,1142.61,1371,216.0,246804.0
2025-10-21,11,未来のレサワプレーン３４,1142.61,1371,271.0,309647.0
2025-10-21,11,ガーナザクほろ塩ミルＰＪ,1142.61,1371,177.0,202242.0
2025-10-21,11,ひとくちルマンド,1142.61,1371,162.0,185103.0
2025-10-21,11,センティアＳゴールド,1142.61,1371,482.0,550738.0
2025-10-21,11,スニッカーズピーナッツ,1142.61,1371,150.0,171391.0
2025-10-21,11,◎こだわりのフィナンシェ,1142.61,1371,135.0,154252.0
2025-10-21,11,ツナたまごサンド,1142.61,1371,246.0,281082.0
2025-10-21,11,ちびサワーズドリンクアソ,1142.61,1371,211.0,241091.0
2025-10-21,11,メントスグレープ,1142.61,1371,120.0,137113.0
2025-10-21,11,スッパイスッパイマン大作,1142.61,1371,139.0,158823.0
2025-10-21,11,ミンティアＢ濃苺,1142.61,1371,211.0,241091.0
2025-10-21,11,シゲキックス梅ソルト味,1142.61,1371,120.0,137113.0
2025-10-21,11,植物生まれマスカットグミ,1142.61,1371,148.0,169106.0
2025-10-21,11,ザ・クレープ　生チョコ,1142.61,1371,230.0,262800.0
2025-10-21,11,さけるチーズプレーン,1142.61,1371,141.0,161108.0
2025-10-21,11,ナカミグミもも味,1142.61,1371,168.0,191958.0
2025-10-21,11,◎生コッペパン（ツナ＆ポ,1142.61,1371,149.0,170249.0
2025-10-21,11,◎いちごモッチ,1142.61,1371,139.0,158823.0
2025-10-21,11,◎アップルクリームデニッ,1142.61,1371,135.0,154252.0
2025-10-21,11,◎たっぷりクリームデニッ,1142.61,1371,116.0,132543.0
2025-10-21,11,クロレッツＸＰ　オリジナ,1142.61,1371,180.0,205670.0
2025-10-21,11,ミンティアドライハード,1142.61,1371,105.0,119974.0
2025-10-21,11,ミンティアＢシャイニーピ,1142.61,1371,211.0,241091.0
2025-10-21,11,果汁グミぶどう,1142.61,1371,152.0,173677.0
2025-10-21,11,ピュレグミレモン味,1142.61,1371,150.0,171391.0
2025-10-21,11,◎サラダチキンＳハーブ,1142.61,1371,172.0,196529.0
2025-10-21,11,◎グリルチキンＢＰ,1142.61,1371,221.0,252517.0
2025-10-21,11,野菜生活シークヮーサー,1142.61,1371,118.0,134828.0
2025-10-21,11,トマトジュース食塩無添加,1142.61,1371,113.0,129115.0
2025-10-21,11,エッセンシャルズ鉄分,1142.61,1371,152.0,173677.0
2025-10-21,11,エッセンシャルズビタミン,1142.61,1371,152.0,173677.0
2025-10-21,11,ネクターピーチティー,1142.61,1371,193.0,220524.0
2025-10-21,11,◎カフェラテ　砂糖不使用,1142.61,1371,181.0,206812.0
2025-10-21,11,のむフルーチェイチゴ,1142.61,1371,249.0,284510.0
2025-10-21,11,◎のむヨーグルトいちご,1142.61,1371,162.0,185103.0
2025-10-21,11,ＯＡＴＳＩＤＥプレーン,1142.61,1371,128.0,146254.0
2025-10-21,11,激シゲキックスソーダ,1142.61,1371,120.0,137113.0
2025-10-21,11,◎サラダチキンＳスモーク,1142.61,1371,172.0,196529.0
2025-10-21,11,ブレンドＳ,1142.61,1371,135.0,154252.0
2025-10-21,11,◎グリルチキンやきとり,1142.61,1371,221.0,252517.0
2025-10-21,11,アイスコーヒーＳ,1142.61,1371,135.0,154252.0
2025-10-21,11,◎おつまみかまぼこチーズ,1142.61,1371,173.0,197672.0
2025-10-21,11,◎豆腐と枝豆のひじき和え,1142.61,1371,239.0,273084.0
2025-10-21,11,◎特製ダレの味付けたまご,1142.61,1371,304.0,347353.0
2025-10-21,11,豚しゃぶのパスタサラダ,1142.61,1371,369.0,421623.0
2025-10-21,11,豚しゃぶおろしパスタサラ,1142.61,1371,369.0,421623.0
2025-10-21,11,彩りサラダチキンサンド,1142.61,1371,399.0,455901.0
2025-10-21,11,ゆでたまご＆ハムミックス,1142.61,1371,323.0,369063.0
2025-10-21,11,焦がし醤油風グリルチキン,1142.61,1371,369.0,421623.0
2025-10-21,11,ラッキーＥＸカット１０,1142.61,1371,428.0,489037.0
2025-10-21,11,◎チョコツイスト３本入,1142.61,1371,144.0,164536.0
2025-10-21,11,生ハムとルッコラ,1142.61,1371,462.0,527886.0
2025-10-21,11,◎生コッペパン（ダブルピ,1142.61,1371,135.0,154252.0
2025-10-21,11,おいしい牛乳２００ＭＬ,1142.61,1371,133.0,151967.0
2025-10-21,11,◎白生クリームパン（ダブ,1142.61,1371,147.0,167964.0
2025-10-21,11,◎炙りいかそうめん,1142.61,1371,193.0,220524.0
2025-10-21,11,Ｗ・Ｃホワイト１・１００,1142.61,1371,491.0,561022.0
2025-10-21,11,チップスターＳ梅しそ味,1142.61,1371,158.0,180532.0
2025-10-21,11,◎フランクロール,1142.61,1371,184.0,210240.0
2025-10-21,11,メビＰメンＯＰＰ８,1142.61,1371,528.0,603298.0
2025-10-21,11,今治ＴＨ千鳥,1142.61,1371,600.0,685566.0
2025-10-21,11,つかめる実験！ふしぎ玉,1142.61,1371,180.0,205670.0
2025-10-21,11,三次元マスクふつう,1142.61,1371,350.0,399913.0
2025-10-21,11,メビウスＥＸＬＢ,1142.61,1371,528.0,603298.0
2025-10-21,11,グミチョコ苺,1142.61,1371,233.0,266228.0
2025-10-21,11,マカダミアＰＪカラメリゼ,1142.61,1371,175.0,199957.0
2025-10-21,11,たべっ子ラムネレモン味,1142.61,1371,150.0,171391.0
2025-10-21,11,ポテトＣおたくのマヨ味,1142.61,1371,190.0,217096.0
2025-10-21,11,ケントＮＳインテンスリＦ,1142.61,1371,500.0,571305.0
2025-10-21,11,メビウスＥＭＯＰＰ１Ｓ,1142.61,1371,455.0,519888.0
2025-10-21,11,３色そぼろ＆チキン南蛮弁,1142.61,1371,580.0,662714.0
2025-10-21,11,海苔巻おかき,1142.61,1371,228.0,260515.0
2025-10-21,11,レジ袋４５号,1142.61,1371,7.0,7998.0
2025-10-21,11,◎マシマシ紅しょうがせん,1142.61,1371,119.0,135971.0
2025-10-21,11,◎おこめチップスのりしお,1142.61,1371,249.0,284510.0
2025-10-21,11,メビウス１・１００ＢＯＸ,1142.61,1371,528.0,603298.0
2025-10-21,11,◎ミニクッキー,1142.61,1371,128.0,146254.0
2025-10-21,11,グリーンガム,1142.61,1371,138.0,157680.0
2025-10-21,11,◎黒ごまミニアスパラガス,1142.61,1371,119.0,135971.0
2025-10-21,11,健康のど飴梅小袋,1142.61,1371,128.0,146254.0
2025-10-21,11,メビＰメンＯＰＰ５,1142.61,1371,528.0,603298.0
2025-10-21,11,富士通ＰＲＥ　単３－４Ｐ,1142.61,1371,528.0,603298.0
2025-10-21,11,オリオンドラフト３５０,1142.61,1371,216.0,246804.0
2025-10-21,11,週刊少年マガジン,1142.61,1371,364.0,415910.0
2025-10-21,11,ｉｎバープロテインバニラ,1142.61,1371,170.0,194244.0
2025-10-21,11,◎ひとくちこしあん大福５,1142.61,1371,156.0,178247.0
2025-10-21,11,ミルク餅,1142.61,1371,130.0,148539.0
2025-10-21,11,◎有明産の海苔,1142.61,1371,121.0,138256.0
2025-10-21,11,まるごとりんごのど飴小袋,1142.61,1371,128.0,146254.0
2025-10-21,11,キットカットバー,1142.61,1371,140.0,159965.0
2025-10-21,11,グミだよ。レモネード味,1142.61,1371,166.0,189673.0
2025-10-21,11,カンデミーナＷ電撃ライチ,1142.61,1371,200.0,228522.0
2025-10-21,11,◎スパイシービーフジャー,1142.61,1371,156.0,178247.0
2025-10-21,11,ＢＳラーメンおつまみ,1142.61,1371,131.0,149682.0
2025-10-21,11,ケントトゥルータバコ,1142.61,1371,437.0,499321.0
2025-10-21,11,フェットチーネＰピーチパ,1142.61,1371,148.0,169106.0
2025-10-21,11,◎超暴君ハバネロ,1142.61,1371,128.0,146254.0
2025-10-21,11,◎ノアールミニ,1142.61,1371,119.0,135971.0
2025-10-21,11,スティックのりＰＩＴ,1142.61,1371,232.0,265086.0
2025-10-21,11,ケントＴリッチタバコ,1142.61,1371,437.0,499321.0
2025-10-21,11,クロレッツＸＰシャープミ,1142.61,1371,180.0,205670.0
2025-10-21,11,クールループド,1142.61,1371,455.0,519888.0
2025-10-21,11,ラーク・マイルド・ＢＯＸ,1142.61,1371,491.0,561022.0
2025-10-21,11,週　刊　プ　ロ　レ　ス,1142.61,1371,573.0,654716.0
2025-10-21,11,◎しっとりバウムクーヘン,1142.61,1371,167.0,190816.0
2025-10-21,11,◎つぶあんどら焼き,1142.61,1371,144.0,164536.0
2025-10-21,11,今治ＴＨドット／黒青,1142.61,1371,600.0,685566.0
2025-10-21,11,アメスピＯＬゴールド,1142.61,1371,382.0,436477.0
2025-10-21,11,ビッグ　コミック,1142.61,1371,437.0,499321.0
2025-10-21,11,グランドジャンプ,1142.61,1371,437.0,499321.0
2025-10-21,11,◎ばかうけたっぷり青のり,1142.61,1371,110.0,125687.0
2025-10-21,11,ニベアディープモイスチャ,1142.61,1371,533.0,609011.0
2025-10-21,11,ホロチャージホロライブＧ,1142.61,1371,260.0,297079.0
2025-10-21,11,トロピカーナオレンジ,1142.61,1371,150.0,171391.0
2025-10-21,11,１本満足プロテインチョコ,1142.61,1371,171.0,195386.0
2025-10-21,11,プロテインバー　チョコ,1142.61,1371,180.0,205670.0
2025-10-21,11,堅あげポテトうすしお味,1142.61,1371,179.0,204527.0
2025-10-21,11,氷結グレープフルーツ３５,1142.61,1371,168.0,191958.0
2025-10-21,11,読売新聞,1142.61,1371,164.0,187388.0
2025-10-21,11,週刊ベースボール,1142.61,1371,564.0,644432.0
2025-10-21,11,明治Ｒ－１ドリンク,1142.61,1371,149.0,170249.0
2025-10-21,11,◎瀬戸内レモンピール,1142.61,1371,167.0,190816.0
2025-10-21,11,雑貨（雑誌便）,1142.61,1371,2490.0,2845099.0
2025-10-21,11,マルボロ・メン４Ｂ,1142.61,1371,546.0,623865.0
2025-10-21,11,Ｗ・Ｃレッド８・ＢＯＸ,1142.61,1371,491.0,561022.0
2025-10-21,11,ネオＢワイルドベリー,1142.61,1371,455.0,519888.0
2025-10-21,11,ポリッピーしお味,1142.61,1371,120.0,137113.0
2025-10-21,11,特撰月餅,1142.61,1371,140.0,159965.0
2025-10-21,11,ＭＶＰＧフローズンウィズ,1142.61,1371,546.0,623865.0
2025-10-21,11,ふわもち生大福　コーヒー,1142.61,1371,138.0,157680.0
2025-10-21,11,ラー油四川風麻婆焼そば,1142.61,1371,499.0,570162.0
2025-10-21,11,サラサクリップ　赤,1142.61,1371,99.0,113118.0
2025-10-21,11,エボコールドＭ　ＰＬＭ,1142.61,1371,500.0,571305.0
2025-10-21,11,べスティＥＸ首振り,1142.61,1371,100.0,114261.0
2025-10-21,11,野菜スティック味噌マヨ,1142.61,1371,276.0,315360.0
2025-10-21,11,冷たい明太カルボナーラ,1142.61,1371,499.0,570162.0
2025-10-21,11,フレッシュ野菜サラダ,1142.61,1371,199.0,227379.0
2025-10-21,11,ミニチーズおかきお好み焼,1142.61,1371,147.0,167964.0
2025-10-21,11,メビウスＥＯＰＰ８,1142.61,1371,455.0,519888.0
2025-10-21,11,週刊少年サンデー,1142.61,1371,346.0,395343.0
2025-10-21,11,セロテープ小巻直線カッタ,1142.61,1371,220.0,251374.0
2025-10-21,11,メビウスＢ,1142.61,1371,528.0,603298.0
2025-10-21,11,洗顔シート　石けんの香り,1142.61,1371,246.0,281082.0
2025-10-21,11,ラーク・ＢＯＸ,1142.61,1371,491.0,561022.0
2025-10-21,11,日刊ゲンダイ　通常版,1142.61,1371,164.0,187388.0
2025-10-21,11,ＡｐｐｌｅＧＣ　ＶＡＲ,1142.61,1371,5000.0,5713050.0
2025-10-21,11,ＭＶマスカットＯＰＰＬＭ,1142.61,1371,455.0,519888.0
2025-10-21,11,タフグミｍｉｎｉデュオ,1142.61,1371,238.0,271941.0
2025-10-21,11,フェイシャルＰアイス,1142.61,1371,250.0,285652.0
2025-10-21,11,パリジャンサンドハムチズ,1142.61,1371,323.0,369063.0
2025-10-21,11,レインボーキューブグミ,1142.61,1371,198.0,226237.0
2025-10-21,11,冷しとろろそば,1142.61,1371,508.0,580446.0
2025-10-21,11,メビウス１００Ｂ,1142.61,1371,528.0,603298.0
2025-10-21,11,◎グリルチキン梅しそ,1142.61,1371,221.0,252517.0
2025-10-21,11,午後の紅茶　ストレート,1142.61,1371,160.0,182818.0
2025-10-21,11,ネオアイスドＭハイパー,1142.61,1371,455.0,519888.0
2025-10-21,11,じゃがりこＬ明太もんじゃ,1142.61,1371,218.0,249089.0
2025-10-21,11,◎ふんわりカステラ,1142.61,1371,119.0,135971.0
2025-10-21,11,プロテインピーナッツバタ,1142.61,1371,249.0,284510.0
2025-10-21,11,ＭＶアロマＲプルーム,1142.61,1371,473.0,540455.0
2025-10-21,11,さけるチーズとうがらし味,1142.61,1371,141.0,161108.0
2025-10-21,11,◎麻辣花生,1142.61,1371,128.0,146254.0
2025-10-21,11,無限そら豆濃塩ポーク,1142.61,1371,158.0,180532.0
2025-10-21,11,ＡｐｐｌｅＧＣ１．５千,1142.61,1371,1500.0,1713915.0
2025-10-21,11,冷シート　フローラル,1142.61,1371,462.0,527886.0
2025-10-21,11,ポカリスエット５００,1142.61,1371,150.0,171391.0
2025-10-21,11,ポッキーチョコレート,1142.61,1371,207.0,236520.0
2025-10-21,11,メビウスＥ６　１００Ｓ,1142.61,1371,455.0,519888.0
2025-10-21,11,オイコス　ストロベリー,1142.61,1371,189.0,215953.0
2025-10-21,11,センティアＣグリーン,1142.61,1371,482.0,550738.0
2025-10-21,11,デイリースポーツ,1142.61,1371,146.0,166821.0
2025-10-21,11,ハムレタスたまごサンド,1142.61,1371,265.0,302792.0
2025-10-21,11,◎高地栽培バナナ１本,1142.61,1371,130.0,148539.0
2025-10-21,11,ＣＷ晴雨兼用ミニ折傘,1142.61,1371,2014.0,2301217.0
2025-10-21,11,濃い大満足みかん,1142.61,1371,239.0,273084.0
2025-10-21,11,塩分チャージタブレッツ,1142.61,1371,238.0,271941.0
2025-10-21,11,ケントＴベリーブースト,1142.61,1371,437.0,499321.0
2025-10-21,11,朝日新聞,1142.61,1371,164.0,187388.0
2025-10-21,11,１９６無糖Ｗパイン３５,1142.61,1371,161.0,183960.0
2025-10-21,11,ケントＮＳブライトタバコ,1142.61,1371,500.0,571305.0
2025-10-21,11,◎グリルチキンゆず七味,1142.61,1371,221.0,252517.0
2025-10-21,11,エボベリーＣＲ　ＰＬＭ,1142.61,1371,500.0,571305.0
2025-10-21,11,メビウスＳＬＢ,1142.61,1371,528.0,603298.0
2025-10-21,11,エボディープＲ　ＰＬＭ,1142.61,1371,500.0,571305.0
2025-10-21,11,ＳｐｏｒｔｓＧｒａｐｈｉ,1142.61,1371,746.0,852387.0
2025-10-21,11,少年チャンピオン,1142.61,1371,364.0,415910.0
2025-10-21,11,紳士リブＳ黒,1142.61,1371,390.0,445618.0
2025-10-21,11,文庫,1142.61,1371,600.0,685566.0
2025-10-21,11,ヤング　ジャンプ,1142.61,1371,428.0,489037.0
2025-10-21,11,フリスクペパーミント,1142.61,1371,235.0,268513.0
2025-10-21,11,テリアルビーレギュラー,1142.61,1371,528.0,603298.0
2025-10-21,11,週　刊　新　潮,1142.61,1371,464.0,530171.0
2025-10-21,11,◎２種の醤油仕上げ柿ピー,1142.61,1371,167.0,190816.0
2025-10-21,11,三次元マスク大きめ,1142.61,1371,350.0,399913.0
2025-10-21,11,顔体用シート　ゴミポケ,1142.61,1371,280.0,319931.0
2025-10-21,11,炙り焼　鳥めし弁当,1142.61,1371,526.0,601013.0
2025-10-21,11,今治ＴＨ　ハート,1142.61,1371,637.0,727843.0
2025-10-21,11,スポニチ東日本,1142.61,1371,164.0,187388.0
2025-10-21,11,ざるそば,1142.61,1371,417.0,476468.0
2025-10-21,11,◎塩揚げ餅,1142.61,1371,128.0,146254.0
2025-10-21,11,ラッキーＳベリーＢ,1142.61,1371,391.0,446761.0
2025-10-21,11,◎チョコチップスコーン,1142.61,1371,149.0,170249.0
2025-10-21,11,週　刊　実　話,1142.61,1371,519.0,593015.0
2025-10-21,11,チ－ズインカレ－ハンバ－,1142.61,1371,184.0,210240.0
2025-10-21,11,マルボロミディアムＢＯＸ,1142.61,1371,546.0,623865.0
2025-10-21,11,ＧＰｌａｙバリアブル,1142.61,1371,3000.0,3427830.0
2025-10-21,11,ソフトワン使い切り１回分,1142.61,1371,121.0,138256.0
2025-10-21,11,ソルティライチ,1142.61,1371,163.0,186245.0
2025-10-21,11,果汁グミ弾力プラスいちご,1142.61,1371,225.0,257087.0
2025-10-21,11,綴じノートＢ５Ａ罫,1142.61,1371,208.0,237663.0
2025-10-21,11,ニッカン東日本（日刊スポ,1142.61,1371,164.0,187388.0
2025-10-21,11,クリニカハミガキ　ミニ,1142.61,1371,91.0,103978.0
2025-10-21,11,アメリカヘアピン,1142.61,1371,280.0,319931.0
2025-10-21,11,午後の紅茶おいしい無糖,1142.61,1371,158.0,180532.0
2025-10-21,11,折りたたみセットコーム,1142.61,1371,491.0,561022.0
2025-10-21,11,極冷感　フリージア,1142.61,1371,462.0,527886.0
2025-10-21,11,回転焼（抹茶あん）２個入,1142.61,1371,147.0,167964.0
2025-10-21,11,冷しぶっかけ豚肉うどん,1142.61,1371,554.0,633006.0
2025-10-21,11,クリニカトラベルセット,1142.61,1371,330.0,377061.0
2025-10-21,11,かっぱえびせん鳴門の塩,1142.61,1371,158.0,180532.0
2025-10-21,11,プレミアムルック清水白桃,1142.61,1371,270.0,308505.0
2025-10-21,11,ポテトチップス大人の夏味,1142.61,1371,158.0,180532.0
2025-10-21,11,フリスクＣＢフレッシュＭ,1142.61,1371,278.0,317646.0
2025-10-21,11,◎あたりめ　小,1142.61,1371,147.0,167964.0
2025-10-21,11,ハッピーターンスパイス,1142.61,1371,120.0,137113.0
2025-10-21,11,◎チョコマカダミアクッキ,1142.61,1371,184.0,210240.0
2025-10-21,11,アイスコーヒーＭ,1142.61,1371,223.0,254802.0
2025-10-21,11,Ｆ謹製塩豆大福,1142.61,1371,167.0,190816.0
2025-10-21,11,◎トルティーヤＣタコス味,1142.61,1371,128.0,146254.0
2025-10-21,11,ミニ冷し中華,1142.61,1371,369.0,421623.0
2025-10-21,11,競馬ブック,1142.61,1371,500.0,571305.0
2025-10-21,11,週刊　漫画タイムス,1142.61,1371,364.0,415910.0
2025-10-21,11,ＢＳおつまみ激辛チキン,1142.61,1371,136.0,155395.0
2025-10-21,11,東スポ競馬特別版,1142.61,1371,228.0,260515.0
2025-10-21,11,キャメルクラフト１２,1142.61,1371,410.0,468470.0
2025-10-21,11,メビウスＳＴ１　１００,1142.61,1371,528.0,603298.0
2025-10-21,11,アロンアルフア速効多用途,1142.61,1371,501.0,572448.0
2025-10-21,11,◎風味が豊かなチーズ鱈小,1142.61,1371,172.0,196529.0
2025-10-21,11,ライトニング用イヤホン,1142.61,1371,3255.0,3719196.0
2025-10-21,11,ＭＶＭミントＭプルーム,1142.61,1371,455.0,519888.0
2025-10-21,11,◎春雨スープかきたま,1142.61,1371,167.0,190816.0
2025-10-21,11,ピアニシモ・プレシアメン,1142.61,1371,519.0,593015.0
2025-10-21,11,ハイマッキー　太字　黒,1142.61,1371,136.0,155395.0
2025-10-21,11,ミックスアイス,1142.61,1371,464.0,530171.0
2025-10-21,11,コミック,1142.61,1371,520.0,594157.0
2025-10-21,11,海味鮮,1142.61,1371,120.0,137113.0
2025-10-21,11,漫　画　ゴラク,1142.61,1371,500.0,571305.0
2025-10-21,11,ビッグコミックオリジナル,1142.61,1371,437.0,499321.0
2025-10-21,11,もっちりクリームロール,1142.61,1371,313.0,357637.0
2025-10-21,11,塩チョコタルト,1142.61,1371,258.0,294793.0
2025-10-21,11,雑誌（地元発行紙）,1142.61,1371,228.0,260515.0
2025-10-21,11,アクアリッチ　エッセンス,1142.61,1371,880.0,1005497.0
2025-10-21,11,ベロブリージーマンゴーＭ,1142.61,1371,291.0,332500.0
2025-10-21,11,噛むブレスケアレモン,1142.61,1371,385.0,439905.0
2025-10-21,11,月刊　少年マガジン,1142.61,1371,637.0,727843.0
2025-10-21,11,マッキー　極細　黒,1142.61,1371,111.0,126830.0
2025-10-21,11,ネオＢレッドフルーツ,1142.61,1371,455.0,519888.0
2025-10-21,11,技のこだ割り濃厚醤油,1142.61,1371,138.0,157680.0
2025-10-21,11,さけるチーズスモーク味,1142.61,1371,141.0,161108.0
2025-10-21,11,冷シート　無香,1142.61,1371,462.0,527886.0
2025-10-21,11,大盛　明太子スパゲティ,1142.61,1371,554.0,633006.0
2025-10-21,11,ブレンドＭ,1142.61,1371,204.0,233092.0
2025-10-21,11,スポーツ報知,1142.61,1371,164.0,187388.0
2025-10-21,11,日刊スポーツ,1142.61,1371,164.0,187388.0
2025-10-21,11,競馬エイト,1142.61,1371,591.0,675283.0
2025-10-21,11,ゼロチョコレートクリスプ,1142.61,1371,220.0,251374.0
2025-10-21,11,◎ドライもも,1142.61,1371,276.0,315360.0
2025-10-21,11,メビウスＥＸＬ１００Ｂ,1142.61,1371,528.0,603298.0
2025-10-21,11,キャメルクラフト１,1142.61,1371,410.0,468470.0
2025-10-21,11,今治ＴＨＣグラデーション,1142.61,1371,600.0,685566.0
2025-10-21,11,今治ＴＨ　ストライプＢＧ,1142.61,1371,637.0,727843.0
2025-10-21,11,テリアメンソール１０Ｐ,1142.61,1371,5273.0,6024983.0
2025-10-21,11,オイコスドリンク　カフェ,1142.61,1371,248.0,283367.0
2025-10-21,11,明治ヨーグルトＲ－１,1142.61,1371,144.0,164536.0
2025-10-21,11,ネオＢマスカッット,1142.61,1371,455.0,519888.0
2025-10-21,11,夏ポテト紀州の南高梅味,1142.61,1371,179.0,204527.0
2025-10-21,11,ＧＰｌａｙ５０００,1142.61,1371,5000.0,5713050.0
2025-10-21,11,スパッシュラムネレモン,1142.61,1371,147.0,167964.0
2025-10-21,11,ラッキーＳトロピカルＢ,1142.61,1371,391.0,446761.0
2025-10-21,11,スフレ・プリン,1142.61,1371,306.0,349639.0
2025-10-21,11,スポーツニッポン,1142.61,1371,164.0,187388.0
2025-10-21,11,エボルタＮＥＯ単３－４Ｐ,1142.61,1371,659.0,752980.0
2025-10-21,11,アスティーグ肌　Ｌ,1142.61,1371,600.0,685566.0
2025-10-21,11,消しゴム　ＭＯＮＯ,1142.61,1371,110.0,125687.0
2025-10-21,11,キャップ付鉛筆３Ｐ,1142.61,1371,180.0,205670.0
2025-10-21,11,ケント・１・ＫＳ・ＢＯＸ,1142.61,1371,473.0,540455.0
2025-10-21,11,スーパーグリップシャープ,1142.61,1371,100.0,114261.0
2025-10-21,11,ショートＳ灰緑／白小,1142.61,1371,390.0,445618.0
2025-10-21,11,ソルティグレフルグミ,1142.61,1371,184.0,210240.0
2025-10-21,11,うまイチュウ青りんご味,1142.61,1371,127.0,145111.0
2025-10-21,11,ペタグーシャインマスカッ,1142.61,1371,150.0,171391.0
2025-10-21,11,クールマイルド・ＢＯＸ,1142.61,1371,528.0,603298.0
2025-10-21,11,マロッシュラムネ味,1142.61,1371,159.0,181675.0
2025-10-21,11,アポロマイスタイル,1142.61,1371,247.0,282225.0
2025-10-21,11,◎夏のベイクドチーズＣ,1142.61,1371,138.0,157680.0
2025-10-21,11,パイの実レアチーズケーキ,1142.61,1371,238.0,271941.0
2025-10-21,11,ビッグコミックスピリッツ,1142.61,1371,464.0,530171.0
2025-10-21,11,塩キャラメルプリン,1142.61,1371,230.0,262800.0
2025-10-21,11,クロレッツＸＰ　クリアミ,1142.61,1371,180.0,205670.0
2025-10-21,11,ライトニング電池式６本,1142.61,1371,2346.0,2680563.0
2025-10-21,11,多当仏　御霊前,1142.61,1371,87.0,99407.0
2025-10-21,11,テリヤキチキンたまごコぺ,1142.61,1371,323.0,369063.0
2025-10-21,11,ワンピデッキシャンクス,1142.61,1371,500.0,571305.0
2025-10-21,11,◎ばんそうこう３サイズ,1142.61,1371,362.0,413625.0
2025-10-21,11,◎塩キャラメルケーキタ３,1142.61,1371,167.0,190816.0
2025-10-21,11,Ｃボス　地中海スカッシュ,1142.61,1371,166.0,189673.0
2025-10-21,11,マッチ　５００,1142.61,1371,150.0,171391.0
2025-10-21,11,テリアスムースＲ１０Ｐ,1142.61,1371,5273.0,6024983.0
2025-10-21,11,こだわり酒場のレモン３５,1142.61,1371,161.0,183960.0
2025-10-21,11,狩人めしエナジードリンク,1142.61,1371,125.0,142826.0
2025-10-21,11,サントリー生ビール３５０,1142.61,1371,212.0,242233.0
2025-10-21,11,北海道生ビール３５０,1142.61,1371,216.0,246804.0
2025-10-21,11,◎やわらか燻製さきいか,1142.61,1371,184.0,210240.0
2025-10-21,11,◎とうふとわかめ,1142.61,1371,121.0,138256.0
2025-10-21,11,青磯海苔　まぐろたくあん,1142.61,1371,187.0,213668.0
2025-10-21,11,ザバスチョコレート２００,1142.61,1371,205.0,234235.0
2025-10-21,11,大粒ラムネアイスボックス,1142.61,1371,161.0,183960.0
2025-10-21,11,男梅サワー梅涼し３５０,1142.61,1371,187.0,213668.0
2025-10-21,11,もち麦　新生姜とわかめ,1142.61,1371,163.0,186245.0
2025-10-21,11,紳士くるぶし丈Ｓ黒,1142.61,1371,390.0,445618.0
2025-10-21,11,ショートＳ灰緑／白大,1142.61,1371,390.0,445618.0
2025-10-21,11,漬け真鯛おむすび,1142.61,1371,260.0,297079.0
2025-10-21,11,こってり炒飯おむすび,1142.61,1371,166.0,189673.0
2025-10-21,11,手巻寿司　ばくだん納豆,1142.61,1371,207.0,236520.0
2025-10-21,11,茶流彩彩　コーン茶,1142.61,1371,110.0,125687.0
2025-10-21,11,◎どかっとベーコンチーズ,1142.61,1371,139.0,158823.0
2025-10-21,11,ＢＩＧあらびきソーセージ,1142.61,1371,150.0,171391.0
2025-10-21,11,◎クランベリー＆チーズク,1142.61,1371,147.0,167964.0
2025-10-21,11,◎塩バターパン（チョコク,1142.61,1371,156.0,178247.0
2025-10-21,11,３種のミックスサンド,1142.61,1371,298.0,340498.0
2025-10-21,11,ネオＢトロピカルハイパー,1142.61,1371,455.0,519888.0
2025-10-21,11,ブラックＴココナッツ小袋,1142.61,1371,128.0,146254.0
2025-10-21,11,ぷっちょＳＴ瀬戸内レモン,1142.61,1371,118.0,134828.0
2025-10-21,11,みんなのレモネード,1142.61,1371,212.0,242233.0
2025-10-21,11,オレンジもちとろクリーム,1142.61,1371,184.0,210240.0
2025-10-21,11,まるごとバナナ,1142.61,1371,260.0,297079.0
2025-10-21,11,８×４ロールオンせっけん,1142.61,1371,641.0,732413.0
2025-10-21,11,ノンシュガー塩果実キャン,1142.61,1371,211.0,241091.0
2025-10-21,11,◎ふんわりとしたパンケ８,1142.61,1371,172.0,196529.0
2025-10-21,11,つくね＆鶏そぼろごはん,1142.61,1371,313.0,357637.0
2025-10-21,11,ＩＱＯＳｉＯＭブラック,1142.61,1371,3619.0,4135106.0
2025-10-21,11,◎焼きカレーパン３個入,1142.61,1371,184.0,210240.0
2025-10-21,11,プライドポテト神戸ビーフ,1142.61,1371,168.0,191958.0
2025-10-21,11,堅あげ焼きとうもろこし,1142.61,1371,179.0,204527.0
2025-10-21,11,◎Ｆボスブラック　４５０,1142.61,1371,130.0,148539.0
2025-10-21,11,コアラのマーチ練乳ミルク,1142.61,1371,177.0,202242.0
2025-10-21,11,ＰＧスパイシーチキンＳ缶,1142.61,1371,168.0,191958.0
2025-10-21,11,ハニーミルクティー,1142.61,1371,230.0,262800.0
2025-10-21,11,果汁グミすいか,1142.61,1371,152.0,173677.0
2025-10-21,11,カスタムプラスＥＸ首振り,1142.61,1371,398.0,454759.0
2025-10-21,11,ツナとたまごサンド,1142.61,1371,265.0,302792.0
2025-10-21,11,◎塩チョコフィナンシェ,1142.61,1371,167.0,190816.0
2025-10-21,11,大盛豚肉とねぎの塩焼そば,1142.61,1371,554.0,633006.0
2025-10-21,11,純連冷し味噌ラーメン,1142.61,1371,599.0,684423.0
2025-10-21,11,フルーツの沼メロン＆白桃,1142.61,1371,230.0,262800.0
2025-10-21,11,トルティーヤ豚生姜ハムチ,1142.61,1371,369.0,421623.0
2025-10-21,11,ぷっちょイカゲーム第二弾,1142.61,1371,193.0,220524.0
2025-10-21,11,Ｗ・Ｃホワイト３ＢＯＸ,1142.61,1371,491.0,561022.0
2025-10-21,11,毎日新聞（１都６県静０１,1142.61,1371,,
2025-10-21,11,東京スポーツ（１都６県静,1142.61,1371,,
2025-10-21,11,東京新聞（１都６県静０１,1142.61,1371,,
2025-10-21,11,スポーツ報知（関東東北北,1142.61,1371,,
2025-10-21,11,日刊ゲンダイ（１都６県静,1142.61,1371,,
2025-10-21,11,納豆細巻寿司（２巻増量）,1142.61,1371,389.0,444475.0
2025-10-21,11,ＪＴニューヨーク（旧：ヘ,1142.61,1371,,
2025-10-21,11,読売新聞（１都６県静０１,1142.61,1371,,
2025-10-21,11,日本経済新聞（静０５）,1142.61,1371,,
2025-10-21,11,朝日新聞（宮山梨静０５以,1142.61,1371,,
2025-10-21,11,ＴｈｅＪａｐａｎＮｅｗｓ,1142.61,1371,,
2025-10-21,11,産経新聞（宮山梨静０５以,1142.61,1371,,
2025-10-21,11,プロテインキャラメル,1142.61,1371,249.0,284510.0
2025-10-21,11,キャメルクラフトＭＢ５,1142.61,1371,410.0,468470.0
2025-10-21,11,◎どかっとテリマヨチキン,1142.61,1371,135.0,154252.0
2025-10-21,11,スポニチ（山梨静０５以外,1142.61,1371,,
2025-10-21,11,デイリースポーツ（１都６,1142.61,1371,,
2025-10-21,11,サンスポ（山梨静０５以外,1142.61,1371,,
2025-10-21,11,日刊スポ（山梨静０５以外,1142.61,1371,,
2025-10-21,11,婦人リブＳ白,1142.61,1371,390.0,445618.0
2025-10-21,11,◎こだわりのバタークッキ,1142.61,1371,239.0,273084.0
2025-10-21,11,Ｆはちみつ＆マーガリンの,1142.61,1371,147.0,167964.0
2025-10-21,11,男梅シート,1142.61,1371,200.0,228522.0
2025-10-21,11,ＧＰｌａｙ３０００,1142.61,1371,3000.0,3427830.0
2025-10-21,11,Ｓスター１０Ｂ,1142.61,1371,546.0,623865.0
2025-10-21,11,オイコス　パッションフル,1142.61,1371,189.0,215953.0
2025-10-21,11,コーヒー用氷Ｓ,1142.61,1371,,
2025-10-21,11,◎冷スープかぼちゃと人参,1142.61,1371,332.0,379347.0
2025-10-21,11,ＣＷ晴雨兼用スリム折傘,1142.61,1371,2014.0,2301217.0
2025-10-21,11,セブンスター１０Ｐ,1142.61,1371,5455.0,6232938.0
2025-10-21,11,フライドチキン＆ハンバー,1142.61,1371,555.0,634149.0
2025-10-21,11,ケントエス・スパーク５,1142.61,1371,455.0,519888.0
2025-10-21,11,Ｃ玄米ブラン贅沢ミルク,1142.61,1371,180.0,205670.0
2025-10-21,11,Ｃ玄米ブラン　カカオ,1142.61,1371,155.0,177105.0
2025-10-21,11,ブルガリアＹＯマスカット,1142.61,1371,185.0,211383.0
2025-10-21,11,激辛韓国風焼そば,1142.61,1371,510.0,582731.0
2025-10-21,11,◎フルーツＣ塩レモン,1142.61,1371,276.0,315360.0
2025-10-21,11,沖縄黒糖のブラウにゃー,1142.61,1371,220.0,251374.0
2025-10-21,11,カントリーＭ塩バニラアイ,1142.61,1371,145.0,165678.0
2025-10-21,11,シングルモルト白州１８０,1142.61,1371,1950.0,2228090.0
2025-10-21,11,週刊ＴＶガイド（関東版）,1142.61,1371,,
2025-10-21,11,その他３口座売上,1142.61,1371,649.0,741554.0
2025-10-21,11,竹箸　５００膳,1142.61,1371,,
2025-10-21,11,ＴＶＬＩＦＥ　首都圏版,1142.61,1371,,
2025-10-21,11,コーヒー用氷Ｍ,1142.61,1371,,
2025-10-21,11,ａｎａｎ（アンアン）,1142.61,1371,,
2025-10-21,11,コーヒーリッドＭ,1142.61,1371,,
2025-10-21,11,今治ＴＨフジＲ２５,1142.61,1371,637.0,727843.0
2025-10-21,11,ストローレスリッド,1142.61,1371,,
2025-10-21,11,しあわせ素肌ミニ夜用,1142.61,1371,162.0,185103.0
2025-10-21,11,ニンフィアゼリードリンク,1142.61,1371,249.0,284510.0
2025-10-21,11,新・値下シール３０円,1142.61,1371,,
2025-10-21,11,ＣＷ折りたたみ耐風傘,1142.61,1371,2014.0,2301217.0
2025-10-21,11,サンデー毎日,1142.61,1371,600.0,685566.0
2025-10-21,11,カフェカップＳ,1142.61,1371,,
2025-10-21,11,塩分チャージタブ小袋,1142.61,1371,140.0,159965.0
2025-10-21,11,週刊　女性セブン,1142.61,1371,482.0,550738.0
2025-10-21,11,第１０７回全国高校野球選,1142.61,1371,,
2025-10-21,11,お泊まりスキンケアセット,1142.61,1371,380.0,434192.0
2025-10-21,11,楽天ギフトバリアブル,1142.61,1371,10500.0,11997405.0
2025-10-21,11,ＡＥＲＡ（アエラ）,1142.61,1371,591.0,675283.0
2025-10-21,11,なめらか食感水ようかん,1142.61,1371,158.0,180532.0
2025-10-21,11,トマトベーコンパスタサラ,1142.61,1371,389.0,444475.0
2025-10-21,11,ベ　ス　ト　カ　ー,1142.61,1371,537.0,613582.0
2025-10-21,11,ポケカ拡張ステラ,1142.61,1371,164.0,187388.0
2025-10-21,11,ベロＢマンゴーＭ５Ｐ,1142.61,1371,1455.0,1662498.0
2025-10-21,11,明太マヨいか天,1142.61,1371,130.0,148539.0
2025-10-21,11,マウスＷクリア８０ＭＬ,1142.61,1371,200.0,228522.0
2025-10-21,11,こんがりパンポタージュ,1142.61,1371,170.0,194244.0
2025-10-21,11,クラフトテープ　１巻,1142.61,1371,,
2025-10-21,11,タリーズブラック３９０,1142.61,1371,158.0,180532.0
2025-10-21,11,アルバトロス・ビュー,1142.61,1371,,
2025-10-21,11,テリアレギュラー１０Ｐ,1142.61,1371,5273.0,6024983.0
2025-10-21,11,発注レジ袋１２号バイオマ,1142.61,1371,,
2025-10-21,11,ショコラ＆ホイップパイ,1142.61,1371,239.0,273084.0
2025-10-21,11,ビッグコミックスペリオー,1142.61,1371,464.0,530171.0
2025-10-21,11,ネイビーやまがた県民手帳,1142.61,1371,500.0,571305.0
2025-10-21,11,塩レモンクッキーシュー,1142.61,1371,204.0,233092.0
2025-10-21,11,アスティーグ黒　Ｍ,1142.61,1371,600.0,685566.0
2025-10-21,11,しょうが香る冷し薬味そば,1142.61,1371,,
2025-10-21,11,明太海苔弁当,1142.61,1371,555.0,634149.0
2025-10-21,11,東京スポーツ競馬特別版,1142.61,1371,,
2025-10-21,11,夏ポテト対馬の浜御塩味,1142.61,1371,179.0,204527.0
2025-10-21,11,優馬（関東山形福島）,1142.61,1371,,
2025-10-21,11,日刊競馬（関東山形福島）,1142.61,1371,,
2025-10-21,11,勝馬（関東山形福島）,1142.61,1371,,
2025-10-21,11,競友（関東福島）,1142.61,1371,,
2025-10-21,11,競馬エイト（関東福島）,1142.61,1371,,
2025-10-21,11,競馬ブック（関東山形福島,1142.61,1371,,
2025-10-21,11,馬サブロー（１都６県宮城,1142.61,1371,,
2025-10-21,11,研究（関東山形福島）,1142.61,1371,,
2025-10-21,11,リルＨリキッドＣ,1142.61,1371,73.0,83411.0
2025-10-21,11,ネックバンドイヤホン　黒,1142.61,1371,3164.0,3615218.0
2025-10-21,11,天使のチーズケーキ,1142.61,1371,230.0,262800.0
2025-10-21,11,プレジデント,1142.61,1371,,
2025-10-21,11,ＰＯＳレジロール５０巻,1142.61,1371,,
2025-10-21,11,ペーパータオルＢＳ,1142.61,1371,,
2025-10-21,11,ＪＴオンサンデー（旧：ジ,1142.61,1371,,
2025-10-21,11,コーヒーフレッシュ,1142.61,1371,,
2025-10-21,11,ダーク豆（ＵＣＣ）,1142.61,1371,,
2025-10-21,11,ピース（２０本）,1142.61,1371,546.0,623865.0
2025-10-21,11,２５０円スポーツ,1142.61,1371,228.0,260515.0
2025-10-21,11,ワンピデッキ緑黄ヤマト,1142.61,1371,500.0,571305.0
2025-10-21,11,ワンピデッキ紫黒ルフィ,1142.61,1371,500.0,571305.0
2025-10-21,11,婦人クルーＳ黒,1142.61,1371,390.0,445618.0
2025-10-21,11,ワンピデッキ　バギー,1142.61,1371,500.0,571305.0
2025-10-21,11,ハミガキハブラシセット,1142.61,1371,448.0,511889.0
2025-10-21,11,ＬストライクＢ,1142.61,1371,564.0,644432.0
2025-10-21,11,備蓄米１Ｋｇ,1142.61,1371,,
2025-10-21,11,ｉｎバー　ベイクドビター,1142.61,1371,170.0,194244.0
2025-10-21,11,２ＷＡＹマーカーピンク,1142.61,1371,180.0,205670.0
2025-10-21,11,ガムシロップ,1142.61,1371,,
2025-10-21,11,備蓄米　１ｋｇ,1142.61,1371,360.0,411340.0
2025-10-21,11,堅ぶつ旨塩,1142.61,1371,128.0,146254.0
2025-10-21,11,◎人気のミックスナッツ,1142.61,1371,360.0,411340.0
2025-10-21,11,うるおいさらっとジェル,1142.61,1371,248.0,283367.0
2025-10-21,11,ワンピデッキジュエリー,1142.61,1371,500.0,571305.0
2025-10-21,11,Ｃボス　フルーツエード,1142.61,1371,143.0,163393.0
2025-10-21,11,紅茶花伝　ミルクティー,1142.61,1371,155.0,177105.0
2025-10-21,11,週刊　プレイボーイ,1142.61,1371,591.0,675283.0
2025-10-21,11,今治ＴＨ２５春の色白,1142.61,1371,600.0,685566.0
2025-10-21,11,週　刊　大　衆,1142.61,1371,437.0,499321.0
2025-10-21,11,サクレグミレモン＆梨,1142.61,1371,208.0,237663.0
2025-10-21,11,つぶ塩梅,1142.61,1371,158.0,180532.0
2025-10-21,11,パーラメント１００ＢＯＸ,1142.61,1371,564.0,644432.0
2025-10-21,11,あの夏のラムネグミ,1142.61,1371,167.0,190816.0
2025-10-21,11,濃厚カスタードシュー,1142.61,1371,156.0,178247.0
2025-10-21,11,オレンジパンチ３５０,1142.61,1371,161.0,183960.0
2025-10-21,11,全粒粉サラダチキンたまご,1142.61,1371,369.0,421623.0
2025-10-21,11,パリジャン３種ミート,1142.61,1371,348.0,397628.0
2025-10-21,11,センテＩブラック１０Ｐ,1142.61,1371,4819.0,5506238.0
2025-10-21,11,炭火焼うなぎおむすび,1142.61,1371,369.0,421623.0
2025-10-21,11,海鮮サラダおむすび,1142.61,1371,147.0,167964.0
2025-10-21,11,おろしタツタ弁当（わかめ,1142.61,1371,598.0,683281.0
2025-10-21,11,ビーフハンバーグのロコモ,1142.61,1371,647.0,739269.0
2025-10-21,11,ＳＰＡＭ　玉子焼き,1142.61,1371,313.0,357637.0
2025-10-21,11,週刊　東洋経済,1142.61,1371,864.0,987215.0
2025-10-21,11,エ　コ　ノ　ミ　ス　ト,1142.61,1371,,
2025-10-21,11,テリアリッチＲ１０Ｐ,1142.61,1371,5273.0,6024983.0
2025-10-21,11,ＹＯＵＮＧ　ＫＩＮＧ（ヤ,1142.61,1371,464.0,530171.0
2025-10-21,11,野菜生活巨峰,1142.61,1371,118.0,134828.0
2025-10-21,11,ブーストバイツ,1142.61,1371,240.0,274226.0
2025-10-21,11,専炭治郎の抹茶クリームロ,1142.61,1371,158.0,180532.0
2025-10-21,11,銀鮭と煮物の幕の内弁当,1142.61,1371,555.0,634149.0
2025-10-21,11,鬼滅の刃フルーツオレ,1142.61,1371,249.0,284510.0
2025-10-21,11,アサイーボウルドリンク,1142.61,1371,249.0,284510.0
2025-10-21,11,◎生スコーン６個入（チー,1142.61,1371,172.0,196529.0
2025-10-21,11,サンド寿司　サーモン,1142.61,1371,334.0,381632.0
2025-10-21,11,Ｆ伊之助のほわほわ大福,1142.61,1371,125.0,142826.0
2025-10-21,11,Ｆ水柱の水まんじゅう（ラ,1142.61,1371,149.0,170249.0
2025-10-21,11,◎マラサダ（マカダミアチ,1142.61,1371,147.0,167964.0
2025-10-21,11,専胡蝶しのぶの藤色メロン,1142.61,1371,165.0,188531.0
2025-10-21,11,◎Ｆボス　ラテ　４５０,1142.61,1371,139.0,158823.0
2025-10-21,11,新Ｅプリンター用インク青,1142.61,1371,,
2025-10-21,11,◎レモネードソーダ,1142.61,1371,186.0,212525.0
2025-10-21,11,翠ジンソーダ３５０,1142.61,1371,194.0,221666.0
2025-10-21,11,ＳＰＡ！（スパ！）,1142.61,1371,573.0,654716.0
2025-10-21,11,半熟たまご大盛冷しうどん,1142.61,1371,554.0,633006.0
2025-10-21,11,ライオンカフェオレ,1142.61,1371,208.0,237663.0
2025-10-21,11,台湾風まぜそば,1142.61,1371,599.0,684423.0
2025-10-21,11,週刊女性自身,1142.61,1371,500.0,571305.0
2025-10-21,11,週刊ゴルフダイジェスト,1142.61,1371,573.0,654716.0
2025-10-21,11,クア・アイナテリチキン,1142.61,1371,369.0,421623.0
2025-10-21,11,フライドサイミン,1142.61,1371,,
2025-10-21,11,週刊アサヒ芸能,1142.61,1371,564.0,644432.0
2025-10-21,11,マカダミアパンケーキ,1142.61,1371,323.0,369063.0
2025-10-21,11,ＦＬＡＳＨ　（フラッシュ,1142.61,1371,664.0,758693.0
2025-10-21,11,ミンティアグレープ,1142.61,1371,105.0,119974.0
2025-10-21,11,健康のど飴冷やし飴小袋,1142.61,1371,138.0,157680.0
2025-10-21,11,コアラのマーチいちご,1142.61,1371,164.0,187388.0
2025-10-21,11,◎ハムエッグデニッシュ２,1142.61,1371,135.0,154252.0
2025-10-21,11,週　刊　女　性,1142.61,1371,,
2025-10-21,11,透明プリン？マンゴー？,1142.61,1371,194.0,221666.0
2025-10-21,11,青ねぎと蒸し鶏のパスタ,1142.61,1371,462.0,527886.0
2025-10-21,11,２０品目のサラダ,1142.61,1371,276.0,315360.0
2025-10-21,11,ベロＭＰミントＸインテン,1142.61,1371,310.0,354209.0
2025-10-21,11,◎りんごカスタードデニ４,1142.61,1371,167.0,190816.0
2025-10-21,11,◎ハムチーズクロワッサン,1142.61,1371,135.0,154252.0
2025-10-21,11,紳士ショートＳ黒,1142.61,1371,390.0,445618.0
2025-10-21,11,ラインＳ２５夏の色白大,1142.61,1371,390.0,445618.0
2025-10-21,11,カルピスＰマンゴーピーチ,1142.61,1371,170.0,194244.0
2025-10-21,11,ブリーフ団イカ墨まぜそば,1142.61,1371,369.0,421623.0
2025-10-21,11,江頭　激辛豚骨ラーメン,1142.61,1371,369.0,421623.0
2025-10-21,11,ラークウルトラ１・１００,1142.61,1371,491.0,561022.0
2025-10-21,11,◎ひとくち濃厚梅だれせん,1142.61,1371,139.0,158823.0
2025-10-21,11,ミニチーズおかきガーリッ,1142.61,1371,150.0,171391.0
2025-10-21,11,◎瀬戸内レモンのドーナツ,1142.61,1371,139.0,158823.0
2025-10-21,11,キリン晴れ風３５０,1142.61,1371,216.0,246804.0
2025-10-21,11,Ｇファイトシャープ芯ＨＢ,1142.61,1371,200.0,228522.0
2025-10-21,11,最強王図鑑激闘バトルグミ,1142.61,1371,193.0,220524.0
2025-10-21,11,すっぱいぶどうグミ,1142.61,1371,100.0,114261.0
2025-10-21,11,レインコートＭ,1142.61,1371,687.0,784973.0
2025-10-21,11,オイコス　レモン＆ハニー,1142.61,1371,179.0,204527.0
2025-10-21,11,４５Ｌ半透明ゴミ袋,1142.61,1371,,
2025-10-21,11,レジ従業員金庫引継ノート,1142.61,1371,,
2025-10-21,11,◎生コッペパン（ハムカツ,1142.61,1371,167.0,190816.0
2025-10-21,11,振って塩こんぶキャベツ,1142.61,1371,221.0,252517.0
2025-10-21,11,センティアＦエメラルド,1142.61,1371,482.0,550738.0
2025-10-21,11,サンカット　ＵＶスプレー,1142.61,1371,798.0,911803.0
2025-10-21,11,抹茶シベリア３個入,1142.61,1371,230.0,262800.0
2025-10-21,11,ライト豆（ＵＣＣ）,1142.61,1371,,
2025-10-21,11,ターザン,1142.61,1371,728.0,831820.0
2025-10-21,11,ジャージー牛乳プリン,1142.61,1371,178.0,203385.0
2025-10-21,11,ＡｐｐｌｅＧＣ＿５千,1142.61,1371,5000.0,5713050.0
2025-10-21,11,ベロスピッフィーＳミント,1142.61,1371,291.0,332500.0
2025-10-21,11,センテＣシルバー１０Ｐ,1142.61,1371,4819.0,5506238.0
2025-10-21,11,電卓　１２桁,1142.61,1371,1280.0,1462541.0
2025-10-21,11,ライトニングイヤホン変換,1142.61,1371,1982.0,2264653.0
2025-10-21,11,ＦＲＩＤＡＹ（フライデー,1142.61,1371,710.0,811253.0
2025-10-21,11,オレンジページ,1142.61,1371,544.0,621580.0
2025-10-21,11,ミルクソースのシフォン,1142.61,1371,369.0,421623.0
2025-10-21,11,ネオチルドＭハイパー用,1142.61,1371,455.0,519888.0
2025-10-21,11,カーセンサー東日本版,1142.61,1371,,
2025-10-21,11,Ｗｅｄｇｅ（ウェッジ）,1142.61,1371,,
2025-10-21,11,週　刊　ポ　ス　ト,1142.61,1371,519.0,593015.0
2025-10-21,11,ＵＳＢーＣ用イヤホン黒,1142.61,1371,2164.0,2472608.0
2025-10-21,11,Ｎｅｗｔｏｎ（ニュートン,1142.61,1371,1082.0,1236304.0
2025-10-21,11,パリパリ麺サラダ,1142.61,1371,369.0,421623.0
2025-10-21,11,カーセンサー首都圏版,1142.61,1371,,
2025-10-21,11,新Ｅプリンター用インク赤,1142.61,1371,,
2025-10-21,11,新Ｅプリンター用インク黒,1142.61,1371,,
2025-10-21,11,ネオＢマスカット,1142.61,1371,455.0,519888.0
2025-10-21,11,ＩＱＯＳｉＯＢブルー,1142.61,1371,3619.0,4135106.0
2025-10-21,11,クール・ＢＯＸ,1142.61,1371,528.0,603298.0
2025-10-21,11,アルカリ水クリーナ－詰替,1142.61,1371,,
2025-10-21,11,やまがた県民手帳ブラック,1142.61,1371,500.0,571305.0
2025-10-21,11,ごまだれ冷し中華,1142.61,1371,554.0,633006.0
2025-10-21,11,Ｓスター７Ｂ,1142.61,1371,546.0,623865.0
2025-10-21,11,綾鷹　濃い緑茶　６５０,1142.61,1371,158.0,180532.0
2025-10-21,11,ＵＳＢ－Ｃ電池充電器,1142.61,1371,1710.0,1953863.0
2025-10-21,11,氷結無糖スモモ３５０,1142.61,1371,168.0,191958.0
2025-10-21,11,ゼロシュガーフリーチョコ,1142.61,1371,220.0,251374.0
2025-10-21,11,トッポ,1142.61,1371,209.0,238805.0
2025-10-21,11,コーヒーリッド黒Ｓ,1142.61,1371,,
2025-10-21,11,カフェカップＭ,1142.61,1371,,
2025-10-21,11,◎フルーツミックス５００,1142.61,1371,112.0,127972.0
2025-10-21,11,◎南高梅うす塩個食,1142.61,1371,131.0,149682.0
2025-10-21,11,◎南高梅はちみつ入個食,1142.61,1371,131.0,149682.0
2025-10-21,11,◎生コッペパン（厚ぎりと,1142.61,1371,230.0,262800.0
2025-10-21,11,綾鷹　６５０,1142.61,1371,158.0,180532.0
2025-10-21,11,サントリー天然水　５５０,1142.61,1371,118.0,134828.0
2025-10-21,11,烏龍茶　６００,1142.61,1371,158.0,180532.0
2025-10-21,11,鮭わかめおむすび,1142.61,1371,139.0,158823.0
2025-10-21,11,つぶグミＰ濃厚マンゴー,1142.61,1371,198.0,226237.0
2025-10-21,11,ケント・６・１００ＢＯＸ,1142.61,1371,473.0,540455.0
2025-10-21,11,４Ｄグミ旅路のマジックア,1142.61,1371,221.0,252517.0
2025-10-21,11,モチド富良野メロン味,1142.61,1371,171.0,195386.0
2025-10-21,11,三ツ矢　ひんやり和梨,1142.61,1371,160.0,182818.0
2025-10-21,11,備蓄米　２Ｋｇ,1142.61,1371,,
2025-10-21,11,◎生コッペパン（チョコバ,1142.61,1371,135.0,154252.0
2025-10-21,11,ビスコ発酵バター,1142.61,1371,156.0,178247.0
2025-10-21,11,銀座ライオンビヤ３５０,1142.61,1371,216.0,246804.0
2025-10-21,11,◎プリンみたいなパン,1142.61,1371,119.0,135971.0
2025-10-21,11,善逸たまごＢＯＸＤ２,1142.61,1371,425.0,485609.0
2025-10-21,11,炭治郎＆義勇おむ２,1142.61,1371,369.0,421623.0
2025-10-21,11,はみでたチキンカツバーガ,1142.61,1371,369.0,421623.0
2025-10-21,11,国チキンとゴーダとたまご,1142.61,1371,443.0,506176.0
2025-10-21,11,海苔監修　手巻たまごかけ,1142.61,1371,185.0,211383.0
2025-10-21,11,手巻ベーコン＆コーンマヨ,1142.61,1371,184.0,210240.0
2025-10-21,11,◎桃大福,1142.61,1371,147.0,167964.0
2025-10-21,11,まるで鶏皮のようなＰＣ,1142.61,1371,176.0,201099.0
2025-10-21,11,Ｌｉｐｔｏｎチャームグミ,1142.61,1371,350.0,399913.0
2025-10-21,11,◎サーターアンダギー６個,1142.61,1371,165.0,188531.0
2025-10-21,11,週　刊　現　代,1142.61,1371,546.0,623865.0
2025-10-21,11,７０Ｌ半透明ゴミ袋,1142.61,1371,,
2025-10-21,11,スウェディッシュキャンデ,1142.61,1371,498.0,569020.0
2025-10-21,11,一粒梅おむすび,1142.61,1371,241.0,275369.0
2025-10-21,11,大粒ラムネ強炭酸シュワコ,1142.61,1371,133.0,151967.0
2025-10-21,11,きりっと果実　ピンクＧＦ,1142.61,1371,159.0,181675.0
2025-10-21,11,サラダラップチキンサルサ,1142.61,1371,348.0,397628.0
2025-10-21,11,新旧両用）ペーパフィルタ,1142.61,1371,,
2025-10-21,11,くりーむパン　カスタード,1142.61,1371,260.0,297079.0
2025-10-21,11,◎桃パウンドケーキ,1142.61,1371,165.0,188531.0
2025-10-21,11,めっちゃふくらむフーセン,1142.61,1371,158.0,180532.0
2025-10-21,11,しゃりｉｎグミソーダ味,1142.61,1371,168.0,191958.0
2025-10-21,11,すだち明太クリームうどん,1142.61,1371,462.0,527886.0
2025-10-21,11,岩下の新生姜いなり寿司,1142.61,1371,185.0,211383.0
2025-10-21,11,◎のむヨーグルトメロン,1142.61,1371,195.0,222809.0
2025-10-21,11,レモンチーズケーキ,1142.61,1371,156.0,178247.0
2025-10-21,11,バター醤油パスタ,1142.61,1371,426.0,486752.0
2025-10-21,11,りんごの目覚め,1142.61,1371,276.0,315360.0
2025-10-21,11,ミンティア宮崎日向夏,1142.61,1371,105.0,119974.0
2025-10-21,11,生ラムネ玉,1142.61,1371,152.0,173677.0
2025-10-21,11,タリーズ　無糖ラテ,1142.61,1371,170.0,194244.0
2025-10-21,11,名札バッジ　２個入,1142.61,1371,,
2025-10-21,11,フエラムネサイダー第２弾,1142.61,1371,138.0,157680.0
2025-10-21,11,たべっ子水族館ソルティ,1142.61,1371,170.0,194244.0
2025-10-21,11,マーブルパウチ,1142.61,1371,215.0,245661.0
2025-10-21,11,ドリトス激辛ナチョチーズ,1142.61,1371,180.0,205670.0
2025-10-21,11,ピンクグレープフルーツア,1142.61,1371,186.0,212525.0
2025-10-21,11,野菜生活ベリーサラダ,1142.61,1371,113.0,129115.0
2025-10-21,11,フルーツこれ１本ビタミン,1142.61,1371,150.0,171391.0
2025-10-21,11,Ｙｏｕｎｇ　ｃｈａｍｐｉ,1142.61,1371,410.0,468470.0
2025-10-21,11,ゆず塩ラーメンサラダ,1142.61,1371,389.0,444475.0
2025-10-21,11,◎お好み焼＆塩焼そば,1142.61,1371,,
2025-10-21,11,牛スープの旨み盛岡風冷麺,1142.61,1371,536.0,612439.0
2025-10-21,11,冷し鶏天タルタルうどん,1142.61,1371,599.0,684423.0
2025-10-21,11,オレンジ,1142.61,1371,315.0,359922.0
2025-10-21,11,グレープフルーツ,1142.61,1371,276.0,315360.0
2025-10-21,11,ラインＳＣ白１９－２２,1142.61,1371,390.0,445618.0
2025-10-21,11,備蓄米　２ｋｇ,1142.61,1371,700.0,799827.0
2025-10-21,11,◎オクラわかめとろり豆腐,1142.61,1371,258.0,294793.0
2025-10-21,11,コロネクッキー,1142.61,1371,71.0,81125.0
2025-10-21,11,フルーツサラダヨーグルト,1142.61,1371,230.0,262800.0
2025-10-21,11,野菜生活１００オリジナル,1142.61,1371,113.0,129115.0
2025-10-21,11,クラッシュ蒟蒻畑りんご味,1142.61,1371,183.0,209098.0
2025-10-21,11,ビスコ,1142.61,1371,156.0,178247.0
2025-10-21,11,サラダチキンロール,1142.61,1371,399.0,455901.0
2025-10-21,11,グローＨプロサクラＥＤ,1142.61,1371,3619.0,4135106.0
2025-10-21,11,ザ・クレープチョコバナナ,1142.61,1371,249.0,284510.0
2025-10-21,11,こだわりカレー,1142.61,1371,367.0,419338.0
2025-10-21,11,コーヒーゼリーパフェ,1142.61,1371,313.0,357637.0
2025-10-21,11,チョコラＳＰ　グレフル＆,1142.61,1371,149.0,170249.0
2025-10-21,11,キレート　ＭＵＫＵＭＩ,1142.61,1371,158.0,180532.0
2025-10-21,11,ワンピカードＢＥＳＴ２,1142.61,1371,500.0,571305.0
2025-10-21,11,アスティーグ黒　Ｌ,1142.61,1371,600.0,685566.0
2025-10-21,11,慶弔サインペン（筆文字）,1142.61,1371,250.0,285652.0
2025-10-21,11,モンスターエナジー,1142.61,1371,213.0,243376.0
2025-10-21,11,ヒヤロン,1142.61,1371,180.0,205670.0
2025-10-21,11,ラインＳ２５夏の色白小,1142.61,1371,390.0,445618.0
2025-10-21,11,冷し鶏ねぎそば,1142.61,1371,599.0,684423.0
2025-10-21,11,０．０１ゼロワン,1142.61,1371,900.0,1028349.0
2025-10-21,11,イープラス　発券,1142.61,1371,165.0,188531.0
2025-10-21,11,ダブルフロマージュ　２個,1142.61,1371,426.0,486752.0
2025-10-21,11,ＵＳＢ－Ｃ１．２ｍ,1142.61,1371,1255.0,1433976.0
2025-10-21,11,サンドおむすび　豚焼肉,1142.61,1371,323.0,369063.0
2025-10-21,11,ハイチュウＰメロン,1142.61,1371,152.0,173677.0
2025-10-21,11,マッチビタミンみかん,1142.61,1371,150.0,171391.0
2025-10-21,11,◎ハムチーズエッグマフィ,1142.61,1371,156.0,178247.0
2025-10-21,11,直巻　炙り焼　牛タン,1142.61,1371,199.0,227379.0
2025-10-21,11,具だくさん炙り焼鶏つくね,1142.61,1371,213.0,243376.0
2025-10-21,11,コミック乱,1142.61,1371,546.0,623865.0
2025-10-21,11,カニカママカロニサラダ,1142.61,1371,239.0,273084.0
2025-10-21,11,じゅるるマンゴー,1142.61,1371,221.0,252517.0
2025-10-21,11,コク旨たまごサンド,1142.61,1371,276.0,315360.0
2025-10-21,11,むっち実グミオレンジ味,1142.61,1371,198.0,226237.0
2025-10-21,11,たまご海老ブロコリサンド,1142.61,1371,348.0,397628.0
2025-10-21,11,カンデミーナ電撃マスカッ,1142.61,1371,200.0,228522.0
2025-10-21,11,◎ホットサンド（ハム＆チ,1142.61,1371,158.0,180532.0
2025-10-21,11,ウィルキンソンＥＸグレプ,1142.61,1371,117.0,133685.0
2025-10-21,11,生茶ほうじ煎茶,1142.61,1371,158.0,180532.0
2025-10-21,11,サーモン寿司,1142.61,1371,237.0,270799.0
2025-10-21,11,フレンチクルーラーミルク,1142.61,1371,193.0,220524.0
2025-10-21,11,ちいかわステッカーグミ,1142.61,1371,180.0,205670.0
2025-10-21,11,激モロコシフライドアラレ,1142.61,1371,158.0,180532.0
2025-10-21,11,んぽちゃむグミ,1142.61,1371,180.0,205670.0
2025-10-21,11,じゃがりこ肉じゃがｂｉｔ,1142.61,1371,129.0,147397.0
2025-10-21,11,１９６レモン３５０,1142.61,1371,161.0,183960.0
2025-10-21,11,ねるねるねるねドリンク,1142.61,1371,276.0,315360.0
2025-10-21,11,ポケカ拡張ナイトワンダ,1142.61,1371,164.0,187388.0
2025-10-21,11,ホームパイチビムーホ,1142.61,1371,140.0,159965.0
2025-10-21,11,野菜生活Ｓベリー＆ざくろ,1142.61,1371,178.0,203385.0
2025-10-21,11,テリヤキチキンとたまご,1142.61,1371,332.0,379347.0
2025-10-21,11,スーパー大麦安曇野わさび,1142.61,1371,181.0,206812.0
2025-10-21,11,◎つぶつぶいちご蒸しＣ,1142.61,1371,135.0,154252.0
2025-10-21,11,鶏そぼろ野沢菜醤油パスタ,1142.61,1371,369.0,421623.0
2025-10-21,11,ヨーグレットグミブルーベ,1142.61,1371,140.0,159965.0
2025-10-21,11,冷し明太クリームうどん,1142.61,1371,445.0,508461.0
2025-10-21,11,◎ツイストサンド（カスタ,1142.61,1371,128.0,146254.0
2025-10-21,11,野菜食べよう冷しタンメン,1142.61,1371,554.0,633006.0
2025-10-21,11,ポケぷにソーダ,1142.61,1371,218.0,249089.0
2025-10-21,11,チョコチャンクスコーン,1142.61,1371,119.0,135971.0
2025-10-21,11,窯出しとろけるプリン,1142.61,1371,195.0,222809.0
2025-10-21,11,香ばし炒めの玉子炒飯,1142.61,1371,341.0,389630.0
2025-10-21,11,ＢＳおつまみ焼そば味スパ,1142.61,1371,136.0,155395.0
2025-10-21,11,ナイキ　ラバーグローブＬ,1142.61,1371,498.0,569020.0
2025-10-21,11,冷し担担麺,1142.61,1371,462.0,527886.0
2025-10-21,11,はちみつとりんごのケーキ,1142.61,1371,276.0,315360.0
2025-10-21,11,センテＦグリーン１０Ｐ,1142.61,1371,4819.0,5506238.0
2025-10-21,11,３種チーズのミートソース,1142.61,1371,599.0,684423.0
2025-10-21,11,ピュレフルーツりんご,1142.61,1371,268.0,306219.0
2025-10-21,11,巨峰大福（白こしあん）,1142.61,1371,188.0,214811.0
2025-10-21,11,すッパイチュウレモン味,1142.61,1371,127.0,145111.0
2025-10-21,11,てんこ盛弁当,1142.61,1371,598.0,683281.0
2025-10-21,11,ナイキ　ラバーグローブＭ,1142.61,1371,498.0,569020.0
2025-10-21,11,厚切りポテトペッパー,1142.61,1371,142.0,162251.0
2025-10-21,11,ハイチュウ人気ミックス,1142.61,1371,127.0,145111.0
2025-10-21,11,コロコロハイチュウ,1142.61,1371,127.0,145111.0
2025-10-21,11,黒わらび餅,1142.61,1371,178.0,203385.0
2025-10-21,11,メガシャキ,1142.61,1371,239.0,273084.0
2025-10-21,11,ポケカ拡張メガシンフォ,1142.61,1371,164.0,187388.0
2025-10-21,11,ポケカ拡張メガブレイブ,1142.61,1371,164.0,187388.0
2025-10-21,11,イープラス　入金,1142.61,1371,16455.0,18801648.0
2025-10-21,11,夏のミルクシュー,1142.61,1371,138.0,157680.0
2025-10-21,11,ふわしゅわスフレレモン,1142.61,1371,249.0,284510.0
2025-10-21,11,ラッキーＳベリーＳ,1142.61,1371,391.0,446761.0
2025-10-21,11,グローＨプロオニキスＰ,1142.61,1371,3619.0,4135106.0
2025-10-21,11,エボＴバナナＣＰＬＭ,1142.61,1371,500.0,571305.0
2025-10-21,11,エボＴベリーＣＰＬＭ,1142.61,1371,500.0,571305.0
2025-10-21,11,マウススプレークールＭ,1142.61,1371,251.0,286795.0
2025-10-21,11,おーいお茶緑茶　６００,1142.61,1371,158.0,180532.0
2025-10-21,11,◎のむヨーグルトパイン,1142.61,1371,158.0,180532.0
2025-10-21,11,ルーローハン風パスタサラ,1142.61,1371,417.0,476468.0
2025-10-21,11,１９６白桃３５０,1142.61,1371,161.0,183960.0
2025-10-21,11,履歴書用紙,1142.61,1371,309.0,353066.0
2025-10-21,11,メガライフガード　７００,1142.61,1371,150.0,171391.0
2025-10-21,11,１９６マスカット３５０,1142.61,1371,161.0,183960.0
2025-10-21,11,ケントＮＳダークＦ,1142.61,1371,500.0,571305.0
2025-10-21,11,ワンピデッキ　ティーチ,1142.61,1371,500.0,571305.0
2025-10-21,11,ソフト携帯吸殻入れ,1142.61,1371,273.0,311933.0
2025-10-21,11,リチウム５０００ｍＡｈ,1142.61,1371,2982.0,3407263.0
2025-10-21,11,ユニアリ　ワンパンマン,1142.61,1371,350.0,399913.0
2025-10-21,11,多当祝　御祝,1142.61,1371,87.0,99407.0
2025-10-21,11,碧Ａｏ海薫るＨＢ３５０,1142.61,1371,350.0,399913.0
2025-10-21,11,ポケピファンピカチュウ,1142.61,1371,3164.0,3615218.0
2025-10-21,11,タフグミビッグバンピーチ,1142.61,1371,238.0,271941.0
2025-10-21,11,もちっとガブリマスカット,1142.61,1371,143.0,163393.0
2025-10-21,11,ＭＶＰＧレギュウィズ６Ｐ,1142.61,1371,3273.0,3739763.0
2025-10-21,11,テリアＯパール１０Ｐ,1142.61,1371,5273.0,6024983.0
2025-10-21,11,ふんわりたまごのオムライ,1142.61,1371,276.0,315360.0
2025-10-21,11,韓国風海苔佃煮おむすび,1142.61,1371,147.0,167964.0
2025-10-21,11,ラークスーパー５,1142.61,1371,491.0,561022.0
2025-10-21,11,青しそ高菜おむすび,1142.61,1371,139.0,158823.0
2025-10-21,11,ツメキリ　Ｓ,1142.61,1371,480.0,548453.0
2025-10-21,11,ビタミン野菜,1142.61,1371,113.0,129115.0
2025-10-21,11,ポケぷにフルーツ,1142.61,1371,218.0,249089.0
2025-10-21,11,◎ジューシーソーセージパ,1142.61,1371,135.0,154252.0
2025-10-21,11,炙り豚焼肉マヨネーズ,1142.61,1371,276.0,315360.0
2025-10-21,11,おーいお茶濃い茶６００,1142.61,1371,158.0,180532.0
2025-10-21,11,細ーいじゃがビーサワクリ,1142.61,1371,164.0,187388.0
2025-10-21,11,テリアＢルビーＭ１０Ｐ,1142.61,1371,5273.0,6024983.0
2025-10-21,11,Ｃ１０００コラーゲン＆,1142.61,1371,147.0,167964.0
2025-10-21,11,カニカマの寿司,1142.61,1371,174.0,198814.0
2025-10-21,11,いかめしおむすび,1142.61,1371,258.0,294793.0
2025-10-21,11,モッチュ白桃味,1142.61,1371,148.0,169106.0
2025-10-21,11,テリアミント１０Ｐ,1142.61,1371,5273.0,6024983.0
2025-10-21,11,◎増量うす焼せんべい,1142.61,1371,147.0,167964.0
2025-10-21,11,ポテロング,1142.61,1371,162.0,185103.0
2025-10-21,11,カルピス　リンゴ＆洋梨,1142.61,1371,160.0,182818.0
2025-10-21,11,ごろごろゆでたまごサンド,1142.61,1371,369.0,421623.0
2025-10-21,11,◎ふんわりもっちパン（チ,1142.61,1371,128.0,146254.0
2025-10-21,11,ミンティアＢブラック,1142.61,1371,211.0,241091.0
2025-10-21,11,増量チキンパスタサラダ,1142.61,1371,369.0,421623.0
2025-10-21,11,島星シトラスエール３５０,1142.61,1371,306.0,349639.0
2025-10-21,11,アーモンド効果プロテイン,1142.61,1371,198.0,226237.0
2025-10-21,11,小枝チョコクッキーサンド,1142.61,1371,239.0,273084.0
2025-10-21,11,冷たい生パスタツナトマト,1142.61,1371,499.0,570162.0
2025-10-21,11,◎レアチーズデニッシュ,1142.61,1371,147.0,167964.0
2025-10-21,11,にゃんともチーズ塩バニラ,1142.61,1371,230.0,262800.0
2025-10-21,11,ザクザクやみつきクランキ,1142.61,1371,198.0,226237.0
2025-10-21,11,増量ロースかつカレー,1142.61,1371,555.0,634149.0
2025-10-21,11,＊Ｆハイキューまんじゅう,1142.61,1371,172.0,196529.0
2025-10-21,11,ペタグーソーダ,1142.61,1371,150.0,171391.0
2025-10-21,11,超急速２ｉｎ１Ｃ＆Ｌ１ｍ,1142.61,1371,2346.0,2680563.0
2025-10-21,11,トマトジュースプレミアム,1142.61,1371,148.0,169106.0
2025-10-21,11,玉子焼＆ハムサンド,1142.61,1371,323.0,369063.0
2025-10-21,11,２種チーズとハムサンド,1142.61,1371,323.0,369063.0
2025-10-21,11,かぶり寿司　甘辛そぼろマ,1142.61,1371,283.0,323359.0
2025-10-21,11,◎増量チョコビスケット,1142.61,1371,139.0,158823.0
2025-10-21,11,マーブル,1142.61,1371,184.0,210240.0
2025-10-21,11,ラーク・１００・ＢＯＸ,1142.61,1371,491.0,561022.0
2025-10-21,11,１９６無糖冷凍みかん３５,1142.61,1371,161.0,183960.0
2025-10-21,11,メビウスワン１００Ｂ１０,1142.61,1371,5273.0,6024983.0
2025-10-21,11,◎ミニメンチカツバーガ３,1142.61,1371,195.0,222809.0
2025-10-21,11,野菜マシマシ冷し中華,1142.61,1371,647.0,739269.0
2025-10-21,11,ミンティアＢＣマイルド,1142.61,1371,210.0,239948.0
2025-10-21,11,塩おむすび,1142.61,1371,129.0,147397.0
2025-10-21,11,ミンティアＢＦピーチ,1142.61,1371,211.0,241091.0
2025-10-21,11,ミンティアＢＦレモン,1142.61,1371,211.0,241091.0
2025-10-21,11,カロリーメイトチョコ,1142.61,1371,220.0,251374.0
2025-10-21,11,カロリーメイト　バニラ,1142.61,1371,220.0,251374.0
2025-10-21,11,ゼロプロテインチョコ,1142.61,1371,198.0,226237.0
2025-10-21,11,カントリーＭマロンケーキ,1142.61,1371,180.0,205670.0
2025-10-21,11,カンロザストロングソーダ,1142.61,1371,200.0,228522.0
2025-10-21,11,◎増量大盛たこ焼き,1142.61,1371,554.0,633006.0
2025-10-21,11,フリクション３スリムＢＫ,1142.61,1371,541.0,618152.0
2025-10-21,11,パイの実,1142.61,1371,237.0,270799.0
2025-10-21,11,ゼログラノーラチョコ,1142.61,1371,198.0,226237.0
2025-10-21,11,ペタグーグレープ,1142.61,1371,150.0,171391.0
2025-10-21,11,ＩＱＯＳｉＯＤバイオレ,1142.61,1371,3619.0,4135106.0
2025-10-21,11,テリアＢトロピカルＭ,1142.61,1371,528.0,603298.0
2025-10-21,11,カレーせんオリジナルスパ,1142.61,1371,138.0,157680.0
2025-10-21,11,花椒香る　麻婆焼そばＤ２,1142.61,1371,554.0,633006.0
2025-10-21,11,ジャパンタイムズ,1142.61,1371,273.0,311933.0
2025-10-21,11,たまごっち　めじるし２,1142.61,1371,300.0,342783.0
2025-10-21,11,ワンピカード　師弟の絆,1142.61,1371,200.0,228522.0
2025-10-21,11,アポロチョコレート,1142.61,1371,184.0,210240.0
2025-10-21,11,テリアＢフューシャＭ,1142.61,1371,528.0,603298.0
2025-10-21,11,勝馬,1142.61,1371,500.0,571305.0
2025-10-21,11,おむすび２個（鮭・昆布）,1142.61,1371,313.0,357637.0
2025-10-21,11,クッキークリームクレープ,1142.61,1371,332.0,379347.0
2025-10-21,11,きのこの山のジクカール,1142.61,1371,263.0,300506.0
2025-10-21,11,アーモンド・ブリーズ微糖,1142.61,1371,128.0,146254.0
2025-10-21,11,チーズあじカカールアーモ,1142.61,1371,230.0,262800.0
2025-10-21,11,◎増量かーるいチーズスナ,1142.61,1371,128.0,146254.0
2025-10-21,11,三ツ矢サイダー５００,1142.61,1371,160.0,182818.0
2025-10-21,11,栄養強化型　１日分の野菜,1142.61,1371,131.0,149682.0
2025-10-21,11,ぶどうきゃん,1142.61,1371,128.0,146254.0
2025-10-21,11,大きなロール焼そばたまご,1142.61,1371,369.0,421623.0
2025-10-21,11,シーザーパスタサラダ,1142.61,1371,389.0,444475.0
2025-10-21,11,納豆細巻寿司（５巻増量）,1142.61,1371,389.0,444475.0
2025-10-21,11,わさび海苔　野沢菜わさび,1142.61,1371,175.0,199957.0
2025-10-21,11,さばほぐしごはん,1142.61,1371,332.0,379347.0
2025-10-21,11,ねるねるねるねゼリー,1142.61,1371,276.0,315360.0
2025-10-21,11,たまごボーロっち２,1142.61,1371,350.0,399913.0
2025-10-21,11,グミだよ。ピーチフラッペ,1142.61,1371,166.0,189673.0
2025-10-21,11,◎３種フルーツとナッツ,1142.61,1371,165.0,188531.0
2025-10-21,11,◎でっかいカレーたまごパ,1142.61,1371,139.0,158823.0
2025-10-21,11,◎チョコバナナロール,1142.61,1371,156.0,178247.0
2025-10-21,11,シゲキックスグレープ,1142.61,1371,120.0,137113.0
2025-10-21,11,天使のグミ甘熟マンゴー味,1142.61,1371,170.0,194244.0
2025-10-21,11,かむかむレモン,1142.61,1371,150.0,171391.0
2025-10-21,11,梨スムージー,1142.61,1371,193.0,220524.0
2025-10-21,11,のむアサイーボウル,1142.61,1371,188.0,214811.0
2025-10-21,11,ミルキーバニラアイス味,1142.61,1371,170.0,194244.0
2025-10-21,11,ウェルチ　マスカットＳＰ,1142.61,1371,160.0,182818.0
2025-10-21,11,ゆず鶏だしミニ塩ラーメン,1142.61,1371,399.0,455901.0
2025-10-21,11,コク旨醤油だれの油そば,1142.61,1371,499.0,570162.0
2025-10-21,11,くりーむメロンパン,1142.61,1371,276.0,315360.0
2025-10-21,11,ネバネバと大根のサラダ,1142.61,1371,297.0,339355.0
2025-10-21,11,麻辣湯,1142.61,1371,248.0,283367.0
2025-10-21,11,ポケピファンワッカネズミ,1142.61,1371,3164.0,3615218.0
2025-10-21,11,シフォンマンゴー＆ピーチ,1142.61,1371,250.0,285652.0
2025-10-21,11,ふわもち生大福　きなこ,1142.61,1371,138.0,157680.0
2025-10-21,11,生クリームパイコロネ,1142.61,1371,204.0,233092.0
2025-10-21,11,コカ・コーラゼロ５００,1142.61,1371,170.0,194244.0
2025-10-21,11,ケント１・１００Ｂ１０Ｐ,1142.61,1371,4728.0,5402260.0
2025-10-21,11,生茶６００,1142.61,1371,158.0,180532.0
2025-10-21,11,アリィージェルＵＶミニ,1142.61,1371,1346.0,1537953.0
2025-10-21,11,ｉｎゼリーＥＮ　ブドウ糖,1142.61,1371,210.0,239948.0
2025-10-21,11,その他１０口座売上,1142.61,1371,228.0,260515.0
2025-10-21,11,優馬,1142.61,1371,591.0,675283.0
2025-10-21,11,◎増量しみチョココーン,1142.61,1371,147.0,167964.0
2025-10-21,11,◎クルーラーリングドー８,1142.61,1371,184.0,210240.0
2025-10-21,11,◎クラウンメロンパン,1142.61,1371,139.0,158823.0
2025-10-21,11,◎つぶあんぱん北海道小豆,1142.61,1371,121.0,138256.0
2025-10-21,11,大きなチーズカレーパン（,1142.61,1371,184.0,210240.0
2025-10-21,11,梅づくしおむすび,1142.61,1371,172.0,196529.0
2025-10-21,11,もち麦　枝豆ゆかり,1142.61,1371,163.0,186245.0
2025-10-21,11,青磯海苔　漬けサーモン,1142.61,1371,199.0,227379.0
2025-10-21,11,三ツ矢　特濃アップル,1142.61,1371,160.0,182818.0
2025-10-21,11,ＧＰｌａｙ１０００,1142.61,1371,1000.0,1142610.0
2025-10-21,11,堅あげ極味玉ねぎ黒胡椒,1142.61,1371,196.0,223952.0
2025-10-21,11,秋味３５０,1142.61,1371,216.0,246804.0
2025-10-21,11,黒チャーハンおむすび,1142.61,1371,175.0,199957.0
2025-10-21,11,トルティーヤケバブチキン,1142.61,1371,369.0,421623.0
2025-10-21,11,ピュアポテト濃いのり塩,1142.61,1371,155.0,177105.0
2025-10-21,11,マシマシ焼もろこしせん,1142.61,1371,148.0,169106.0
2025-10-21,11,増量　天使のチーズケーキ,1142.61,1371,230.0,262800.0
2025-10-21,11,ＩＱＯＳｉＯＳモデル,1142.61,1371,3619.0,4135106.0
2025-10-21,11,ｉｎゼリートリプルＥ,1142.61,1371,210.0,239948.0
2025-10-21,11,ＳＰＡＭむすび　玉子焼き,1142.61,1371,320.0,365635.0
2025-10-21,11,蒸し鶏ラー油ネギ冷うどん,1142.61,1371,499.0,570162.0
2025-10-21,11,大きな具材ミックスサント,1142.61,1371,399.0,455901.0
2025-10-21,11,手巻寿司　梅ゆかり納豆,1142.61,1371,189.0,215953.0
2025-10-21,11,大きいバウムクーヘン,1142.61,1371,221.0,252517.0
2025-10-21,11,パリジャン　ハム＆チーズ,1142.61,1371,350.0,399913.0
2025-10-21,11,大きいフィナンシェ,1142.61,1371,221.0,252517.0
2025-10-21,11,◎メロンクリームパン４,1142.61,1371,156.0,178247.0
2025-10-21,11,サンド寿司　まぐろたたき,1142.61,1371,332.0,379347.0
2025-10-21,11,白いたべっ子おさつバター,1142.61,1371,180.0,205670.0
2025-10-21,11,大きなたまごづくしサンド,1142.61,1371,369.0,421623.0
2025-10-21,11,ウィルキンソンマスカット,1142.61,1371,138.0,157680.0
2025-10-21,11,◎北海道メロンのコロネ,1142.61,1371,135.0,154252.0
2025-10-21,11,ミニプラグ用イヤホン,1142.61,1371,1528.0,1745908.0
2025-10-21,11,マスカットのど飴小袋,1142.61,1371,138.0,157680.0
2025-10-21,11,じゃがりこＬヤンニョム,1142.61,1371,218.0,249089.0
2025-10-21,11,カレーコロッケバ－ガ－（,1142.61,1371,167.0,190816.0
2025-10-21,11,檸檬堂白ぶどうレモン３５,1142.61,1371,160.0,182818.0
2025-10-21,11,増量麻婆豆腐ごはん,1142.61,1371,462.0,527886.0
2025-10-21,11,ファミマ・ザ・ナポリタン,1142.61,1371,406.0,463900.0
2025-10-21,11,フルーチェグミイチゴ,1142.61,1371,184.0,210240.0
2025-10-21,11,ガルボチョコパウチ,1142.61,1371,270.0,308505.0
2025-10-21,11,冷たいパスタチキンバジル,1142.61,1371,499.0,570162.0
2025-10-21,11,ポケピファンポッチャマ,1142.61,1371,3164.0,3615218.0
2025-10-21,11,チキングリル弁当,1142.61,1371,555.0,634149.0
2025-10-21,11,辛口回鍋肉焼そば,1142.61,1371,536.0,612439.0
2025-10-21,11,パステルのプリンマドレー,1142.61,1371,220.0,251374.0
2025-10-21,11,ピュアポテト塩と岩塩,1142.61,1371,155.0,177105.0
2025-10-21,11,いちごミルク,1142.61,1371,269.0,307362.0
2025-10-21,11,甘辛醤油たれ唐揚弁当,1142.61,1371,555.0,634149.0
2025-10-21,11,ワンピカード意志,1142.61,1371,200.0,228522.0
2025-10-21,11,ビオレトラベルセット,1142.61,1371,620.0,708418.0
2025-10-21,11,ノンオイル青じそドレッシ,1142.61,1371,28.0,31993.0
2025-10-21,11,◎プリンみたいなパンケー,1142.61,1371,138.0,157680.0
2025-10-21,11,１９６王林３５０,1142.61,1371,161.0,183960.0
2025-10-21,11,オイコス　プレーン加糖,1142.61,1371,179.0,204527.0
2025-10-21,11,ＩＱＯＳｉＤバイオレット,1142.61,1371,6346.0,7251003.0
2025-10-21,11,柿安監修　牛すきおむすび,1142.61,1371,258.0,294793.0
2025-10-21,11,ＧＩＮＯＮレモン３５０,1142.61,1371,167.0,190816.0
2025-10-21,11,◎ラベルレス天然水安曇箱,1142.61,1371,489.0,558736.0
2025-10-21,11,一番搾り糖質ゼロ３５０,1142.61,1371,216.0,246804.0
2025-10-21,11,オニポテスナック,1142.61,1371,248.0,283367.0
2025-10-21,11,しゃりｉｎグミみかん,1142.61,1371,168.0,191958.0
2025-10-21,11,ググッタＳマスカット味,1142.61,1371,199.0,227379.0
2025-10-21,11,とろみーグミぶどう味,1142.61,1371,184.0,210240.0
2025-10-21,11,果汁グミシチリアレモン,1142.61,1371,152.0,173677.0
2025-10-21,11,◎ベーコン＆チーズデニッ,1142.61,1371,158.0,180532.0
2025-10-21,11,桃マカロン,1142.61,1371,249.0,284510.0
2025-10-21,11,梅蒸し鶏あったかそうめん,1142.61,1371,399.0,455901.0
2025-10-21,11,千里眼　ニンニクまぜそば,1142.61,1371,647.0,739269.0
2025-10-21,11,ナッツフルーツカッサータ,1142.61,1371,258.0,294793.0
2025-10-21,11,ＳＤブラックピンク３５０,1142.61,1371,216.0,246804.0
2025-10-21,11,大きな　鮭マヨと生たらこ,1142.61,1371,276.0,315360.0
2025-10-21,11,クリーミーほうじ茶ラテ,1142.61,1371,181.0,206812.0
2025-10-21,11,ハムカツサンド,1142.61,1371,297.0,339355.0
2025-10-21,11,◎たまご蒸しパン４個入,1142.61,1371,172.0,196529.0
2025-10-21,11,しゃりぷにょ梅グミ,1142.61,1371,170.0,194244.0
2025-10-21,11,もちゅグミ温州みかん味,1142.61,1371,184.0,210240.0
2025-10-21,11,むちもっちバナナグミ,1142.61,1371,180.0,205670.0
2025-10-21,11,プリン！？シュー,1142.61,1371,138.0,157680.0
2025-10-21,11,◎ジュワっとしたチーズ塩,1142.61,1371,139.0,158823.0
2025-10-21,11,たっぷりハムサンド,1142.61,1371,323.0,369063.0
2025-10-21,11,野菜生活マスカット,1142.61,1371,118.0,134828.0
2025-10-21,11,◎たっぷりマロンクリーム,1142.61,1371,147.0,167964.0
2025-10-21,11,◎生スコーン６個入（スイ,1142.61,1371,172.0,196529.0
2025-10-21,11,モンブランのサンダー,1142.61,1371,50.0,57130.0
2025-10-21,11,にじピグチップスうすしお,1142.61,1371,230.0,262800.0
2025-10-21,11,◎バウムクーヘン（４）,1142.61,1371,239.0,273084.0
2025-10-21,11,ブルーベリーサンド,1142.61,1371,195.0,222809.0
2025-10-21,11,ハガキフリー,1142.61,1371,200.0,228522.0
2025-10-21,11,ＢＩＯ　ブルーベリーミッ,1142.61,1371,168.0,191958.0
2025-10-21,11,半熟玉子冷ぶっかけうどん,1142.61,1371,399.0,455901.0
2025-10-21,11,ヴイックスのど飴シトラス,1142.61,1371,238.0,271941.0
2025-10-21,11,多当　　御見舞,1142.61,1371,87.0,99407.0
2025-10-21,11,しゃり蔵ザクザクッラー油,1142.61,1371,120.0,137113.0
2025-10-21,11,赤肉メロンミルク,1142.61,1371,267.0,305077.0
2025-10-21,11,完熟トマトベーコンパスタ,1142.61,1371,536.0,612439.0
2025-10-21,11,ＰＧスイートチリＳ缶,1142.61,1371,168.0,191958.0
2025-10-21,11,唐揚巻（マヨネーズ付）,1142.61,1371,462.0,527886.0
2025-10-21,11,クリーム＆コーヒーゼリー,1142.61,1371,135.0,154252.0
2025-10-21,11,ＵＳＢ－Ｃ電池式６本,1142.61,1371,1800.0,2056698.0
2025-10-21,11,甜面醤の旨ジャージャー麺,1142.61,1371,499.0,570162.0
2025-10-21,11,パリジャンサンドチキンべ,1142.61,1371,350.0,399913.0
2025-10-21,11,ケントＮＳスムースＦ,1142.61,1371,500.0,571305.0
2025-10-21,11,スパイシーチキン野菜サラ,1142.61,1371,554.0,633006.0
2025-10-21,11,充電器５０００ｍＡｈ,1142.61,1371,2982.0,3407263.0
2025-10-21,11,キャラパキ発掘恐竜,1142.61,1371,110.0,125687.0
2025-10-21,11,食べマスおぱんちゅうさぎ,1142.61,1371,350.0,399913.0
2025-10-21,11,海老マヨネーズおむすび,1142.61,1371,239.0,273084.0
2025-10-21,11,さけるグミハロウィン,1142.61,1371,120.0,137113.0
2025-10-21,11,◎シャルドネ香るティー,1142.61,1371,110.0,125687.0
2025-10-21,11,スニッカーズハーフＳアー,1142.61,1371,158.0,180532.0
2025-10-21,11,大きな　肉そぼろ卵黄ソー,1142.61,1371,297.0,339355.0
2025-10-21,11,ヱビス和奏３５０,1142.61,1371,272.0,310790.0
2025-10-21,11,タフグミＰＲＯローヤル,1142.61,1371,359.0,410197.0
2025-10-21,11,ヴァルトメンソールＣＬ,1142.61,1371,528.0,603298.0
2025-10-21,11,グロー・ヒーロ・ルビー,1142.61,1371,3619.0,4135106.0
2025-10-21,11,◎サクサク食感のミニチ５,1142.61,1371,184.0,210240.0
2025-10-21,11,ＧＯＤＩＶＡドリンク,1142.61,1371,397.0,453616.0
2025-10-21,11,伝説のケバブ風味ポテトＣ,1142.61,1371,193.0,220524.0
2025-10-21,11,北海道なまらでっかいシュ,1142.61,1371,315.0,359922.0
2025-10-21,11,クラッシュ蒟蒻畑みかん味,1142.61,1371,183.0,209098.0
2025-10-21,11,ＦＭオリジナル安食ロール,1142.61,1371,369.0,421623.0
2025-10-21,11,レッツハロウィンつぶグミ,1142.61,1371,158.0,180532.0
2025-10-21,11,◎ピリ辛明太フランス（か,1142.61,1371,135.0,154252.0
2025-10-21,11,◎和風ツナパン,1142.61,1371,135.0,154252.0
2025-10-21,11,ハラペーニョチキンチェダ,1142.61,1371,443.0,506176.0
2025-10-21,11,全粒粉サラダチキンとハム,1142.61,1371,369.0,421623.0
2025-10-21,11,◎ピスタチオいちごケーキ,1142.61,1371,230.0,262800.0
2025-10-21,11,焼ベーコン寿司,1142.61,1371,230.0,262800.0
2025-10-21,11,ちいかわ黒猫ミニバッグ,1142.61,1371,1000.0,1142610.0
2025-10-21,11,ごろっと白桃ケーキ,1142.61,1371,297.0,339355.0
2025-10-21,11,さくふわきなこもちぼーる,1142.61,1371,150.0,171391.0
2025-10-21,11,◎白生コッペパン（レアチ,1142.61,1371,153.0,174819.0
2025-10-21,11,秋のフルーツこれ一本,1142.61,1371,118.0,134828.0
2025-10-21,11,◎キャラメルバニラメロン,1142.61,1371,172.0,196529.0
2025-10-21,11,３１マスコットつきグミ２,1142.61,1371,350.0,399913.0
2025-10-21,11,◎ショコラクッキー,1142.61,1371,212.0,242233.0
2025-10-21,11,ピュレグミＰふじりんご,1142.61,1371,180.0,205670.0
2025-10-21,11,たぬきおむすび,1142.61,1371,138.0,157680.0
2025-10-21,11,わた雪みたいなレアチーズ,1142.61,1371,315.0,359922.0
2025-10-21,11,スイートポテトスティック,1142.61,1371,212.0,242233.0
2025-10-21,11,ハリボープリマヴェーラ,1142.61,1371,198.0,226237.0
2025-10-21,11,ザバスミルクキャラメル,1142.61,1371,222.0,253659.0
2025-10-21,11,パーラメントＥＸＬ１００,1142.61,1371,564.0,644432.0
2025-10-21,11,チャーシュー冷しまぜそば,1142.61,1371,599.0,684423.0
2025-10-21,11,氷結無糖ゆずＳＰ３５０,1142.61,1371,168.0,191958.0
2025-10-21,11,スティックモンブラン,1142.61,1371,249.0,284510.0
2025-10-21,11,１９６無糖ピンクＧＦ３５,1142.61,1371,161.0,183960.0
2025-10-21,11,◎アールグレイクロワッサ,1142.61,1371,172.0,196529.0
2025-10-21,11,ラーメン荘　豚ラーメン,1142.61,1371,647.0,739269.0
2025-10-21,11,◎ハムチーズデニッシュ４,1142.61,1371,184.0,210240.0
2025-10-21,11,ヴァルトダークタバコ,1142.61,1371,528.0,603298.0
2025-10-21,11,ヴァルトメロンクリック,1142.61,1371,528.0,603298.0
2025-10-21,11,ドラキュラへんしんグミ,1142.61,1371,350.0,399913.0
2025-10-21,11,わさびいなり寿司,1142.61,1371,178.0,203385.0
2025-10-21,11,ちいかわ花占いグミ,1142.61,1371,230.0,262800.0
2025-10-21,11,ねぎ塩チキン醤油まぶし飯,1142.61,1371,555.0,634149.0
2025-10-21,11,紫いもミルクティー,1142.61,1371,190.0,217096.0
2025-10-21,11,ＢＳラーメン柿の種ミック,1142.61,1371,110.0,125687.0
2025-10-21,11,焼まろん,1142.61,1371,215.0,245661.0
2025-10-21,11,ウィルキンソンＥＸ　ＧＦ,1142.61,1371,117.0,133685.0
2025-10-21,11,ミンティア瀬戸田レモン,1142.61,1371,105.0,119974.0
2025-10-21,11,北海道リッチミルクプリン,1142.61,1371,399.0,455901.0
2025-10-21,11,焼ほし芋,1142.61,1371,195.0,222809.0
2025-10-21,11,冷しすだちおろしうどん,1142.61,1371,510.0,582731.0
2025-10-21,11,テリヤキチキンのサラダ,1142.61,1371,397.0,453616.0
2025-10-21,11,和牛カラムーチョわさび,1142.61,1371,155.0,177105.0
2025-10-21,11,きのことベーコンのドリア,1142.61,1371,526.0,601013.0
2025-10-21,11,ｂｉｔｌｏｔガンダム,1142.61,1371,680.0,776975.0
2025-10-21,11,ポケカメガゲンガーｅｘ,1142.61,1371,1637.0,1870453.0
2025-10-21,11,ポケカメガディアンシー,1142.61,1371,1637.0,1870453.0
2025-10-21,11,◎トマトコンソメスープ,1142.61,1371,350.0,399913.0
2025-10-21,11,◎４種きのこクリームスー,1142.61,1371,426.0,486752.0
2025-10-21,11,Ａｐｐｌｅチャージ,1142.61,1371,10500.0,11997405.0
2025-10-21,11,ＨＷ変顔キャンディ,1142.61,1371,400.0,457044.0
2025-10-21,11,週末版ジャパンタイムズ,1142.61,1371,364.0,415910.0
2025-10-21,11,魚ギョッと釣りグミ,1142.61,1371,70.0,79983.0
2025-10-21,11,じゃりむちグミピーチＳ,1142.61,1371,175.0,199957.0
2025-10-21,11,スターバックス　ブラック,1142.61,1371,168.0,191958.0
2025-10-21,11,フリスクＦＦみかん,1142.61,1371,278.0,317646.0
2025-10-21,11,アップルパンチ３５０,1142.61,1371,161.0,183960.0
2025-10-21,11,山ちゃん監修　海老天むす,1142.61,1371,276.0,315360.0
2025-10-21,11,スヌーピークッキーサンド,1142.61,1371,369.0,421623.0
2025-10-21,11,◎塩バターケーキタルト,1142.61,1371,147.0,167964.0
2025-10-21,11,ＳＰＡＭ　玉子焼き明太子,1142.61,1371,369.0,421623.0
2025-10-21,11,ヴァルトＩメンソールＣＬ,1142.61,1371,528.0,603298.0
2025-10-21,11,スターバックスカフェラテ,1142.61,1371,178.0,203385.0
2025-10-21,11,グローＨＧブラック,1142.61,1371,1346.0,1537953.0
2025-10-21,11,ガイコツグミグレープ味,1142.61,1371,230.0,262800.0
2025-10-21,11,モンストロマーブルガム,1142.61,1371,100.0,114261.0
2025-10-21,11,ぷっちょ袋ＨＷアソート,1142.61,1371,210.0,239948.0
2025-10-21,11,宇都宮線・高崎線チップス,1142.61,1371,156.0,178247.0
2025-10-21,11,つくねおむすび,1142.61,1371,276.0,315360.0
2025-10-21,11,ヴァルトＩベリークリック,1142.61,1371,528.0,603298.0
2025-10-21,11,おーいお茶濃茶ストロング,1142.61,1371,158.0,180532.0
2025-10-21,11,ちぎれるブリオッシュパン,1142.61,1371,147.0,167964.0
2025-10-21,11,鮭金ごまおむすび,1142.61,1371,139.0,158823.0
2025-10-21,11,ピュレグミラ・フランス,1142.61,1371,150.0,171391.0
2025-10-21,11,チュッパサワーバイトグミ,1142.61,1371,158.0,180532.0
2025-10-21,11,味付海苔　ベーコンマヨ,1142.61,1371,184.0,210240.0
2025-10-21,11,バナナカスタードブリュレ,1142.61,1371,350.0,399913.0
2025-10-21,11,◎生コッペパン（オムナポ,1142.61,1371,184.0,210240.0
2025-10-21,11,◎伊右衛門　濃い緑茶,1142.61,1371,121.0,138256.0
2025-10-21,11,チョコクリームたい焼き,1142.61,1371,176.0,201099.0
2025-10-21,11,専スヌーピーチョコドーナ,1142.61,1371,156.0,178247.0
2025-10-21,11,ヴァルトベリークリック,1142.61,1371,528.0,603298.0
2025-10-21,11,鶏天うどん,1142.61,1371,599.0,684423.0
2025-10-21,11,チキンカツサンド,1142.61,1371,399.0,455901.0
2025-10-21,11,ルーシーのレモネード,1142.61,1371,184.0,210240.0
2025-10-21,11,ブルガリアＹＯさくらんぼ,1142.61,1371,195.0,222809.0
2025-10-21,11,たべっ子ラムネみかん,1142.61,1371,150.0,171391.0
2025-10-21,11,さつまりこ焼きいも,1142.61,1371,185.0,211383.0
2025-10-21,11,◎焦がしバターのクロワッ,1142.61,1371,121.0,138256.0
2025-10-21,11,モッチ生ドーナツ生チョコ,1142.61,1371,184.0,210240.0
2025-10-21,11,カンデミーナＳＰベスト,1142.61,1371,200.0,228522.0
2025-10-21,11,ＦチャーリーＢロール,1142.61,1371,165.0,188531.0
2025-10-21,11,ルックア・ラ・モード,1142.61,1371,200.0,228522.0
2025-10-21,11,ルックホワイトラバーズ,1142.61,1371,200.0,228522.0
2025-10-21,11,くりーむパン　和栗,1142.61,1371,269.0,307362.0
2025-10-21,11,Ｐルックシャインマスカッ,1142.61,1371,270.0,308505.0
2025-10-21,11,海老とブロッコリーロール,1142.61,1371,369.0,421623.0
2025-10-21,11,かぶり寿司　旨辛唐揚げ巻,1142.61,1371,283.0,323359.0
2025-10-21,11,Ｐルック生キャラメル,1142.61,1371,270.0,308505.0
2025-10-21,11,来来亭監修　冷し中華,1142.61,1371,554.0,633006.0
2025-10-21,11,野菜生活Ｓアサイーバナナ,1142.61,1371,178.0,203385.0
2025-10-21,11,ポテトＣ感謝のほたてしお,1142.61,1371,157.0,179390.0
2025-10-21,11,ぷっちょＳＴ有田みかん,1142.61,1371,118.0,134828.0
2025-10-21,11,ａｍｉ活ゼリーピングレ味,1142.61,1371,210.0,239948.0
2025-10-21,11,ベーコンとレタスのサラダ,1142.61,1371,332.0,379347.0
2025-10-21,11,カカオ味わうショコララテ,1142.61,1371,230.0,262800.0
2025-10-21,11,スッパイマンちいかわ一番,1142.61,1371,200.0,228522.0
2025-10-21,11,天津あんかけ焼そば,1142.61,1371,554.0,633006.0
2025-10-21,11,ヴァルトミントクリック,1142.61,1371,528.0,603298.0
2025-10-21,11,生パスタ　カルボナーラ,1142.61,1371,499.0,570162.0
2025-10-21,11,プルームオーラＪブラック,1142.61,1371,2710.0,3096473.0
2025-10-21,11,帆立と鰹の昆布水つけ麺,1142.61,1371,600.0,685566.0
2025-10-21,11,秋のフルーツスムージー,1142.61,1371,193.0,220524.0
2025-10-21,11,Ｗ・Ｃホワイト５・１０Ｐ,1142.61,1371,4910.0,5610215.0
2025-10-21,11,ＧＰｌａｙ１００００,1142.61,1371,10000.0,11426100.0
2025-10-21,11,白身フライごはん,1142.61,1371,276.0,315360.0
2025-10-21,11,カルピス　Ｐグレープ,1142.61,1371,170.0,194244.0
2025-10-21,11,◎なすトマトソースグラタ,1142.61,1371,508.0,580446.0
2025-10-21,11,０１：ＢＥ：ＦＩＲＳＴ,1142.61,1371,0.0,0.0
2025-10-21,11,コミック乱ツインズ,1142.61,1371,528.0,603298.0
2025-10-21,11,いなり寿司５ヶ入,1142.61,1371,443.0,506176.0
2025-10-21,11,◎根菜入つくね和風スープ,1142.61,1371,406.0,463900.0
2025-10-21,11,もち明太チーズドリア,1142.61,1371,491.0,561022.0
2025-10-21,11,シングルモルト山崎１８０,1142.61,1371,1950.0,2228090.0
2025-10-21,11,グミチョコボールぶどう味,1142.61,1371,199.0,227379.0
2025-10-21,11,Ｈ綾鷹,1142.61,1371,128.0,146254.0
2025-10-21,11,Ｈ伊右衛門５００,1142.61,1371,138.0,157680.0
2025-10-21,11,堅あげポテト鬼旨ブラック,1142.61,1371,190.0,217096.0
2025-10-21,11,三陸産わかめおむすび,1142.61,1371,139.0,158823.0
2025-10-21,11,大きな　チキンとタルタル,1142.61,1371,304.0,347353.0
2025-10-21,11,サンドおむすび炙り焼チキ,1142.61,1371,352.0,402199.0
2025-10-21,11,ベースブレッドさつまいも,1142.61,1371,260.0,297079.0
2025-10-21,11,伊右衛門　京都サイダー,1142.61,1371,158.0,180532.0
2025-10-21,11,紅はるかのスイートポテト,1142.61,1371,264.0,301649.0
2025-10-21,11,スイートポテトロール,1142.61,1371,276.0,315360.0
2025-10-21,11,◎どかっと満足パン（ベー,1142.61,1371,230.0,262800.0
2025-10-21,11,掘って発見スイートポテト,1142.61,1371,341.0,389630.0
2025-10-21,11,メントスＤＵＯブラッドオ,1142.61,1371,163.0,186245.0
2025-10-21,11,カジッテミカン＆レモン,1142.61,1371,228.0,260515.0
2025-10-21,11,大盛！野菜スティック,1142.61,1371,369.0,421623.0
2025-10-21,11,スーパー大麦　梅ひじき,1142.61,1371,175.0,199957.0
2025-10-21,11,野菜生活北海道メロン,1142.61,1371,138.0,157680.0
2025-10-21,11,おーいお茶濃い茶１Ｌ,1142.61,1371,176.0,201099.0
2025-10-21,11,カジッテグレープ＆マスカ,1142.61,1371,228.0,260515.0
2025-10-21,11,生パスタ海老トマトクリム,1142.61,1371,508.0,580446.0
2025-10-21,11,◎スイートポテトタルトデ,1142.61,1371,158.0,180532.0
2025-10-21,11,青磯海苔　まぐろたたき,1142.61,1371,199.0,227379.0
2025-10-21,11,◎スイートポテト蒸しケ４,1142.61,1371,176.0,201099.0
2025-10-21,11,まいたけおこわ,1142.61,1371,185.0,211383.0
2025-10-21,11,◎どかっとパン（テリマヨ,1142.61,1371,135.0,154252.0
2025-10-21,11,鎌倉コロッケサンド,1142.61,1371,297.0,339355.0
2025-10-21,11,◎生フランスパン（おいも,1142.61,1371,156.0,178247.0
2025-10-21,11,◎おいものパウンドケーキ,1142.61,1371,167.0,190816.0
2025-10-21,11,ワイルドターキーＨＢ３５,1142.61,1371,238.0,271941.0
2025-10-21,11,サラダチキンのサラダ,1142.61,1371,239.0,273084.0
2025-10-21,11,ハムチーズとツナサンド,1142.61,1371,323.0,369063.0
2025-10-21,11,◎はちみつすいーとぽてと,1142.61,1371,176.0,201099.0
2025-10-21,11,ロリポップＣちいかわ黒猫,1142.61,1371,300.0,342783.0
2025-10-21,11,◎おいものマドレーヌ,1142.61,1371,167.0,190816.0
2025-10-21,11,シャンゴ監修　ベスビオ,1142.61,1371,582.0,664999.0
2025-10-21,11,ポケカ拡張　ロケット団,1142.61,1371,164.0,187388.0
2025-10-21,11,手巻寿司　３種のねばねば,1142.61,1371,190.0,217096.0
2025-10-21,11,グミチョコボール苺,1142.61,1371,199.0,227379.0
2025-10-21,11,増量３色そぼろ＆チキン南,1142.61,1371,580.0,662714.0
2025-10-21,11,◎紅はるかのおいもチップ,1142.61,1371,198.0,226237.0
2025-10-21,11,お手軽！冷しぶっかけそば,1142.61,1371,276.0,315360.0
2025-10-21,11,極上はちみつ紅茶Ｃ小袋,1142.61,1371,125.0,142826.0
2025-10-21,11,福かまど　べこ餅,1142.61,1371,165.0,188531.0
2025-10-21,11,ねぎたっぷり！豚肉そば,1142.61,1371,554.0,633006.0
2025-10-21,11,ヱビスビール３５０,1142.61,1371,254.0,290223.0
2025-10-21,11,Ｃ玄米プラス　アーモンド,1142.61,1371,180.0,205670.0
2025-10-21,11,お月見タルト　カスタード,1142.61,1371,276.0,315360.0
2025-10-21,11,爽健美茶　６００,1142.61,1371,158.0,180532.0
2025-10-21,11,鳴門金時ラテ,1142.61,1371,267.0,305077.0
2025-10-21,11,ｉｎゼリーＶカロリーゼロ,1142.61,1371,210.0,239948.0
2025-10-21,11,ヘパリーゼＷハイパー,1142.61,1371,380.0,434192.0
2025-10-21,11,増量特製ダレの炙り焼牛カ,1142.61,1371,625.0,714131.0
2025-10-21,11,増量明太海苔弁当,1142.61,1371,555.0,634149.0
2025-10-21,11,ヤクルトＹ１０００,1142.61,1371,150.0,171391.0
2025-10-21,11,クラッシュ蒟蒻畑ぶどう味,1142.61,1371,183.0,209098.0
2025-10-21,11,ブルガリアＹＯブルーベ,1142.61,1371,168.0,191958.0
2025-10-21,11,ビューティチャージハニー,1142.61,1371,548.0,626150.0
2025-10-21,11,ミックスアイスプラス,1142.61,1371,464.0,530171.0
2025-10-21,11,ＡｐｐｌｅＧＣ＿１万,1142.61,1371,10000.0,11426100.0
2025-10-21,11,馬サブロー,1142.61,1371,500.0,571305.0
2025-10-21,11,コロロ二十世紀梨,1142.61,1371,148.0,169106.0
2025-10-21,11,海老とあさりのスパゲティ,1142.61,1371,499.0,570162.0
2025-10-21,11,ライフガード５００,1142.61,1371,150.0,171391.0
2025-10-21,11,ブロックロス　ユニコーン,1142.61,1371,1700.0,1942437.0
2025-10-21,11,Ｈジョージア　カフェラテ,1142.61,1371,148.0,169106.0
2025-10-21,11,サッポロラガービール３５,1142.61,1371,216.0,246804.0
2025-10-21,11,手巻　チャーシューマヨ,1142.61,1371,185.0,211383.0
2025-10-21,11,大きなおむすび　鮭昆布,1142.61,1371,239.0,273084.0
2025-10-21,11,だし醤油まぶし飯海苔佃煮,1142.61,1371,156.0,178247.0
2025-10-21,11,忍者めし鉄の鎧グレープ味,1142.61,1371,160.0,182818.0
2025-10-21,11,ＢＳラーメン丸銀だこ,1142.61,1371,160.0,182818.0
2025-10-21,11,フェットチーネマスカット,1142.61,1371,112.0,127972.0
2025-10-21,11,ラインＳ２５秋の色黒小,1142.61,1371,390.0,445618.0
2025-10-21,11,ミルクブッセ,1142.61,1371,93.0,106263.0
2025-10-21,11,コーヒーブッセ,1142.61,1371,93.0,106263.0
2025-10-21,11,Ｈ伊右衛門焙じ茶,1142.61,1371,138.0,157680.0
2025-10-21,11,Ｈジョージア　ブラック,1142.61,1371,138.0,157680.0
2025-10-21,11,カフェオレクリームサンド,1142.61,1371,121.0,138256.0
2025-10-21,11,キレートレモンクエン酸,1142.61,1371,175.0,199957.0
2025-10-21,11,チョコパイとろ甘キャラメ,1142.61,1371,138.0,157680.0
2025-10-21,11,午後フルーツティ白ぶどう,1142.61,1371,158.0,180532.0
2025-10-21,11,午後フルーツティオレンジ,1142.61,1371,158.0,180532.0
2025-10-21,11,チョコパイほろ苦ダークカ,1142.61,1371,138.0,157680.0
2025-10-21,11,ガルボほろにがブラックＰ,1142.61,1371,175.0,199957.0
2025-10-21,11,スイートポテト＆ホイップ,1142.61,1371,348.0,397628.0
2025-10-21,11,白玉入りお芋のどら焼き,1142.61,1371,195.0,222809.0
2025-10-21,11,ピザサンド　さつまいも,1142.61,1371,306.0,349639.0
2025-10-21,11,カフェラッテクリーミーラ,1142.61,1371,181.0,206812.0
2025-10-21,11,ふわしゅわショコラスフレ,1142.61,1371,258.0,294793.0
2025-10-21,11,◎クロワッサンワッフル,1142.61,1371,167.0,190816.0
2025-10-21,11,ジャックジンジャーＨＢ３,1142.61,1371,210.0,239948.0
2025-10-21,11,たまご＆海老ブロサンド,1142.61,1371,348.0,397628.0
2025-10-21,11,◎チーズインてりやきバー,1142.61,1371,184.0,210240.0
2025-10-21,11,のむココナッツ杏仁,1142.61,1371,276.0,315360.0
2025-10-21,11,たまごっち　まんまる焼き,1142.61,1371,232.0,265086.0
2025-10-21,11,大粒ラムネ濃い果実ぶどう,1142.61,1371,133.0,151967.0
2025-10-21,11,ブロックロスジークアクス,1142.61,1371,1700.0,1942437.0
2025-10-21,11,サンド寿司サーモンチーズ,1142.61,1371,332.0,379347.0
2025-10-21,11,ダースミルク,1142.61,1371,191.0,218239.0
2025-10-21,11,ショコラキャラメルタルト,1142.61,1371,230.0,262800.0
2025-10-21,11,大きなつくねの醤油パスタ,1142.61,1371,510.0,582731.0
2025-10-21,11,コーンのバター醤油パスタ,1142.61,1371,426.0,486752.0
2025-10-21,11,◎グリルＣヨシダテリヤキ,1142.61,1371,232.0,265086.0
2025-10-21,11,スプバレ豊潤ラガー３５０,1142.61,1371,245.0,279939.0
2025-10-21,11,ハリボーハッピーグレープ,1142.61,1371,198.0,226237.0
2025-10-21,11,野菜を食べよう　タンメン,1142.61,1371,554.0,633006.0
2025-10-21,11,たべっ子グミグレープ＆マ,1142.61,1371,200.0,228522.0
2025-10-21,11,バヤリース果実のど飴,1142.61,1371,220.0,251374.0
2025-10-21,11,豚焼肉弁当（マヨネーズ付,1142.61,1371,499.0,570162.0
2025-10-21,11,ｈａｎａキンモクセイ,1142.61,1371,698.0,797542.0
2025-10-21,11,ちいかわひやキャラ,1142.61,1371,280.0,319931.0
2025-10-21,11,４Ｄグミサンリオキャラ,1142.61,1371,180.0,205670.0
2025-10-21,11,オイコス　ピーチ,1142.61,1371,189.0,215953.0
2025-10-21,11,サンリオグミチュアチャー,1142.61,1371,350.0,399913.0
2025-10-21,11,ブラックサンダー至福のバ,1142.61,1371,60.0,68557.0
2025-10-21,11,その他４口座売上,1142.61,1371,164.0,187388.0
2025-10-21,11,１日分Ｖゼリーピーチ,1142.61,1371,218.0,249089.0
2025-10-21,11,うるおいトラベルセット,1142.61,1371,1680.0,1919585.0
2025-10-21,11,ポップアップス！ハチワレ,1142.61,1371,390.0,445618.0
2025-10-21,11,ポップアップス！うさぎ,1142.61,1371,390.0,445618.0
2025-10-21,11,コロロ巨峰,1142.61,1371,148.0,169106.0
2025-10-21,11,◎ロングデニッシュ（バタ,1142.61,1371,121.0,138256.0
2025-10-21,11,麻辣湯（はるさめ麺）,1142.61,1371,554.0,633006.0
2025-10-21,11,◎ふくちゃん豚骨どんぶり,1142.61,1371,297.0,339355.0
2025-10-21,11,ポケカ拡張インフェルノ,1142.61,1371,164.0,187388.0
2025-10-21,11,５種チーズのドリア,1142.61,1371,499.0,570162.0
2025-10-21,11,新金封　結ちどり,1142.61,1371,500.0,571305.0
2025-10-21,11,チップスターＳバター味,1142.61,1371,158.0,180532.0
2025-10-21,11,レンジかき揚げそば,1142.61,1371,462.0,527886.0
2025-10-21,11,モッチュＳマスカット,1142.61,1371,148.0,169106.0
2025-10-21,11,まるごと和なしのど飴小袋,1142.61,1371,128.0,146254.0
2025-10-21,11,ガルボ紫いもＰＫＰ,1142.61,1371,175.0,199957.0
2025-10-21,11,クランキーＰＪストロベリ,1142.61,1371,175.0,199957.0
2025-10-21,11,漬けぶりおむすび,1142.61,1371,249.0,284510.0
2025-10-21,11,ライオンコーヒーブラック,1142.61,1371,168.0,191958.0
2025-10-21,11,ライオンコーヒカフェオレ,1142.61,1371,178.0,203385.0
2025-10-21,11,◎芋きんつば,1142.61,1371,184.0,210240.0
2025-10-21,11,たっぷりコーンマヨネーズ,1142.61,1371,297.0,339355.0
2025-10-21,11,◎肉たっぷり７種具材豚汁,1142.61,1371,369.0,421623.0
2025-10-21,11,Ｐガーナトリュフキャラメ,1142.61,1371,325.0,371348.0
2025-10-21,11,マミー風味シュークリーム,1142.61,1371,167.0,190816.0
2025-10-21,11,背徳　月見台湾風まぜそば,1142.61,1371,647.0,739269.0
2025-10-21,11,メキシカンチキン雑穀,1142.61,1371,462.0,527886.0
2025-10-21,11,森永れん乳風味クレープ,1142.61,1371,239.0,273084.0
2025-10-21,11,◎ふわもち食感のメープル,1142.61,1371,135.0,154252.0
2025-10-21,11,ライトニング電池充電器,1142.61,1371,2164.0,2472608.0
2025-10-21,11,大きな　月見おむすびマヨ,1142.61,1371,304.0,347353.0
2025-10-21,11,あなご寿司,1142.61,1371,255.0,291366.0
2025-10-21,11,とろ生おいもチーズケーキ,1142.61,1371,230.0,262800.0
2025-10-21,11,きつねおむすび,1142.61,1371,147.0,167964.0
2025-10-21,11,チキンチェダーたまご,1142.61,1371,452.0,516460.0
2025-10-21,11,◎ミニベーコンピザパン４,1142.61,1371,212.0,242233.0
2025-10-21,11,◎ミルクツイスト３本入,1142.61,1371,144.0,164536.0
2025-10-21,11,◎ルイボスティー６００,1142.61,1371,110.0,125687.0
2025-10-21,11,野菜生活青森りんご,1142.61,1371,118.0,134828.0
2025-10-21,11,専おかず全部乗せ！お弁当,1142.61,1371,323.0,369063.0
2025-10-21,11,１９６無糖３種の果実３５,1142.61,1371,161.0,183960.0
2025-10-21,11,◎生コッペパン（モンブラ,1142.61,1371,135.0,154252.0
2025-10-21,11,月見うさぎ,1142.61,1371,90.0,102835.0
2025-10-21,11,◎芋あん豆大福,1142.61,1371,165.0,188531.0
2025-10-21,11,エナジーの塊,1142.61,1371,199.0,227379.0
2025-10-21,11,ちいかわチャームグミ,1142.61,1371,380.0,434192.0
2025-10-21,11,◎ロングスティックパン（,1142.61,1371,158.0,180532.0
2025-10-21,11,いちごドーナツ棒１本,1142.61,1371,74.0,84553.0
2025-10-21,11,マカダミアチョコ沖縄黒糖,1142.61,1371,333.0,380489.0
2025-10-21,11,カフェラッテ,1142.61,1371,181.0,206812.0
2025-10-21,11,グミっちょ夕張メロン,1142.61,1371,238.0,271941.0
2025-10-21,11,◎ボロネーゼ風ラザニア,1142.61,1371,369.0,421623.0
2025-10-21,11,ガパオまぜごはん,1142.61,1371,163.0,186245.0
2025-10-21,11,今治ＴＨ斜ＳＴ　Ｔ紺,1142.61,1371,600.0,685566.0
2025-10-21,11,ＳＤドライクリスタル３５,1142.61,1371,216.0,246804.0
2025-10-21,11,◎ふわふわアソートリン４,1142.61,1371,193.0,220524.0
2025-10-21,11,月見チーズバーガー,1142.61,1371,399.0,455901.0
2025-10-21,11,厚切りロースカツサンド,1142.61,1371,426.0,486752.0
2025-10-21,11,きのこの山ポケットパック,1142.61,1371,161.0,183960.0
2025-10-21,11,暴君ハバネロ１５０粒ハバ,1142.61,1371,176.0,201099.0
2025-10-21,11,Ｈ午後の紅茶ミルクティー,1142.61,1371,159.0,181675.0
2025-10-21,11,たけのこの里ＰＫＰ,1142.61,1371,161.0,183960.0
2025-10-21,12,しらすおむすび,1134.02,1361,165.0,187113.0
2025-10-21,12,Ｍアーモンドチョコレート,1134.02,1361,305.0,345876.0
2025-10-21,12,龍角散ののどすっきりタブ,1134.02,1361,200.0,226804.0
2025-10-21,12,忍者めし鋼グレープ味,1134.02,1361,148.0,167835.0
2025-10-21,12,◎もちもちくるみパン,1134.02,1361,128.0,145155.0
2025-10-21,12,ｉｎゼリーエネルギー,1134.02,1361,210.0,238144.0
2025-10-21,12,◎白生クロワッサン（ダブ,1134.02,1361,156.0,176907.0
2025-10-21,12,モンスター　リッパー,1134.02,1361,213.0,241546.0
2025-10-21,12,◎レモン香るティーソーダ,1134.02,1361,130.0,147423.0
2025-10-21,12,カルピス　ひんやりライチ,1134.02,1361,160.0,181443.0
2025-10-21,12,カルピスウォーター５００,1134.02,1361,160.0,181443.0
2025-10-21,12,トロピカーナアップル,1134.02,1361,120.0,136082.0
2025-10-21,12,ミンティアＢカルピス,1134.02,1361,211.0,239278.0
2025-10-21,12,◎ボディＰレモンミント,1134.02,1361,350.0,396907.0
2025-10-21,12,薬用リップスティック,1134.02,1361,299.0,339072.0
2025-10-21,12,さらさらシートクール,1134.02,1361,295.0,334536.0
2025-10-21,12,◎のむＹＧアサイーボウル,1134.02,1361,184.0,208660.0
2025-10-21,12,Ｚｅｒｏシート携帯,1134.02,1361,328.0,371959.0
2025-10-21,12,レッドブルエナジー２５０,1134.02,1361,198.0,224536.0
2025-10-21,12,ペパーミント１００ＭＬ,1134.02,1361,200.0,226804.0
2025-10-21,12,ヘアリングゴム黒,1134.02,1361,200.0,226804.0
2025-10-21,12,１日分鉄分のむヨーグルト,1134.02,1361,145.0,164433.0
2025-10-21,12,ザバスミルクココア風味,1134.02,1361,181.0,205258.0
2025-10-21,12,イーラインマスクベージュ,1134.02,1361,299.0,339072.0
2025-10-21,12,ブルガリアＹＯ　苺,1134.02,1361,158.0,179175.0
2025-10-21,12,◎カフェラテレギュラー,1134.02,1361,181.0,205258.0
2025-10-21,12,金のミルクキャンディ,1134.02,1361,221.0,250618.0
2025-10-21,12,ミンティアＢリフレッシュ,1134.02,1361,211.0,239278.0
2025-10-21,12,邪払のど飴,1134.02,1361,258.0,292577.0
2025-10-21,12,◎生コッペパン（たまご）,1134.02,1361,128.0,145155.0
2025-10-21,12,キレートクエン酸ゼリー,1134.02,1361,210.0,238144.0
2025-10-21,12,◎もっち歩き（チョコ）,1134.02,1361,125.0,141752.0
2025-10-21,12,ミンティアワイルド＆クー,1134.02,1361,105.0,119072.0
2025-10-21,12,アーモンドＣ香ばしＰＪ,1134.02,1361,175.0,198454.0
2025-10-21,12,ミンティアＢクリスタル,1134.02,1361,211.0,239278.0
2025-10-21,12,ブラックＴひとくちサイズ,1134.02,1361,120.0,136082.0
2025-10-21,12,ジャムグミいちご,1134.02,1361,182.0,206392.0
2025-10-21,12,ぷにキャラグミちいかわ,1134.02,1361,218.0,247216.0
2025-10-21,12,ソルベットグミ白桃味,1134.02,1361,140.0,158763.0
2025-10-21,12,つぶグミカタイソーダ,1134.02,1361,168.0,190515.0
2025-10-21,12,たべっ子グミパイナップル,1134.02,1361,200.0,226804.0
2025-10-21,12,おとうふくんグミ,1134.02,1361,161.0,182577.0
2025-10-21,12,あの日夢見た雲グミ,1134.02,1361,171.0,193917.0
2025-10-21,12,ピュレグミなつももソーダ,1134.02,1361,150.0,170103.0
2025-10-21,12,ポケぷに,1134.02,1361,218.0,247216.0
2025-10-21,12,龍角散のど飴ｍａｘＳＴ,1134.02,1361,160.0,181443.0
2025-10-21,12,忍者めし巨峰,1134.02,1361,125.0,141752.0
2025-10-21,12,即攻元気ゼリー,1134.02,1361,204.0,231340.0
2025-10-21,12,龍角散のど飴スティック,1134.02,1361,140.0,158763.0
2025-10-21,12,のど飴,1134.02,1361,124.0,140618.0
2025-10-21,12,忍者めし鋼マスカット味,1134.02,1361,148.0,167835.0
2025-10-21,12,◎ドライマンゴー,1134.02,1361,276.0,312990.0
2025-10-21,12,◎カリカリ梅無着色小袋,1134.02,1361,184.0,208660.0
2025-10-21,12,大粒ラムネ,1134.02,1361,133.0,150825.0
2025-10-21,12,牛乳パン,1134.02,1361,230.0,260825.0
2025-10-21,12,１本満足プロテイン　ＷＴ,1134.02,1361,171.0,193917.0
2025-10-21,12,シルキータッチ大きめ,1134.02,1361,398.0,451340.0
2025-10-21,12,スマートカラーグレー,1134.02,1361,566.0,641855.0
2025-10-21,12,◎しっとりやわらか食パ６,1134.02,1361,158.0,179175.0
2025-10-21,12,◎ファミマ・ザ・クリーム,1134.02,1361,128.0,145155.0
2025-10-21,12,たまごサンド,1134.02,1361,265.0,300515.0
2025-10-21,12,具だくさん！チキン南蛮,1134.02,1361,221.0,250618.0
2025-10-21,12,具だくさん！チャーシュー,1134.02,1361,215.0,243814.0
2025-10-21,12,キャメＭマスカットＰＬ,1134.02,1361,455.0,515979.0
2025-10-21,12,◎ソフトなチーズクリーム,1134.02,1361,135.0,153093.0
2025-10-21,12,キャメＭベリープルーム,1134.02,1361,455.0,515979.0
2025-10-21,12,◎バタークロワッサンメロ,1134.02,1361,147.0,166701.0
2025-10-21,12,キャメＭコールドプルーム,1134.02,1361,455.0,515979.0
2025-10-21,12,◎チョコチップスナック６,1134.02,1361,135.0,153093.0
2025-10-21,12,◎ファミマ・ザ・メロンパ,1134.02,1361,128.0,145155.0
2025-10-21,12,ラーククラシックＭ,1134.02,1361,491.0,556804.0
2025-10-21,12,ラッキーＥＸカット１４,1134.02,1361,428.0,485361.0
2025-10-21,12,ラッキーＢチルベリー８,1134.02,1361,428.0,485361.0
2025-10-21,12,◎生コッペパン（コロッケ,1134.02,1361,167.0,189381.0
2025-10-21,12,ラッキーストライク,1134.02,1361,564.0,639587.0
2025-10-21,12,◎生コッペパン（焼きそば,1134.02,1361,167.0,189381.0
2025-10-21,12,ラッキーシガリロＳライト,1134.02,1361,428.0,485361.0
2025-10-21,12,◎白生コッペパン（トリプ,1134.02,1361,147.0,166701.0
2025-10-21,12,◎ひと口もち食感チーズ（,1134.02,1361,149.0,168969.0
2025-10-21,12,マルボロ・メン８Ｂ,1134.02,1361,546.0,619175.0
2025-10-21,12,◎もっちパン（ミート＆チ,1134.02,1361,121.0,137216.0
2025-10-21,12,◎お肉たっぷりメンチカツ,1134.02,1361,184.0,208660.0
2025-10-21,12,◎天然水新潟県津南６００,1134.02,1361,110.0,124742.0
2025-10-21,12,◎ミニクリームパン５個入,1134.02,1361,149.0,168969.0
2025-10-21,12,◎ジャスミン茶６００,1134.02,1361,110.0,124742.0
2025-10-21,12,クリームたい焼きカスター,1134.02,1361,165.0,187113.0
2025-10-21,12,アスティーグ肌　Ｍ,1134.02,1361,600.0,680412.0
2025-10-21,12,◎のむヨーグルトプレーン,1134.02,1361,149.0,168969.0
2025-10-21,12,ルーロー飯おむすび,1134.02,1361,194.0,220000.0
2025-10-21,12,グリーンダカラ,1134.02,1361,141.0,159897.0
2025-10-21,12,ウィルキンソン　タンサン,1134.02,1361,112.0,127010.0
2025-10-21,12,チョコラＢＢハイパー,1134.02,1361,380.0,430928.0
2025-10-21,12,◎発酵バター香るチョコク,1134.02,1361,147.0,166701.0
2025-10-21,12,◎ダブルチョコデニッシュ,1134.02,1361,128.0,145155.0
2025-10-21,12,ウコンの力ドリンク,1134.02,1361,191.0,216598.0
2025-10-21,12,リポビタンＤ,1134.02,1361,164.0,185979.0
2025-10-21,12,◎ゴロゴロチョコのクッキ,1134.02,1361,138.0,156495.0
2025-10-21,12,ジョージア　カフェモカ,1134.02,1361,168.0,190515.0
2025-10-21,12,ジョージア　カフェラテ,1134.02,1361,159.0,180309.0
2025-10-21,12,◎しっとりケーキ（チョコ,1134.02,1361,135.0,153093.0
2025-10-21,12,ジョージア　ブラック,1134.02,1361,149.0,168969.0
2025-10-21,12,◎白生フランスパン（つぶ,1134.02,1361,156.0,176907.0
2025-10-21,12,◎天然水長野県安曇野２Ｌ,1134.02,1361,112.0,127010.0
2025-10-21,12,午後の紅茶　レモンティー,1134.02,1361,160.0,181443.0
2025-10-21,12,◎緑茶６００,1134.02,1361,110.0,124742.0
2025-10-21,12,◎ぶどうぱん（シュガーマ,1134.02,1361,128.0,145155.0
2025-10-21,12,◎麦茶６００,1134.02,1361,110.0,124742.0
2025-10-21,12,健康ミネラルむぎ茶,1134.02,1361,158.0,179175.0
2025-10-21,12,◎生スコーン６個入,1134.02,1361,172.0,195051.0
2025-10-21,12,◎アップル香るジャスミン,1134.02,1361,110.0,124742.0
2025-10-21,12,塩バター揚げ焼きくりーむ,1134.02,1361,276.0,312990.0
2025-10-21,12,マルボロ・メン１２Ｂ,1134.02,1361,546.0,619175.0
2025-10-21,12,専ＵＦＯ大盛焼そばパンガ,1134.02,1361,276.0,312990.0
2025-10-21,12,じゃがりこチーズ,1134.02,1361,185.0,209794.0
2025-10-21,12,◎冷やし胡瓜一本漬,1134.02,1361,172.0,195051.0
2025-10-21,12,◎タンスティックレモン,1134.02,1361,184.0,208660.0
2025-10-21,12,メビウスＥＸＬ,1134.02,1361,528.0,598763.0
2025-10-21,12,メビウスＬ,1134.02,1361,528.0,598763.0
2025-10-21,12,メビウスＳＬ１００Ｂ,1134.02,1361,528.0,598763.0
2025-10-21,12,焙煎ごまドレッシング,1134.02,1361,33.0,37423.0
2025-10-21,12,◎半熟ゆでたまご１個,1134.02,1361,98.0,111134.0
2025-10-21,12,ポケカ拡張　ホワイト,1134.02,1361,264.0,299381.0
2025-10-21,12,テリアスムースレギュラー,1134.02,1361,528.0,598763.0
2025-10-21,12,高菜の寿司,1134.02,1361,176.0,199588.0
2025-10-21,12,レジ袋弁当大バイオマス,1134.02,1361,5.0,5670.0
2025-10-21,12,ホープ１０,1134.02,1361,273.0,309587.0
2025-10-21,12,手巻　紀州南高梅,1134.02,1361,158.0,179175.0
2025-10-21,12,手巻　真昆布,1134.02,1361,158.0,179175.0
2025-10-21,12,大きな　僕の梅おかか,1134.02,1361,297.0,336804.0
2025-10-21,12,味付海苔　おかか味噌,1134.02,1361,161.0,182577.0
2025-10-21,12,増量　手巻　紅しゃけ,1134.02,1361,195.0,221134.0
2025-10-21,12,増量　手巻　辛子明太子,1134.02,1361,195.0,221134.0
2025-10-21,12,大きな　昆布とツナマヨ,1134.02,1361,269.0,305051.0
2025-10-21,12,手巻　たらこマヨネーズ,1134.02,1361,188.0,213196.0
2025-10-21,12,豚バラしょうゆ,1134.02,1361,276.0,312990.0
2025-10-21,12,サンドおむすび　牛カルビ,1134.02,1361,328.0,371959.0
2025-10-21,12,手巻　紅しゃけ,1134.02,1361,195.0,221134.0
2025-10-21,12,レジ袋１２号バイオマス,1134.02,1361,3.0,3402.0
2025-10-21,12,ピース・ライト・ＢＯＸ,1134.02,1361,546.0,619175.0
2025-10-21,12,ピアニシモ・アリア・メン,1134.02,1361,519.0,588556.0
2025-10-21,12,◎海鮮スティック明太マヨ,1134.02,1361,167.0,189381.0
2025-10-21,12,センティアＩブラック,1134.02,1361,482.0,546598.0
2025-10-21,12,冷し明太とろろうどん,1134.02,1361,508.0,576082.0
2025-10-21,12,冷したぬきうどん,1134.02,1361,399.0,452474.0
2025-10-21,12,ゆず冷し鶏塩おろしうどん,1134.02,1361,526.0,596495.0
2025-10-21,12,テリアイエローメンソール,1134.02,1361,528.0,598763.0
2025-10-21,12,テリアサンパール,1134.02,1361,528.0,598763.0
2025-10-21,12,テリアシャインパール,1134.02,1361,528.0,598763.0
2025-10-21,12,マルボロ・ボックス,1134.02,1361,546.0,619175.0
2025-10-21,12,シーチキン＆コーンサラダ,1134.02,1361,249.0,282371.0
2025-10-21,12,ケントエス１・１００Ｂ,1134.02,1361,455.0,515979.0
2025-10-21,12,ローストチキンパスタサラ,1134.02,1361,369.0,418453.0
2025-10-21,12,エボルタＮＥＯ単４－４Ｐ,1134.02,1361,659.0,747319.0
2025-10-21,12,ライトニング１．２ｍ,1134.02,1361,1800.0,2041236.0
2025-10-21,12,ＣＲバーナーライター,1134.02,1361,190.0,215464.0
2025-10-21,12,耐風ビニール傘７０,1134.02,1361,862.0,977525.0
2025-10-21,12,ダブルシュー,1134.02,1361,172.0,195051.0
2025-10-21,12,デイリースポーツ東日本,1134.02,1361,146.0,165567.0
2025-10-21,12,冷やして食べるバウム,1134.02,1361,167.0,189381.0
2025-10-21,12,マカロンチョコパッション,1134.02,1361,267.0,302783.0
2025-10-21,12,日刊ゲンダイ,1134.02,1361,164.0,185979.0
2025-10-21,12,日本経済新聞,1134.02,1361,182.0,206392.0
2025-10-21,12,ＡｍａｚｏｎＶＡＲ,1134.02,1361,10000.0,11340200.0
2025-10-21,12,２種のキンパ,1134.02,1361,510.0,578350.0
2025-10-21,12,セブンスター,1134.02,1361,546.0,619175.0
2025-10-21,12,セブンスター・ＢＯＸ,1134.02,1361,546.0,619175.0
2025-10-21,12,手巻　辛子明太子,1134.02,1361,195.0,221134.0
2025-10-21,12,カロリーＭハーフ　バニラ,1134.02,1361,110.0,124742.0
2025-10-21,12,手巻シーチキンマヨネーズ,1134.02,1361,165.0,187113.0
2025-10-21,12,直巻　和風ツナマヨネーズ,1134.02,1361,149.0,168969.0
2025-10-21,12,テリアブラックＭ１０Ｐ,1134.02,1361,5273.0,5979687.0
2025-10-21,12,アサヒ生ビール３５０,1134.02,1361,216.0,244948.0
2025-10-21,12,スーパードライ３５０,1134.02,1361,216.0,244948.0
2025-10-21,12,さばと青じそおむすび,1134.02,1361,139.0,157629.0
2025-10-21,12,テリアＯパール,1134.02,1361,528.0,598763.0
2025-10-21,12,ポケカ拡張　ブラック,1134.02,1361,264.0,299381.0
2025-10-21,12,ポケカ拡張　バトルＰ,1134.02,1361,164.0,185979.0
2025-10-21,12,サラサクリップ　黒,1134.02,1361,99.0,112268.0
2025-10-21,12,ＬＩＢＥＲＡミルク,1134.02,1361,277.0,314124.0
2025-10-21,12,◎しみチョココーン,1134.02,1361,147.0,166701.0
2025-10-21,12,◎チョコシュー,1134.02,1361,128.0,145155.0
2025-10-21,12,もち麦　鮭ひじきしそ風味,1134.02,1361,163.0,184845.0
2025-10-21,12,◎こだわりのフロランタン,1134.02,1361,184.0,208660.0
2025-10-21,12,◎もちもちレモンドーナツ,1134.02,1361,149.0,168969.0
2025-10-21,12,◎濃厚ミルクドーナツ,1134.02,1361,100.0,113402.0
2025-10-21,12,◎焼たまごカレートースト,1134.02,1361,167.0,189381.0
2025-10-21,12,スイートサンダーいちご,1134.02,1361,60.0,68041.0
2025-10-21,12,ブラックサンダー,1134.02,1361,41.0,46495.0
2025-10-21,12,◎大きいウインナー,1134.02,1361,153.0,173505.0
2025-10-21,12,◎大きいあらびきチョリソ,1134.02,1361,153.0,173505.0
2025-10-21,12,パウダー２５０％ハッピー,1134.02,1361,120.0,136082.0
2025-10-21,12,◎ベーコンチーズオニオン,1134.02,1361,149.0,168969.0
2025-10-21,12,Ｆグレイシアラムネわらび,1134.02,1361,156.0,176907.0
2025-10-21,12,じゃがりこサラダ,1134.02,1361,185.0,209794.0
2025-10-21,12,ミンティアコールドスマッ,1134.02,1361,105.0,119072.0
2025-10-21,12,直巻　とり五目,1134.02,1361,165.0,187113.0
2025-10-21,12,ラッキーＳメンソール,1134.02,1361,391.0,443402.0
2025-10-21,12,ラッキーＳダークＭ,1134.02,1361,391.0,443402.0
2025-10-21,12,直巻　明太子マヨネーズ,1134.02,1361,165.0,187113.0
2025-10-21,12,直巻　焼しゃけ,1134.02,1361,158.0,179175.0
2025-10-21,12,レジ袋,1134.02,1361,3.0,3402.0
2025-10-21,12,１９６ＳＴゼロＷレモン３,1134.02,1361,161.0,182577.0
2025-10-21,12,角ハイボール３５０,1134.02,1361,219.0,248350.0
2025-10-21,12,氷結レモン３５０,1134.02,1361,168.0,190515.0
2025-10-21,12,生ハム寿司,1134.02,1361,212.0,240412.0
2025-10-21,12,テリアブラックパープルＭ,1134.02,1361,528.0,598763.0
2025-10-21,12,テリアブラックメンソール,1134.02,1361,528.0,598763.0
2025-10-21,12,手巻寿司　納豆,1134.02,1361,184.0,208660.0
2025-10-21,12,テリアミント,1134.02,1361,528.0,598763.0
2025-10-21,12,手巻寿司　シーチキンマヨ,1134.02,1361,167.0,189381.0
2025-10-21,12,テリアメンソール,1134.02,1361,528.0,598763.0
2025-10-21,12,テリアリッチレギュラー,1134.02,1361,528.0,598763.0
2025-10-21,12,テリアリビエラパール,1134.02,1361,528.0,598763.0
2025-10-21,12,テリアレギュラー,1134.02,1361,528.0,598763.0
2025-10-21,12,鮭はらみおむすび,1134.02,1361,258.0,292577.0
2025-10-21,12,助六寿司,1134.02,1361,482.0,546598.0
2025-10-21,12,テリアＢルビーＭ,1134.02,1361,528.0,598763.0
2025-10-21,12,ネオアークティックＭ,1134.02,1361,455.0,515979.0
2025-10-21,12,高菜たくあんおむすび,1134.02,1361,135.0,153093.0
2025-10-21,12,ラッキーＳダークタバコ,1134.02,1361,391.0,443402.0
2025-10-21,12,◎ハムチーズマヨネーズ２,1134.02,1361,135.0,153093.0
2025-10-21,12,ＭＶコールドＭプルーム,1134.02,1361,455.0,515979.0
2025-10-21,12,まるで桃みたいなケーキ,1134.02,1361,276.0,312990.0
2025-10-21,12,クリームワッフルクッキー,1134.02,1361,260.0,294845.0
2025-10-21,12,調製豆乳,1134.02,1361,105.0,119072.0
2025-10-21,12,テリアパープルメンソール,1134.02,1361,528.0,598763.0
2025-10-21,12,テリアバランスドＲ,1134.02,1361,528.0,598763.0
2025-10-21,12,野菜一日これ一本,1134.02,1361,113.0,128144.0
2025-10-21,12,◎デニッシュブレッド３枚,1134.02,1361,156.0,176907.0
2025-10-21,12,センティアＳバイオレット,1134.02,1361,482.0,546598.0
2025-10-21,12,◎バタークロワッサンメ３,1134.02,1361,156.0,176907.0
2025-10-21,12,センティアＩパープル,1134.02,1361,482.0,546598.0
2025-10-21,12,◎ファミマの牛乳５００,1134.02,1361,175.0,198454.0
2025-10-21,12,サブレサンドバニライチゴ,1134.02,1361,332.0,376495.0
2025-10-21,12,冷しニンニクまぜそば,1134.02,1361,647.0,733711.0
2025-10-21,12,ＳＰＡＭ　タコスミート,1134.02,1361,315.0,357216.0
2025-10-21,12,ＳＰＡＭ　ツナマヨネーズ,1134.02,1361,266.0,301649.0
2025-10-21,12,不明,1134.02,1361,164.0,185979.0
2025-10-21,12,レジ袋４５号バイオマス,1134.02,1361,7.0,7938.0
2025-10-21,12,鮭ほぐし飯（和風だしごは,1134.02,1361,338.0,383299.0
2025-10-21,12,天タレおむすび,1134.02,1361,138.0,156495.0
2025-10-21,12,植物生のスパイシーカレー,1134.02,1361,146.0,165567.0
2025-10-21,12,赤飯おむすび,1134.02,1361,165.0,187113.0
2025-10-21,12,レジ袋２０号バイオマス,1134.02,1361,5.0,5670.0
2025-10-21,12,鶏のうまみ！鶏そぼろ弁当,1134.02,1361,320.0,362886.0
2025-10-21,12,冷しビャンビャン麺,1134.02,1361,510.0,578350.0
2025-10-21,12,ラッキーＳＲタバコ１０Ｐ,1134.02,1361,3910.0,4434018.0
2025-10-21,12,野沢菜いなり寿司,1134.02,1361,179.0,202990.0
2025-10-21,12,国産チキン彩り野菜うどん,1134.02,1361,554.0,628247.0
2025-10-21,12,手巻寿司　ねぎとろ（青ま,1134.02,1361,230.0,260825.0
2025-10-21,12,かぶり寿司　唐揚げ巻,1134.02,1361,283.0,320928.0
2025-10-21,12,塩こんぶおむすび,1134.02,1361,139.0,157629.0
2025-10-21,12,サンド寿司　まぐろたくあ,1134.02,1361,334.0,378763.0
2025-10-21,12,冷たい生パスタ海老トマト,1134.02,1361,499.0,565876.0
2025-10-21,12,ジューシーハムサンド,1134.02,1361,297.0,336804.0
2025-10-21,12,ラッキーＳリッチタバコ,1134.02,1361,391.0,443402.0
2025-10-21,12,テリヤキチキンとたまごＳ,1134.02,1361,323.0,366288.0
2025-10-21,12,ラッキーＳベリーＭ,1134.02,1361,391.0,443402.0
2025-10-21,12,ラッキーＳトロピカルＳ,1134.02,1361,391.0,443402.0
2025-10-21,12,３種チーズとハムのサンド,1134.02,1361,323.0,366288.0
2025-10-21,12,ベコンレタストマトサンド,1134.02,1361,369.0,418453.0
2025-10-21,12,ネオＢベリーハイパー用,1134.02,1361,455.0,515979.0
2025-10-21,12,チキン南蛮サンド,1134.02,1361,369.0,418453.0
2025-10-21,12,ミックスサンド,1134.02,1361,276.0,312990.0
2025-10-21,12,鶏焼肉のバインミー,1134.02,1361,369.0,418453.0
2025-10-21,12,シーチキン＆たまごサラダ,1134.02,1361,239.0,271031.0
2025-10-21,12,棒棒鶏風サラダ,1134.02,1361,406.0,460412.0
2025-10-21,12,和風ドレッシング,1134.02,1361,33.0,37423.0
2025-10-21,12,シャキシャキレタスサンド,1134.02,1361,297.0,336804.0
2025-10-21,12,サメジマブルーソーダ味,1134.02,1361,178.0,201856.0
2025-10-21,12,蒸鶏とねぎのトマトパスタ,1134.02,1361,462.0,523917.0
2025-10-21,12,大きなおむすび唐揚げマヨ,1134.02,1361,290.0,328866.0
2025-10-21,12,本まぐろわさび醤油おむす,1134.02,1361,280.0,317526.0
2025-10-21,12,◎ベーコンペッパーマヨ,1134.02,1361,121.0,137216.0
2025-10-21,12,メビウス,1134.02,1361,528.0,598763.0
2025-10-21,12,シャインマスカットのど飴,1134.02,1361,105.0,119072.0
2025-10-21,12,ぷっちょＳＴメガコーラ,1134.02,1361,118.0,133814.0
2025-10-21,12,ハイチュウグレープ,1134.02,1361,127.0,144021.0
2025-10-21,12,ハイライトメンソール,1134.02,1361,473.0,536391.0
2025-10-21,12,ハイチュウＰシャインマス,1134.02,1361,152.0,172371.0
2025-10-21,12,センティアＦグリーン,1134.02,1361,482.0,546598.0
2025-10-21,12,ハイライト,1134.02,1361,473.0,536391.0
2025-10-21,12,ハイチュウＰ巨峰,1134.02,1361,152.0,172371.0
2025-10-21,12,キャメルクラフトＭ５,1134.02,1361,410.0,464948.0
2025-10-21,12,アメスピＯＭ１,1134.02,1361,382.0,433196.0
2025-10-21,12,アメスピＯＭライト,1134.02,1361,382.0,433196.0
2025-10-21,12,コロロシャインマスカット,1134.02,1361,148.0,167835.0
2025-10-21,12,コーラアップ,1134.02,1361,242.0,274433.0
2025-10-21,12,アメスピライト,1134.02,1361,382.0,433196.0
2025-10-21,12,ハイチュウＰヨーグルト,1134.02,1361,152.0,172371.0
2025-10-21,12,ＭＶスムースＲプルーム,1134.02,1361,455.0,515979.0
2025-10-21,12,◎しみ旨フレンチトースト,1134.02,1361,144.0,163299.0
2025-10-21,12,ＭＶシトラスＯＰプルーム,1134.02,1361,455.0,515979.0
2025-10-21,12,◎もちっとつぶあんドーナ,1134.02,1361,125.0,141752.0
2025-10-21,12,◎ミニフレンチトースト４,1134.02,1361,172.0,195051.0
2025-10-21,12,センティアＤブロンズ,1134.02,1361,482.0,546598.0
2025-10-21,12,センティアＣジェイド,1134.02,1361,482.0,546598.0
2025-10-21,12,センティアクリアシルバー,1134.02,1361,482.0,546598.0
2025-10-21,12,専ＵＦＯプチ焼そばパン４,1134.02,1361,212.0,240412.0
2025-10-21,12,ケントＴＲメンソール,1134.02,1361,437.0,495567.0
2025-10-21,12,◎北海道メロンパン,1134.02,1361,125.0,141752.0
2025-10-21,12,ケントＴメンソール,1134.02,1361,437.0,495567.0
2025-10-21,12,◎生コッペパン（あんバタ,1134.02,1361,135.0,153093.0
2025-10-21,12,◎白生コッペパン（カスタ,1134.02,1361,128.0,145155.0
2025-10-21,12,マルボロ・ブラックＭ８,1134.02,1361,546.0,619175.0
2025-10-21,12,ＭＶＰＧレギュラーウィズ,1134.02,1361,546.0,619175.0
2025-10-21,12,ＭＶＰＧメンソールウィズ,1134.02,1361,546.0,619175.0
2025-10-21,12,ＭＶＧレッドＭウィズ,1134.02,1361,546.0,619175.0
2025-10-21,12,◎ふんわりホットケーキ２,1134.02,1361,128.0,145155.0
2025-10-21,12,◎完熟バナナパンケーキ,1134.02,1361,138.0,156495.0
2025-10-21,12,ＭＶベリーＯＰプルーム,1134.02,1361,455.0,515979.0
2025-10-21,12,◎いちごのクロワッサン（,1134.02,1361,147.0,166701.0
2025-10-21,12,ＭＶブラックＣＭプルーム,1134.02,1361,455.0,515979.0
2025-10-21,12,タフグミグレーピーパンチ,1134.02,1361,238.0,269897.0
2025-10-21,12,はちみつカリンのど飴,1134.02,1361,124.0,140618.0
2025-10-21,12,メビウスワン,1134.02,1361,528.0,598763.0
2025-10-21,12,メビウスＥ１　１００Ｓ,1134.02,1361,455.0,515979.0
2025-10-21,12,◎スーパーＣＨ無糖レモ３,1134.02,1361,119.0,134948.0
2025-10-21,12,おむすびおかずＳ（昆・ツ,1134.02,1361,434.0,492165.0
2025-10-21,12,特撰　白角水割　２５０,1134.02,1361,175.0,198454.0
2025-10-21,12,茉莉花ジャスミン茶割ＪＪ,1134.02,1361,181.0,205258.0
2025-10-21,12,檸檬堂夏のラムネとレモン,1134.02,1361,160.0,181443.0
2025-10-21,12,手巻寿司　サーモン（青ま,1134.02,1361,230.0,260825.0
2025-10-21,12,本搾りライム３５０,1134.02,1361,168.0,190515.0
2025-10-21,12,未来のレサワオリジナル３,1134.02,1361,271.0,307319.0
2025-10-21,12,ルイボスティーハイ３４０,1134.02,1361,181.0,205258.0
2025-10-21,12,手巻寿司　青しそ納豆,1134.02,1361,190.0,215464.0
2025-10-21,12,◎スーパーＣＨグレフル３,1134.02,1361,119.0,134948.0
2025-10-21,12,大関　佳撰ワンカップ,1134.02,1361,219.0,248350.0
2025-10-21,12,金麦３５０,1134.02,1361,180.0,204124.0
2025-10-21,12,いなり寿司３ヶ入,1134.02,1361,276.0,312990.0
2025-10-21,12,ザプレミアムモルツ３５０,1134.02,1361,254.0,288041.0
2025-10-21,12,黒ラベル３５０,1134.02,1361,216.0,244948.0
2025-10-21,12,炙り焼辛子明太子おむすび,1134.02,1361,251.0,284639.0
2025-10-21,12,◎パン・オ・ショコラ４個,1134.02,1361,184.0,208660.0
2025-10-21,12,６種具材の冷し中華,1134.02,1361,536.0,607835.0
2025-10-21,12,センティアＦパープル,1134.02,1361,482.0,546598.0
2025-10-21,12,キシリトール粒フレッシュ,1134.02,1361,178.0,201856.0
2025-10-21,12,大粒ラムネＲすっぱレモン,1134.02,1361,133.0,150825.0
2025-10-21,12,マルボロアイスＢ・Ｍ８,1134.02,1361,546.0,619175.0
2025-10-21,12,マルボロアイスＢ・Ｍ５,1134.02,1361,546.0,619175.0
2025-10-21,12,ベロＭＰＭインテンス,1134.02,1361,291.0,330000.0
2025-10-21,12,◎黒胡椒香るチーズフラン,1134.02,1361,184.0,208660.0
2025-10-21,12,ケント・１・１００ＢＯＸ,1134.02,1361,473.0,536391.0
2025-10-21,12,◎ファミマ・ザ・カレーパ,1134.02,1361,139.0,157629.0
2025-10-21,12,ケントエス・スパーク１,1134.02,1361,455.0,515979.0
2025-10-21,12,◎手巻きソーセージドーナ,1134.02,1361,158.0,179175.0
2025-10-21,12,マルボロゴールドＢ,1134.02,1361,546.0,619175.0
2025-10-21,12,キシリトール粒グレープ,1134.02,1361,178.0,201856.0
2025-10-21,12,キシリトール粒ライムミン,1134.02,1361,178.0,201856.0
2025-10-21,12,Ｗ・Ｃ・ホワイト・５,1134.02,1361,491.0,556804.0
2025-10-21,12,メビＰＭＯＰＰ１１００,1134.02,1361,528.0,598763.0
2025-10-21,12,メビウスＳＬ,1134.02,1361,528.0,598763.0
2025-10-21,12,フリスクＦＦマスカット,1134.02,1361,278.0,315258.0
2025-10-21,12,ヨーグレットミニ,1134.02,1361,150.0,170103.0
2025-10-21,12,メビウスＥＭＯＰＰ５Ｓ,1134.02,1361,455.0,515979.0
2025-10-21,12,メロンソーダアップ,1134.02,1361,242.0,274433.0
2025-10-21,12,ラムネアップ,1134.02,1361,242.0,274433.0
2025-10-21,12,サンスポ（サンケ,1134.02,1361,164.0,185979.0
2025-10-21,12,コンパクトＳ２４．５ｃｍ,1134.02,1361,230.0,260825.0
2025-10-21,12,忍者めしラムネ,1134.02,1361,125.0,141752.0
2025-10-21,12,週刊少年ジャンプ,1134.02,1361,282.0,319794.0
2025-10-21,12,男梅グミ,1134.02,1361,143.0,162165.0
2025-10-21,12,週　刊　文　春,1134.02,1361,464.0,526185.0
2025-10-21,12,◎ドライみかん,1134.02,1361,276.0,312990.0
2025-10-21,12,ヤングマガジン,1134.02,1361,464.0,526185.0
2025-10-21,12,◎ドライりんご,1134.02,1361,276.0,312990.0
2025-10-21,12,◎５種のナッツ＆フルーツ,1134.02,1361,198.0,224536.0
2025-10-21,12,◎おしゃぶり昆布,1134.02,1361,172.0,195051.0
2025-10-21,12,ＢＩＣ電子ライター,1134.02,1361,170.0,192783.0
2025-10-21,12,◎やみつき種ぬき干し梅,1134.02,1361,175.0,198454.0
2025-10-21,12,コンパクトＳ２１．５ｃｍ,1134.02,1361,230.0,260825.0
2025-10-21,12,◎除菌ハンディＷティシュ,1134.02,1361,164.0,185979.0
2025-10-21,12,コカ・コーラ　３００,1134.02,1361,110.0,124742.0
2025-10-21,12,◎みるくバターまんじゅう,1134.02,1361,144.0,163299.0
2025-10-21,12,◎パイまんじゅうつぶあん,1134.02,1361,153.0,173505.0
2025-10-21,12,ピュレグミＰ白桃,1134.02,1361,180.0,204124.0
2025-10-21,12,ピュレグミＰマスカット,1134.02,1361,180.0,204124.0
2025-10-21,12,ピュレグミグレープ味,1134.02,1361,150.0,170103.0
2025-10-21,12,◎紅はるかの熟成干し芋,1134.02,1361,260.0,294845.0
2025-10-21,12,龍角散ののどすっきり飴袋,1134.02,1361,280.0,317526.0
2025-10-21,12,まい塩あめ小袋,1134.02,1361,138.0,156495.0
2025-10-21,12,今治ＴＨドット,1134.02,1361,600.0,680412.0
2025-10-21,12,ハンカチＳＴ,1134.02,1361,600.0,680412.0
2025-10-21,12,婦人ショートＳ白,1134.02,1361,390.0,442268.0
2025-10-21,12,ひざ下２足ヌードベージュ,1134.02,1361,500.0,567010.0
2025-10-21,12,邪払のど飴小袋,1134.02,1361,119.0,134948.0
2025-10-21,12,◎ばんそうこうＭサイズ,1134.02,1361,362.0,410515.0
2025-10-21,12,プリッツ旨サラダ,1134.02,1361,131.0,148557.0
2025-10-21,12,◎チョコマシュマロ,1134.02,1361,139.0,157629.0
2025-10-21,12,◎ミニバタークッキー,1134.02,1361,128.0,145155.0
2025-10-21,12,シルキータッチふつう,1134.02,1361,398.0,451340.0
2025-10-21,12,◎練乳はちみつドーナツ,1134.02,1361,147.0,166701.0
2025-10-21,12,◎こだわりのマドレーヌ,1134.02,1361,147.0,166701.0
2025-10-21,12,ソフトタンポンコンパクト,1134.02,1361,282.0,319794.0
2025-10-21,12,◎こだわりのワッフル,1134.02,1361,144.0,163299.0
2025-10-21,12,今治ＴＨＳＴ／青橙,1134.02,1361,600.0,680412.0
2025-10-21,12,ジェットスリーム０．５,1134.02,1361,150.0,170103.0
2025-10-21,12,リングメモＡ７Ｂ罫,1134.02,1361,208.0,235876.0
2025-10-21,12,ハリボーハッピーコーラ,1134.02,1361,198.0,224536.0
2025-10-21,12,東スポ（東京スポーツ）,1134.02,1361,164.0,185979.0
2025-10-21,12,ドデカミンＢＩＧ,1134.02,1361,149.0,168969.0
2025-10-21,12,今治ＴＨネイビーＭＩＸ,1134.02,1361,600.0,680412.0
2025-10-21,12,◎ミニ羊羹　煉,1134.02,1361,91.0,103196.0
2025-10-21,12,ペプシコーラ　６００,1134.02,1361,130.0,147423.0
2025-10-21,12,無香料ケープ　ＳＨ　小,1134.02,1361,300.0,340206.0
2025-10-21,12,◎贅沢バウムクーヘン,1134.02,1361,202.0,229072.0
2025-10-21,12,◎とろけるチョコミントＣ,1134.02,1361,139.0,157629.0
2025-10-21,12,◎４種のフルーツケーキ,1134.02,1361,156.0,176907.0
2025-10-21,12,バナナバウムクーヘン,1134.02,1361,139.0,157629.0
2025-10-21,12,さらさらシートせっけん,1134.02,1361,295.0,334536.0
2025-10-21,12,ベースブレッドシナモン,1134.02,1361,260.0,294845.0
2025-10-21,12,ビオレふくだけＣうるおい,1134.02,1361,341.0,386701.0
2025-10-21,12,ベースブレッドチョコ,1134.02,1361,260.0,294845.0
2025-10-21,12,ベースブレッドメープル,1134.02,1361,260.0,294845.0
2025-10-21,12,天然水きりっとヨグ,1134.02,1361,159.0,180309.0
2025-10-21,12,Ｆリーフィアロールケーキ,1134.02,1361,165.0,187113.0
2025-10-21,12,梅のり巻,1134.02,1361,142.0,161031.0
2025-10-21,12,耐風ビニール傘６５,1134.02,1361,705.0,799484.0
2025-10-21,12,ＣＷワンタッチ開閉折傘,1134.02,1361,2014.0,2283916.0
2025-10-21,12,レインコートＬ,1134.02,1361,687.0,779072.0
2025-10-21,12,アクオグリーンミント,1134.02,1361,170.0,192783.0
2025-10-21,12,アクオクリアブルーミント,1134.02,1361,170.0,192783.0
2025-10-21,12,◎春雨スープ担々麺味,1134.02,1361,167.0,189381.0
2025-10-21,12,◎とん汁,1134.02,1361,167.0,189381.0
2025-10-21,12,Ｆレモンクリームのロール,1134.02,1361,153.0,173505.0
2025-10-21,12,クリアクリーントラベル,1134.02,1361,323.0,366288.0
2025-10-21,12,◎濃厚チョコパウンド,1134.02,1361,213.0,241546.0
2025-10-21,12,モンスターエナジーボトル,1134.02,1361,297.0,336804.0
2025-10-21,12,おっとっとうすしお味,1134.02,1361,131.0,148557.0
2025-10-21,12,チップスターＳうすしお味,1134.02,1361,144.0,163299.0
2025-10-21,12,アクエリアス５００,1134.02,1361,160.0,181443.0
2025-10-21,12,チップスターＳコンソメ味,1134.02,1361,144.0,163299.0
2025-10-21,12,サントリー天然水　２Ｌ,1134.02,1361,131.0,148557.0
2025-10-21,12,天然水１Ｌ,1134.02,1361,168.0,190515.0
2025-10-21,12,◎キャラメルコーン,1134.02,1361,119.0,134948.0
2025-10-21,12,◎ＢＳラーメン丸チキン味,1134.02,1361,119.0,134948.0
2025-10-21,12,◎天然水新潟県津南３７０,1134.02,1361,100.0,113402.0
2025-10-21,12,ＳＯＹＪＯＹ　黒ゴマ,1134.02,1361,125.0,141752.0
2025-10-21,12,◎きんつば,1134.02,1361,158.0,179175.0
2025-10-21,12,ウェルチ　１房分のぶどう,1134.02,1361,160.0,181443.0
2025-10-21,12,天然水きりっと果実,1134.02,1361,159.0,180309.0
2025-10-21,12,玉ねぎせん,1134.02,1361,158.0,179175.0
2025-10-21,12,贅沢保湿ポケットＴ,1134.02,1361,169.0,191649.0
2025-10-21,12,◎チョコミントタルト,1134.02,1361,176.0,199588.0
2025-10-21,12,◎チョコミントロール,1134.02,1361,167.0,189381.0
2025-10-21,12,◎水に流せるポケットＴ,1134.02,1361,133.0,150825.0
2025-10-21,12,◎紀州南高梅茎わかめ,1134.02,1361,158.0,179175.0
2025-10-21,12,◎種ぬきはちみつ干し梅,1134.02,1361,158.0,179175.0
2025-10-21,12,今治ＴＨ２５夏の色白,1134.02,1361,600.0,680412.0
2025-10-21,12,１本満足シリアルチョコ,1134.02,1361,152.0,172371.0
2025-10-21,12,１本満足シリアルブラック,1134.02,1361,152.0,172371.0
2025-10-21,12,爽健美茶３００,1134.02,1361,110.0,124742.0
2025-10-21,12,おーいお茶緑茶　３５０,1134.02,1361,110.0,124742.0
2025-10-21,12,１本満足シリアルホワイト,1134.02,1361,152.0,172371.0
2025-10-21,12,伊右衛門特茶,1134.02,1361,170.0,192783.0
2025-10-21,12,ヘルシア緑茶　３５０ｍｌ,1134.02,1361,180.0,204124.0
2025-10-21,12,Ｃ玄米ブラン　ブルーベリ,1134.02,1361,155.0,175773.0
2025-10-21,12,クラフトボスイタリアーノ,1134.02,1361,159.0,180309.0
2025-10-21,12,Ｃ玄米ブランメープル,1134.02,1361,155.0,175773.0
2025-10-21,12,モーニングマアムバニラ,1134.02,1361,130.0,147423.0
2025-10-21,12,◎玄米茶　６００,1134.02,1361,110.0,124742.0
2025-10-21,12,◎台湾烏龍茶　６００,1134.02,1361,110.0,124742.0
2025-10-21,12,ｉｎゼリーマルチビタミン,1134.02,1361,210.0,238144.0
2025-10-21,12,Ｃ１０００ビタミンレモン,1134.02,1361,130.0,147423.0
2025-10-21,12,◎ピーチマンゴールイボス,1134.02,1361,110.0,124742.0
2025-10-21,12,オロナミンＣ,1134.02,1361,135.0,153093.0
2025-10-21,12,ヘパリーゼＷ,1134.02,1361,276.0,312990.0
2025-10-21,12,い・ろ・は・す５４０,1134.02,1361,118.0,133814.0
2025-10-21,12,カロリＭハーフチーズ味,1134.02,1361,110.0,124742.0
2025-10-21,12,クラフトボス　ミルクラテ,1134.02,1361,166.0,188247.0
2025-10-21,12,伊右衛門　６００,1134.02,1361,158.0,179175.0
2025-10-21,12,午後の紅茶　ミルクティー,1134.02,1361,160.0,181443.0
2025-10-21,12,◎オレンジ香アールグレイ,1134.02,1361,110.0,124742.0
2025-10-21,12,きのこベーコン醤油パスタ,1134.02,1361,434.0,492165.0
2025-10-21,12,小岩井　Ｔｈｅカフェオレ,1134.02,1361,159.0,180309.0
2025-10-21,12,おーいお茶濃く香るほうじ,1134.02,1361,158.0,179175.0
2025-10-21,12,クラフトボスブラック,1134.02,1361,149.0,168969.0
2025-10-21,12,ウィルキンソン　レモン,1134.02,1361,112.0,127010.0
2025-10-21,12,クラフトボス　ラテ,1134.02,1361,159.0,180309.0
2025-10-21,12,除菌アルコールタオル,1134.02,1361,238.0,269897.0
2025-10-21,12,１００％　オレンジ,1134.02,1361,168.0,190515.0
2025-10-21,12,カルピス　ザ　リッチ,1134.02,1361,160.0,181443.0
2025-10-21,12,フェイシャルペーパー,1134.02,1361,250.0,283505.0
2025-10-21,12,ｉｎバーザクザクビター,1134.02,1361,170.0,192783.0
2025-10-21,12,ｉｎバー　ベイクドチョコ,1134.02,1361,170.0,192783.0
2025-10-21,12,カシミヤＥＸポケット,1134.02,1361,162.0,183711.0
2025-10-21,12,カロリＭハーフチョコ,1134.02,1361,110.0,124742.0
2025-10-21,12,アイルＣＲ電子ライター,1134.02,1361,159.0,180309.0
2025-10-21,12,カロリーＭハーフフルーツ,1134.02,1361,110.0,124742.0
2025-10-21,12,◎有機栽培の恵み天津甘栗,1134.02,1361,165.0,187113.0
2025-10-21,12,アクエリアス　９５０,1134.02,1361,166.0,188247.0
2025-10-21,12,はだおもい２３ｃｍ,1134.02,1361,253.0,286907.0
2025-10-21,12,コンパクトＳ３０．５ｃｍ,1134.02,1361,230.0,260825.0
2025-10-21,12,イーラインマスクピンク,1134.02,1361,299.0,339072.0
2025-10-21,12,プリングルズサワクリＳ,1134.02,1361,158.0,179175.0
2025-10-21,12,スタイルフィットグレー,1134.02,1361,410.0,464948.0
2025-10-21,12,スタイルフィットＯＬ,1134.02,1361,410.0,464948.0
2025-10-21,12,じゃがビーバターしょうゆ,1134.02,1361,164.0,185979.0
2025-10-21,12,ストロングサワーＣオニオ,1134.02,1361,155.0,175773.0
2025-10-21,12,超快適マスクふつう,1134.02,1361,350.0,396907.0
2025-10-21,12,超快適マスクやや大きめ,1134.02,1361,350.0,396907.0
2025-10-21,12,超快適マスク小さめ,1134.02,1361,350.0,396907.0
2025-10-21,12,７ＤＡＹＳマスク大きめ,1134.02,1361,298.0,337938.0
2025-10-21,12,◎香ばしいバタピー,1134.02,1361,167.0,189381.0
2025-10-21,12,フリクションノックＢＫ,1134.02,1361,230.0,260825.0
2025-10-21,12,◎薫製したうずらたまご,1134.02,1361,249.0,282371.0
2025-10-21,12,富士通ＰＲＥ　単４－４Ｐ,1134.02,1361,528.0,598763.0
2025-10-21,12,◎素焼きミックスナッツ,1134.02,1361,360.0,408247.0
2025-10-21,12,◎ＰＣ濃いめのり塩,1134.02,1361,139.0,157629.0
2025-10-21,12,◎ハンディウェットティシ,1134.02,1361,117.0,132680.0
2025-10-21,12,グリーンダカラ麦茶６８０,1134.02,1361,148.0,167835.0
2025-10-21,12,◎ジュワっとした塩バター,1134.02,1361,130.0,147423.0
2025-10-21,12,ベースブレッドミルク,1134.02,1361,260.0,294845.0
2025-10-21,12,メビウス・ワン・ＢＯＸ,1134.02,1361,528.0,598763.0
2025-10-21,12,カントリーＭミニバニラ,1134.02,1361,121.0,137216.0
2025-10-21,12,ミニたべっ子塩バター味,1134.02,1361,160.0,181443.0
2025-10-21,12,ｅ－ｍａのどグレープ小袋,1134.02,1361,118.0,133814.0
2025-10-21,12,金のミルク小袋,1134.02,1361,138.0,156495.0
2025-10-21,12,塩分チャージタブ小袋塩レ,1134.02,1361,140.0,158763.0
2025-10-21,12,ネオＣＬタバコハイパー用,1134.02,1361,455.0,515979.0
2025-10-21,12,キャメルクラフト６,1134.02,1361,410.0,464948.0
2025-10-21,12,ＭＶＧパープルＭウィズ,1134.02,1361,546.0,619175.0
2025-10-21,12,ＭＶアップルＯＰプルーム,1134.02,1361,455.0,515979.0
2025-10-21,12,ＭＶシャープＣＭプルーム,1134.02,1361,455.0,515979.0
2025-10-21,12,◎チョコチップクッキー,1134.02,1361,128.0,145155.0
2025-10-21,12,ＭＶディープＲプルーム,1134.02,1361,455.0,515979.0
2025-10-21,12,◎ちいさなオールレーズン,1134.02,1361,128.0,145155.0
2025-10-21,12,◎ガトーショコラ風チョコ,1134.02,1361,165.0,187113.0
2025-10-21,12,ＭＶペア―ＯＰプルーム,1134.02,1361,455.0,515979.0
2025-10-21,12,ベースブレッドこしあん,1134.02,1361,276.0,312990.0
2025-10-21,12,ベースブレッドオレンジ,1134.02,1361,276.0,312990.0
2025-10-21,12,◎スティックサラミ,1134.02,1361,110.0,124742.0
2025-10-21,12,◎おつまみイカフライ,1134.02,1361,110.0,124742.0
2025-10-21,12,週刊　モーニング,1134.02,1361,428.0,485361.0
2025-10-21,12,ジャパンニューズ,1134.02,1361,137.0,155361.0
2025-10-21,12,スポーツ報知東日本,1134.02,1361,164.0,185979.0
2025-10-21,12,東京新聞,1134.02,1361,128.0,145155.0
2025-10-21,12,毎日新聞,1134.02,1361,146.0,165567.0
2025-10-21,12,茨城新聞,1134.02,1361,137.0,155361.0
2025-10-21,12,堅ぶつ揚げとうもろこし味,1134.02,1361,128.0,145155.0
2025-10-21,12,ガルボつぶ練り苺ＰＫＰ,1134.02,1361,175.0,198454.0
2025-10-21,12,テリアフュージョンＭ,1134.02,1361,528.0,598763.0
2025-10-21,12,テリアブラックイエローＭ,1134.02,1361,528.0,598763.0
2025-10-21,12,チョコあーんぱん袋,1134.02,1361,121.0,137216.0
2025-10-21,12,産経新聞,1134.02,1361,128.0,145155.0
2025-10-21,12,タフグミ梅マニア,1134.02,1361,238.0,269897.0
2025-10-21,12,テリアトロピカルＭ,1134.02,1361,528.0,598763.0
2025-10-21,12,ＡｐｐｌｅＧＣ＿ＶＡＲ,1134.02,1361,3250.0,3685565.0
2025-10-21,12,ラッキーＥＸカット６,1134.02,1361,428.0,485361.0
2025-10-21,12,キャメルリッチプルーム,1134.02,1361,455.0,515979.0
2025-10-21,12,ソイチキン根菜ラップ,1134.02,1361,369.0,418453.0
2025-10-21,12,ガルボポケットパック,1134.02,1361,175.0,198454.0
2025-10-21,12,クランキーＰＪクランチＣ,1134.02,1361,175.0,198454.0
2025-10-21,12,センティアＴイエロー,1134.02,1361,482.0,546598.0
2025-10-21,12,◎カリカリ梅赤小袋,1134.02,1361,184.0,208660.0
2025-10-21,12,一番搾りホワイト３５０,1134.02,1361,216.0,244948.0
2025-10-21,12,未来のレサワプレーン３４,1134.02,1361,271.0,307319.0
2025-10-21,12,ガーナザクほろ塩ミルＰＪ,1134.02,1361,177.0,200722.0
2025-10-21,12,ひとくちルマンド,1134.02,1361,162.0,183711.0
2025-10-21,12,センティアＳゴールド,1134.02,1361,482.0,546598.0
2025-10-21,12,スニッカーズピーナッツ,1134.02,1361,150.0,170103.0
2025-10-21,12,◎こだわりのフィナンシェ,1134.02,1361,135.0,153093.0
2025-10-21,12,ツナたまごサンド,1134.02,1361,246.0,278969.0
2025-10-21,12,ちびサワーズドリンクアソ,1134.02,1361,211.0,239278.0
2025-10-21,12,メントスグレープ,1134.02,1361,120.0,136082.0
2025-10-21,12,スッパイスッパイマン大作,1134.02,1361,139.0,157629.0
2025-10-21,12,ミンティアＢ濃苺,1134.02,1361,211.0,239278.0
2025-10-21,12,シゲキックス梅ソルト味,1134.02,1361,120.0,136082.0
2025-10-21,12,植物生まれマスカットグミ,1134.02,1361,148.0,167835.0
2025-10-21,12,ザ・クレープ　生チョコ,1134.02,1361,230.0,260825.0
2025-10-21,12,さけるチーズプレーン,1134.02,1361,141.0,159897.0
2025-10-21,12,ナカミグミもも味,1134.02,1361,168.0,190515.0
2025-10-21,12,◎生コッペパン（ツナ＆ポ,1134.02,1361,149.0,168969.0
2025-10-21,12,◎いちごモッチ,1134.02,1361,139.0,157629.0
2025-10-21,12,◎アップルクリームデニッ,1134.02,1361,135.0,153093.0
2025-10-21,12,◎たっぷりクリームデニッ,1134.02,1361,116.0,131546.0
2025-10-21,12,クロレッツＸＰ　オリジナ,1134.02,1361,180.0,204124.0
2025-10-21,12,ミンティアドライハード,1134.02,1361,105.0,119072.0
2025-10-21,12,ミンティアＢシャイニーピ,1134.02,1361,211.0,239278.0
2025-10-21,12,果汁グミぶどう,1134.02,1361,152.0,172371.0
2025-10-21,12,ピュレグミレモン味,1134.02,1361,150.0,170103.0
2025-10-21,12,◎サラダチキンＳハーブ,1134.02,1361,172.0,195051.0
2025-10-21,12,◎グリルチキンＢＰ,1134.02,1361,221.0,250618.0
2025-10-21,12,野菜生活シークヮーサー,1134.02,1361,118.0,133814.0
2025-10-21,12,トマトジュース食塩無添加,1134.02,1361,113.0,128144.0
2025-10-21,12,エッセンシャルズ鉄分,1134.02,1361,152.0,172371.0
2025-10-21,12,エッセンシャルズビタミン,1134.02,1361,152.0,172371.0
2025-10-21,12,ネクターピーチティー,1134.02,1361,193.0,218866.0
2025-10-21,12,◎カフェラテ　砂糖不使用,1134.02,1361,181.0,205258.0
2025-10-21,12,のむフルーチェイチゴ,1134.02,1361,249.0,282371.0
2025-10-21,12,◎のむヨーグルトいちご,1134.02,1361,162.0,183711.0
2025-10-21,12,ＯＡＴＳＩＤＥプレーン,1134.02,1361,128.0,145155.0
2025-10-21,12,激シゲキックスソーダ,1134.02,1361,120.0,136082.0
2025-10-21,12,◎サラダチキンＳスモーク,1134.02,1361,172.0,195051.0
2025-10-21,12,ブレンドＳ,1134.02,1361,135.0,153093.0
2025-10-21,12,◎グリルチキンやきとり,1134.02,1361,221.0,250618.0
2025-10-21,12,アイスコーヒーＳ,1134.02,1361,135.0,153093.0
2025-10-21,12,◎おつまみかまぼこチーズ,1134.02,1361,173.0,196185.0
2025-10-21,12,◎豆腐と枝豆のひじき和え,1134.02,1361,239.0,271031.0
2025-10-21,12,◎特製ダレの味付けたまご,1134.02,1361,304.0,344742.0
2025-10-21,12,豚しゃぶのパスタサラダ,1134.02,1361,369.0,418453.0
2025-10-21,12,豚しゃぶおろしパスタサラ,1134.02,1361,369.0,418453.0
2025-10-21,12,彩りサラダチキンサンド,1134.02,1361,399.0,452474.0
2025-10-21,12,ゆでたまご＆ハムミックス,1134.02,1361,323.0,366288.0
2025-10-21,12,焦がし醤油風グリルチキン,1134.02,1361,369.0,418453.0
2025-10-21,12,ラッキーＥＸカット１０,1134.02,1361,428.0,485361.0
2025-10-21,12,◎チョコツイスト３本入,1134.02,1361,144.0,163299.0
2025-10-21,12,生ハムとルッコラ,1134.02,1361,462.0,523917.0
2025-10-21,12,◎生コッペパン（ダブルピ,1134.02,1361,135.0,153093.0
2025-10-21,12,おいしい牛乳２００ＭＬ,1134.02,1361,133.0,150825.0
2025-10-21,12,◎白生クリームパン（ダブ,1134.02,1361,147.0,166701.0
2025-10-21,12,◎炙りいかそうめん,1134.02,1361,193.0,218866.0
2025-10-21,12,Ｗ・Ｃホワイト１・１００,1134.02,1361,491.0,556804.0
2025-10-21,12,チップスターＳ梅しそ味,1134.02,1361,158.0,179175.0
2025-10-21,12,◎フランクロール,1134.02,1361,184.0,208660.0
2025-10-21,12,メビＰメンＯＰＰ８,1134.02,1361,528.0,598763.0
2025-10-21,12,今治ＴＨ千鳥,1134.02,1361,600.0,680412.0
2025-10-21,12,つかめる実験！ふしぎ玉,1134.02,1361,180.0,204124.0
2025-10-21,12,三次元マスクふつう,1134.02,1361,350.0,396907.0
2025-10-21,12,メビウスＥＸＬＢ,1134.02,1361,528.0,598763.0
2025-10-21,12,グミチョコ苺,1134.02,1361,233.0,264227.0
2025-10-21,12,マカダミアＰＪカラメリゼ,1134.02,1361,175.0,198454.0
2025-10-21,12,たべっ子ラムネレモン味,1134.02,1361,150.0,170103.0
2025-10-21,12,ポテトＣおたくのマヨ味,1134.02,1361,190.0,215464.0
2025-10-21,12,ケントＮＳインテンスリＦ,1134.02,1361,500.0,567010.0
2025-10-21,12,メビウスＥＭＯＰＰ１Ｓ,1134.02,1361,455.0,515979.0
2025-10-21,12,３色そぼろ＆チキン南蛮弁,1134.02,1361,580.0,657732.0
2025-10-21,12,海苔巻おかき,1134.02,1361,228.0,258557.0
2025-10-21,12,レジ袋４５号,1134.02,1361,7.0,7938.0
2025-10-21,12,◎マシマシ紅しょうがせん,1134.02,1361,119.0,134948.0
2025-10-21,12,◎おこめチップスのりしお,1134.02,1361,249.0,282371.0
2025-10-21,12,メビウス１・１００ＢＯＸ,1134.02,1361,528.0,598763.0
2025-10-21,12,◎ミニクッキー,1134.02,1361,128.0,145155.0
2025-10-21,12,グリーンガム,1134.02,1361,138.0,156495.0
2025-10-21,12,◎黒ごまミニアスパラガス,1134.02,1361,119.0,134948.0
2025-10-21,12,健康のど飴梅小袋,1134.02,1361,128.0,145155.0
2025-10-21,12,メビＰメンＯＰＰ５,1134.02,1361,528.0,598763.0
2025-10-21,12,富士通ＰＲＥ　単３－４Ｐ,1134.02,1361,528.0,598763.0
2025-10-21,12,オリオンドラフト３５０,1134.02,1361,216.0,244948.0
2025-10-21,12,週刊少年マガジン,1134.02,1361,364.0,412783.0
2025-10-21,12,ｉｎバープロテインバニラ,1134.02,1361,170.0,192783.0
2025-10-21,12,◎ひとくちこしあん大福５,1134.02,1361,156.0,176907.0
2025-10-21,12,ミルク餅,1134.02,1361,130.0,147423.0
2025-10-21,12,◎有明産の海苔,1134.02,1361,121.0,137216.0
2025-10-21,12,まるごとりんごのど飴小袋,1134.02,1361,128.0,145155.0
2025-10-21,12,キットカットバー,1134.02,1361,140.0,158763.0
2025-10-21,12,グミだよ。レモネード味,1134.02,1361,166.0,188247.0
2025-10-21,12,カンデミーナＷ電撃ライチ,1134.02,1361,200.0,226804.0
2025-10-21,12,◎スパイシービーフジャー,1134.02,1361,156.0,176907.0
2025-10-21,12,ＢＳラーメンおつまみ,1134.02,1361,131.0,148557.0
2025-10-21,12,ケントトゥルータバコ,1134.02,1361,437.0,495567.0
2025-10-21,12,フェットチーネＰピーチパ,1134.02,1361,148.0,167835.0
2025-10-21,12,◎超暴君ハバネロ,1134.02,1361,128.0,145155.0
2025-10-21,12,◎ノアールミニ,1134.02,1361,119.0,134948.0
2025-10-21,12,スティックのりＰＩＴ,1134.02,1361,232.0,263093.0
2025-10-21,12,ケントＴリッチタバコ,1134.02,1361,437.0,495567.0
2025-10-21,12,クロレッツＸＰシャープミ,1134.02,1361,180.0,204124.0
2025-10-21,12,クールループド,1134.02,1361,455.0,515979.0
2025-10-21,12,ラーク・マイルド・ＢＯＸ,1134.02,1361,491.0,556804.0
2025-10-21,12,週　刊　プ　ロ　レ　ス,1134.02,1361,573.0,649793.0
2025-10-21,12,◎しっとりバウムクーヘン,1134.02,1361,167.0,189381.0
2025-10-21,12,◎つぶあんどら焼き,1134.02,1361,144.0,163299.0
2025-10-21,12,今治ＴＨドット／黒青,1134.02,1361,600.0,680412.0
2025-10-21,12,アメスピＯＬゴールド,1134.02,1361,382.0,433196.0
2025-10-21,12,ビッグ　コミック,1134.02,1361,437.0,495567.0
2025-10-21,12,グランドジャンプ,1134.02,1361,437.0,495567.0
2025-10-21,12,◎ばかうけたっぷり青のり,1134.02,1361,110.0,124742.0
2025-10-21,12,ニベアディープモイスチャ,1134.02,1361,533.0,604433.0
2025-10-21,12,ホロチャージホロライブＧ,1134.02,1361,260.0,294845.0
2025-10-21,12,トロピカーナオレンジ,1134.02,1361,150.0,170103.0
2025-10-21,12,１本満足プロテインチョコ,1134.02,1361,171.0,193917.0
2025-10-21,12,プロテインバー　チョコ,1134.02,1361,180.0,204124.0
2025-10-21,12,堅あげポテトうすしお味,1134.02,1361,179.0,202990.0
2025-10-21,12,氷結グレープフルーツ３５,1134.02,1361,168.0,190515.0
2025-10-21,12,読売新聞,1134.02,1361,164.0,185979.0
2025-10-21,12,週刊ベースボール,1134.02,1361,564.0,639587.0
2025-10-21,12,明治Ｒ－１ドリンク,1134.02,1361,149.0,168969.0
2025-10-21,12,◎瀬戸内レモンピール,1134.02,1361,167.0,189381.0
2025-10-21,12,雑貨（雑誌便）,1134.02,1361,2490.0,2823710.0
2025-10-21,12,マルボロ・メン４Ｂ,1134.02,1361,546.0,619175.0
2025-10-21,12,Ｗ・Ｃレッド８・ＢＯＸ,1134.02,1361,491.0,556804.0
2025-10-21,12,ネオＢワイルドベリー,1134.02,1361,455.0,515979.0
2025-10-21,12,ポリッピーしお味,1134.02,1361,120.0,136082.0
2025-10-21,12,特撰月餅,1134.02,1361,140.0,158763.0
2025-10-21,12,ＭＶＰＧフローズンウィズ,1134.02,1361,546.0,619175.0
2025-10-21,12,ふわもち生大福　コーヒー,1134.02,1361,138.0,156495.0
2025-10-21,12,ラー油四川風麻婆焼そば,1134.02,1361,499.0,565876.0
2025-10-21,12,サラサクリップ　赤,1134.02,1361,99.0,112268.0
2025-10-21,12,エボコールドＭ　ＰＬＭ,1134.02,1361,500.0,567010.0
2025-10-21,12,べスティＥＸ首振り,1134.02,1361,100.0,113402.0
2025-10-21,12,野菜スティック味噌マヨ,1134.02,1361,276.0,312990.0
2025-10-21,12,冷たい明太カルボナーラ,1134.02,1361,499.0,565876.0
2025-10-21,12,フレッシュ野菜サラダ,1134.02,1361,199.0,225670.0
2025-10-21,12,ミニチーズおかきお好み焼,1134.02,1361,147.0,166701.0
2025-10-21,12,メビウスＥＯＰＰ８,1134.02,1361,455.0,515979.0
2025-10-21,12,週刊少年サンデー,1134.02,1361,346.0,392371.0
2025-10-21,12,セロテープ小巻直線カッタ,1134.02,1361,220.0,249484.0
2025-10-21,12,メビウスＢ,1134.02,1361,528.0,598763.0
2025-10-21,12,洗顔シート　石けんの香り,1134.02,1361,246.0,278969.0
2025-10-21,12,ラーク・ＢＯＸ,1134.02,1361,491.0,556804.0
2025-10-21,12,日刊ゲンダイ　通常版,1134.02,1361,164.0,185979.0
2025-10-21,12,ＡｐｐｌｅＧＣ　ＶＡＲ,1134.02,1361,5000.0,5670100.0
2025-10-21,12,ＭＶマスカットＯＰＰＬＭ,1134.02,1361,455.0,515979.0
2025-10-21,12,タフグミｍｉｎｉデュオ,1134.02,1361,238.0,269897.0
2025-10-21,12,フェイシャルＰアイス,1134.02,1361,250.0,283505.0
2025-10-21,12,パリジャンサンドハムチズ,1134.02,1361,323.0,366288.0
2025-10-21,12,レインボーキューブグミ,1134.02,1361,198.0,224536.0
2025-10-21,12,冷しとろろそば,1134.02,1361,508.0,576082.0
2025-10-21,12,メビウス１００Ｂ,1134.02,1361,528.0,598763.0
2025-10-21,12,◎グリルチキン梅しそ,1134.02,1361,221.0,250618.0
2025-10-21,12,午後の紅茶　ストレート,1134.02,1361,160.0,181443.0
2025-10-21,12,ネオアイスドＭハイパー,1134.02,1361,455.0,515979.0
2025-10-21,12,じゃがりこＬ明太もんじゃ,1134.02,1361,218.0,247216.0
2025-10-21,12,◎ふんわりカステラ,1134.02,1361,119.0,134948.0
2025-10-21,12,プロテインピーナッツバタ,1134.02,1361,249.0,282371.0
2025-10-21,12,ＭＶアロマＲプルーム,1134.02,1361,473.0,536391.0
2025-10-21,12,さけるチーズとうがらし味,1134.02,1361,141.0,159897.0
2025-10-21,12,◎麻辣花生,1134.02,1361,128.0,145155.0
2025-10-21,12,無限そら豆濃塩ポーク,1134.02,1361,158.0,179175.0
2025-10-21,12,ＡｐｐｌｅＧＣ１．５千,1134.02,1361,1500.0,1701030.0
2025-10-21,12,冷シート　フローラル,1134.02,1361,462.0,523917.0
2025-10-21,12,ポカリスエット５００,1134.02,1361,150.0,170103.0
2025-10-21,12,ポッキーチョコレート,1134.02,1361,207.0,234742.0
2025-10-21,12,メビウスＥ６　１００Ｓ,1134.02,1361,455.0,515979.0
2025-10-21,12,オイコス　ストロベリー,1134.02,1361,189.0,214330.0
2025-10-21,12,センティアＣグリーン,1134.02,1361,482.0,546598.0
2025-10-21,12,デイリースポーツ,1134.02,1361,146.0,165567.0
2025-10-21,12,ハムレタスたまごサンド,1134.02,1361,265.0,300515.0
2025-10-21,12,◎高地栽培バナナ１本,1134.02,1361,130.0,147423.0
2025-10-21,12,ＣＷ晴雨兼用ミニ折傘,1134.02,1361,2014.0,2283916.0
2025-10-21,12,濃い大満足みかん,1134.02,1361,239.0,271031.0
2025-10-21,12,塩分チャージタブレッツ,1134.02,1361,238.0,269897.0
2025-10-21,12,ケントＴベリーブースト,1134.02,1361,437.0,495567.0
2025-10-21,12,朝日新聞,1134.02,1361,164.0,185979.0
2025-10-21,12,１９６無糖Ｗパイン３５,1134.02,1361,161.0,182577.0
2025-10-21,12,ケントＮＳブライトタバコ,1134.02,1361,500.0,567010.0
2025-10-21,12,◎グリルチキンゆず七味,1134.02,1361,221.0,250618.0
2025-10-21,12,エボベリーＣＲ　ＰＬＭ,1134.02,1361,500.0,567010.0
2025-10-21,12,メビウスＳＬＢ,1134.02,1361,528.0,598763.0
2025-10-21,12,エボディープＲ　ＰＬＭ,1134.02,1361,500.0,567010.0
2025-10-21,12,ＳｐｏｒｔｓＧｒａｐｈｉ,1134.02,1361,746.0,845979.0
2025-10-21,12,少年チャンピオン,1134.02,1361,364.0,412783.0
2025-10-21,12,紳士リブＳ黒,1134.02,1361,390.0,442268.0
2025-10-21,12,文庫,1134.02,1361,600.0,680412.0
2025-10-21,12,ヤング　ジャンプ,1134.02,1361,428.0,485361.0
2025-10-21,12,フリスクペパーミント,1134.02,1361,235.0,266495.0
2025-10-21,12,テリアルビーレギュラー,1134.02,1361,528.0,598763.0
2025-10-21,12,週　刊　新　潮,1134.02,1361,464.0,526185.0
2025-10-21,12,◎２種の醤油仕上げ柿ピー,1134.02,1361,167.0,189381.0
2025-10-21,12,三次元マスク大きめ,1134.02,1361,350.0,396907.0
2025-10-21,12,顔体用シート　ゴミポケ,1134.02,1361,280.0,317526.0
2025-10-21,12,炙り焼　鳥めし弁当,1134.02,1361,526.0,596495.0
2025-10-21,12,今治ＴＨ　ハート,1134.02,1361,637.0,722371.0
2025-10-21,12,スポニチ東日本,1134.02,1361,164.0,185979.0
2025-10-21,12,ざるそば,1134.02,1361,417.0,472886.0
2025-10-21,12,◎塩揚げ餅,1134.02,1361,128.0,145155.0
2025-10-21,12,ラッキーＳベリーＢ,1134.02,1361,391.0,443402.0
2025-10-21,12,◎チョコチップスコーン,1134.02,1361,149.0,168969.0
2025-10-21,12,週　刊　実　話,1134.02,1361,519.0,588556.0
2025-10-21,12,チ－ズインカレ－ハンバ－,1134.02,1361,184.0,208660.0
2025-10-21,12,マルボロミディアムＢＯＸ,1134.02,1361,546.0,619175.0
2025-10-21,12,ＧＰｌａｙバリアブル,1134.02,1361,3000.0,3402060.0
2025-10-21,12,ソフトワン使い切り１回分,1134.02,1361,121.0,137216.0
2025-10-21,12,ソルティライチ,1134.02,1361,163.0,184845.0
2025-10-21,12,果汁グミ弾力プラスいちご,1134.02,1361,225.0,255154.0
2025-10-21,12,綴じノートＢ５Ａ罫,1134.02,1361,208.0,235876.0
2025-10-21,12,ニッカン東日本（日刊スポ,1134.02,1361,164.0,185979.0
2025-10-21,12,クリニカハミガキ　ミニ,1134.02,1361,91.0,103196.0
2025-10-21,12,アメリカヘアピン,1134.02,1361,280.0,317526.0
2025-10-21,12,午後の紅茶おいしい無糖,1134.02,1361,158.0,179175.0
2025-10-21,12,折りたたみセットコーム,1134.02,1361,491.0,556804.0
2025-10-21,12,極冷感　フリージア,1134.02,1361,462.0,523917.0
2025-10-21,12,回転焼（抹茶あん）２個入,1134.02,1361,147.0,166701.0
2025-10-21,12,冷しぶっかけ豚肉うどん,1134.02,1361,554.0,628247.0
2025-10-21,12,クリニカトラベルセット,1134.02,1361,330.0,374227.0
2025-10-21,12,かっぱえびせん鳴門の塩,1134.02,1361,158.0,179175.0
2025-10-21,12,プレミアムルック清水白桃,1134.02,1361,270.0,306185.0
2025-10-21,12,ポテトチップス大人の夏味,1134.02,1361,158.0,179175.0
2025-10-21,12,フリスクＣＢフレッシュＭ,1134.02,1361,278.0,315258.0
2025-10-21,12,◎あたりめ　小,1134.02,1361,147.0,166701.0
2025-10-21,12,ハッピーターンスパイス,1134.02,1361,120.0,136082.0
2025-10-21,12,◎チョコマカダミアクッキ,1134.02,1361,184.0,208660.0
2025-10-21,12,アイスコーヒーＭ,1134.02,1361,223.0,252886.0
2025-10-21,12,Ｆ謹製塩豆大福,1134.02,1361,167.0,189381.0
2025-10-21,12,◎トルティーヤＣタコス味,1134.02,1361,128.0,145155.0
2025-10-21,12,ミニ冷し中華,1134.02,1361,369.0,418453.0
2025-10-21,12,競馬ブック,1134.02,1361,500.0,567010.0
2025-10-21,12,週刊　漫画タイムス,1134.02,1361,364.0,412783.0
2025-10-21,12,ＢＳおつまみ激辛チキン,1134.02,1361,136.0,154227.0
2025-10-21,12,東スポ競馬特別版,1134.02,1361,228.0,258557.0
2025-10-21,12,キャメルクラフト１２,1134.02,1361,410.0,464948.0
2025-10-21,12,メビウスＳＴ１　１００,1134.02,1361,528.0,598763.0
2025-10-21,12,アロンアルフア速効多用途,1134.02,1361,501.0,568144.0
2025-10-21,12,◎風味が豊かなチーズ鱈小,1134.02,1361,172.0,195051.0
2025-10-21,12,ライトニング用イヤホン,1134.02,1361,3255.0,3691235.0
2025-10-21,12,ＭＶＭミントＭプルーム,1134.02,1361,455.0,515979.0
2025-10-21,12,◎春雨スープかきたま,1134.02,1361,167.0,189381.0
2025-10-21,12,ピアニシモ・プレシアメン,1134.02,1361,519.0,588556.0
2025-10-21,12,ハイマッキー　太字　黒,1134.02,1361,136.0,154227.0
2025-10-21,12,ミックスアイス,1134.02,1361,464.0,526185.0
2025-10-21,12,コミック,1134.02,1361,520.0,589690.0
2025-10-21,12,海味鮮,1134.02,1361,120.0,136082.0
2025-10-21,12,漫　画　ゴラク,1134.02,1361,500.0,567010.0
2025-10-21,12,ビッグコミックオリジナル,1134.02,1361,437.0,495567.0
2025-10-21,12,もっちりクリームロール,1134.02,1361,313.0,354948.0
2025-10-21,12,塩チョコタルト,1134.02,1361,258.0,292577.0
2025-10-21,12,雑誌（地元発行紙）,1134.02,1361,228.0,258557.0
2025-10-21,12,アクアリッチ　エッセンス,1134.02,1361,880.0,997938.0
2025-10-21,12,ベロブリージーマンゴーＭ,1134.02,1361,291.0,330000.0
2025-10-21,12,噛むブレスケアレモン,1134.02,1361,385.0,436598.0
2025-10-21,12,月刊　少年マガジン,1134.02,1361,637.0,722371.0
2025-10-21,12,マッキー　極細　黒,1134.02,1361,111.0,125876.0
2025-10-21,12,ネオＢレッドフルーツ,1134.02,1361,455.0,515979.0
2025-10-21,12,技のこだ割り濃厚醤油,1134.02,1361,138.0,156495.0
2025-10-21,12,さけるチーズスモーク味,1134.02,1361,141.0,159897.0
2025-10-21,12,冷シート　無香,1134.02,1361,462.0,523917.0
2025-10-21,12,大盛　明太子スパゲティ,1134.02,1361,554.0,628247.0
2025-10-21,12,ブレンドＭ,1134.02,1361,204.0,231340.0
2025-10-21,12,スポーツ報知,1134.02,1361,164.0,185979.0
2025-10-21,12,日刊スポーツ,1134.02,1361,164.0,185979.0
2025-10-21,12,競馬エイト,1134.02,1361,591.0,670206.0
2025-10-21,12,ゼロチョコレートクリスプ,1134.02,1361,220.0,249484.0
2025-10-21,12,◎ドライもも,1134.02,1361,276.0,312990.0
2025-10-21,12,メビウスＥＸＬ１００Ｂ,1134.02,1361,528.0,598763.0
2025-10-21,12,キャメルクラフト１,1134.02,1361,410.0,464948.0
2025-10-21,12,今治ＴＨＣグラデーション,1134.02,1361,600.0,680412.0
2025-10-21,12,今治ＴＨ　ストライプＢＧ,1134.02,1361,637.0,722371.0
2025-10-21,12,テリアメンソール１０Ｐ,1134.02,1361,5273.0,5979687.0
2025-10-21,12,オイコスドリンク　カフェ,1134.02,1361,248.0,281237.0
2025-10-21,12,明治ヨーグルトＲ－１,1134.02,1361,144.0,163299.0
2025-10-21,12,ネオＢマスカッット,1134.02,1361,455.0,515979.0
2025-10-21,12,夏ポテト紀州の南高梅味,1134.02,1361,179.0,202990.0
2025-10-21,12,ＧＰｌａｙ５０００,1134.02,1361,5000.0,5670100.0
2025-10-21,12,スパッシュラムネレモン,1134.02,1361,147.0,166701.0
2025-10-21,12,ラッキーＳトロピカルＢ,1134.02,1361,391.0,443402.0
2025-10-21,12,スフレ・プリン,1134.02,1361,306.0,347010.0
2025-10-21,12,スポーツニッポン,1134.02,1361,164.0,185979.0
2025-10-21,12,エボルタＮＥＯ単３－４Ｐ,1134.02,1361,659.0,747319.0
2025-10-21,12,アスティーグ肌　Ｌ,1134.02,1361,600.0,680412.0
2025-10-21,12,消しゴム　ＭＯＮＯ,1134.02,1361,110.0,124742.0
2025-10-21,12,キャップ付鉛筆３Ｐ,1134.02,1361,180.0,204124.0
2025-10-21,12,ケント・１・ＫＳ・ＢＯＸ,1134.02,1361,473.0,536391.0
2025-10-21,12,スーパーグリップシャープ,1134.02,1361,100.0,113402.0
2025-10-21,12,ショートＳ灰緑／白小,1134.02,1361,390.0,442268.0
2025-10-21,12,ソルティグレフルグミ,1134.02,1361,184.0,208660.0
2025-10-21,12,うまイチュウ青りんご味,1134.02,1361,127.0,144021.0
2025-10-21,12,ペタグーシャインマスカッ,1134.02,1361,150.0,170103.0
2025-10-21,12,クールマイルド・ＢＯＸ,1134.02,1361,528.0,598763.0
2025-10-21,12,マロッシュラムネ味,1134.02,1361,159.0,180309.0
2025-10-21,12,アポロマイスタイル,1134.02,1361,247.0,280103.0
2025-10-21,12,◎夏のベイクドチーズＣ,1134.02,1361,138.0,156495.0
2025-10-21,12,パイの実レアチーズケーキ,1134.02,1361,238.0,269897.0
2025-10-21,12,ビッグコミックスピリッツ,1134.02,1361,464.0,526185.0
2025-10-21,12,塩キャラメルプリン,1134.02,1361,230.0,260825.0
2025-10-21,12,クロレッツＸＰ　クリアミ,1134.02,1361,180.0,204124.0
2025-10-21,12,ライトニング電池式６本,1134.02,1361,2346.0,2660411.0
2025-10-21,12,多当仏　御霊前,1134.02,1361,87.0,98660.0
2025-10-21,12,テリヤキチキンたまごコぺ,1134.02,1361,323.0,366288.0
2025-10-21,12,ワンピデッキシャンクス,1134.02,1361,500.0,567010.0
2025-10-21,12,◎ばんそうこう３サイズ,1134.02,1361,362.0,410515.0
2025-10-21,12,◎塩キャラメルケーキタ３,1134.02,1361,167.0,189381.0
2025-10-21,12,Ｃボス　地中海スカッシュ,1134.02,1361,166.0,188247.0
2025-10-21,12,マッチ　５００,1134.02,1361,150.0,170103.0
2025-10-21,12,テリアスムースＲ１０Ｐ,1134.02,1361,5273.0,5979687.0
2025-10-21,12,こだわり酒場のレモン３５,1134.02,1361,161.0,182577.0
2025-10-21,12,狩人めしエナジードリンク,1134.02,1361,125.0,141752.0
2025-10-21,12,サントリー生ビール３５０,1134.02,1361,212.0,240412.0
2025-10-21,12,北海道生ビール３５０,1134.02,1361,216.0,244948.0
2025-10-21,12,◎やわらか燻製さきいか,1134.02,1361,184.0,208660.0
2025-10-21,12,◎とうふとわかめ,1134.02,1361,121.0,137216.0
2025-10-21,12,青磯海苔　まぐろたくあん,1134.02,1361,187.0,212062.0
2025-10-21,12,ザバスチョコレート２００,1134.02,1361,205.0,232474.0
2025-10-21,12,大粒ラムネアイスボックス,1134.02,1361,161.0,182577.0
2025-10-21,12,男梅サワー梅涼し３５０,1134.02,1361,187.0,212062.0
2025-10-21,12,もち麦　新生姜とわかめ,1134.02,1361,163.0,184845.0
2025-10-21,12,紳士くるぶし丈Ｓ黒,1134.02,1361,390.0,442268.0
2025-10-21,12,ショートＳ灰緑／白大,1134.02,1361,390.0,442268.0
2025-10-21,12,漬け真鯛おむすび,1134.02,1361,260.0,294845.0
2025-10-21,12,こってり炒飯おむすび,1134.02,1361,166.0,188247.0
2025-10-21,12,手巻寿司　ばくだん納豆,1134.02,1361,207.0,234742.0
2025-10-21,12,茶流彩彩　コーン茶,1134.02,1361,110.0,124742.0
2025-10-21,12,◎どかっとベーコンチーズ,1134.02,1361,139.0,157629.0
2025-10-21,12,ＢＩＧあらびきソーセージ,1134.02,1361,150.0,170103.0
2025-10-21,12,◎クランベリー＆チーズク,1134.02,1361,147.0,166701.0
2025-10-21,12,◎塩バターパン（チョコク,1134.02,1361,156.0,176907.0
2025-10-21,12,３種のミックスサンド,1134.02,1361,298.0,337938.0
2025-10-21,12,ネオＢトロピカルハイパー,1134.02,1361,455.0,515979.0
2025-10-21,12,ブラックＴココナッツ小袋,1134.02,1361,128.0,145155.0
2025-10-21,12,ぷっちょＳＴ瀬戸内レモン,1134.02,1361,118.0,133814.0
2025-10-21,12,みんなのレモネード,1134.02,1361,212.0,240412.0
2025-10-21,12,オレンジもちとろクリーム,1134.02,1361,184.0,208660.0
2025-10-21,12,まるごとバナナ,1134.02,1361,260.0,294845.0
2025-10-21,12,８×４ロールオンせっけん,1134.02,1361,641.0,726907.0
2025-10-21,12,ノンシュガー塩果実キャン,1134.02,1361,211.0,239278.0
2025-10-21,12,◎ふんわりとしたパンケ８,1134.02,1361,172.0,195051.0
2025-10-21,12,つくね＆鶏そぼろごはん,1134.02,1361,313.0,354948.0
2025-10-21,12,ＩＱＯＳｉＯＭブラック,1134.02,1361,3619.0,4104018.0
2025-10-21,12,◎焼きカレーパン３個入,1134.02,1361,184.0,208660.0
2025-10-21,12,プライドポテト神戸ビーフ,1134.02,1361,168.0,190515.0
2025-10-21,12,堅あげ焼きとうもろこし,1134.02,1361,179.0,202990.0
2025-10-21,12,◎Ｆボスブラック　４５０,1134.02,1361,130.0,147423.0
2025-10-21,12,コアラのマーチ練乳ミルク,1134.02,1361,177.0,200722.0
2025-10-21,12,ＰＧスパイシーチキンＳ缶,1134.02,1361,168.0,190515.0
2025-10-21,12,ハニーミルクティー,1134.02,1361,230.0,260825.0
2025-10-21,12,果汁グミすいか,1134.02,1361,152.0,172371.0
2025-10-21,12,カスタムプラスＥＸ首振り,1134.02,1361,398.0,451340.0
2025-10-21,12,ツナとたまごサンド,1134.02,1361,265.0,300515.0
2025-10-21,12,◎塩チョコフィナンシェ,1134.02,1361,167.0,189381.0
2025-10-21,12,大盛豚肉とねぎの塩焼そば,1134.02,1361,554.0,628247.0
2025-10-21,12,純連冷し味噌ラーメン,1134.02,1361,599.0,679278.0
2025-10-21,12,フルーツの沼メロン＆白桃,1134.02,1361,230.0,260825.0
2025-10-21,12,トルティーヤ豚生姜ハムチ,1134.02,1361,369.0,418453.0
2025-10-21,12,ぷっちょイカゲーム第二弾,1134.02,1361,193.0,218866.0
2025-10-21,12,Ｗ・Ｃホワイト３ＢＯＸ,1134.02,1361,491.0,556804.0
2025-10-21,12,毎日新聞（１都６県静０１,1134.02,1361,,
2025-10-21,12,東京スポーツ（１都６県静,1134.02,1361,,
2025-10-21,12,東京新聞（１都６県静０１,1134.02,1361,,
2025-10-21,12,スポーツ報知（関東東北北,1134.02,1361,,
2025-10-21,12,日刊ゲンダイ（１都６県静,1134.02,1361,,
2025-10-21,12,納豆細巻寿司（２巻増量）,1134.02,1361,389.0,441134.0
2025-10-21,12,ＪＴニューヨーク（旧：ヘ,1134.02,1361,,
2025-10-21,12,読売新聞（１都６県静０１,1134.02,1361,,
2025-10-21,12,日本経済新聞（静０５）,1134.02,1361,,
2025-10-21,12,朝日新聞（宮山梨静０５以,1134.02,1361,,
2025-10-21,12,ＴｈｅＪａｐａｎＮｅｗｓ,1134.02,1361,,
2025-10-21,12,産経新聞（宮山梨静０５以,1134.02,1361,,
2025-10-21,12,プロテインキャラメル,1134.02,1361,249.0,282371.0
2025-10-21,12,キャメルクラフトＭＢ５,1134.02,1361,410.0,464948.0
2025-10-21,12,◎どかっとテリマヨチキン,1134.02,1361,135.0,153093.0
2025-10-21,12,スポニチ（山梨静０５以外,1134.02,1361,,
2025-10-21,12,デイリースポーツ（１都６,1134.02,1361,,
2025-10-21,12,サンスポ（山梨静０５以外,1134.02,1361,,
2025-10-21,12,日刊スポ（山梨静０５以外,1134.02,1361,,
2025-10-21,12,婦人リブＳ白,1134.02,1361,390.0,442268.0
2025-10-21,12,◎こだわりのバタークッキ,1134.02,1361,239.0,271031.0
2025-10-21,12,Ｆはちみつ＆マーガリンの,1134.02,1361,147.0,166701.0
2025-10-21,12,男梅シート,1134.02,1361,200.0,226804.0
2025-10-21,12,ＧＰｌａｙ３０００,1134.02,1361,3000.0,3402060.0
2025-10-21,12,Ｓスター１０Ｂ,1134.02,1361,546.0,619175.0
2025-10-21,12,オイコス　パッションフル,1134.02,1361,189.0,214330.0
2025-10-21,12,コーヒー用氷Ｓ,1134.02,1361,,
2025-10-21,12,◎冷スープかぼちゃと人参,1134.02,1361,332.0,376495.0
2025-10-21,12,ＣＷ晴雨兼用スリム折傘,1134.02,1361,2014.0,2283916.0
2025-10-21,12,セブンスター１０Ｐ,1134.02,1361,5455.0,6186079.0
2025-10-21,12,フライドチキン＆ハンバー,1134.02,1361,555.0,629381.0
2025-10-21,12,ケントエス・スパーク５,1134.02,1361,455.0,515979.0
2025-10-21,12,Ｃ玄米ブラン贅沢ミルク,1134.02,1361,180.0,204124.0
2025-10-21,12,Ｃ玄米ブラン　カカオ,1134.02,1361,155.0,175773.0
2025-10-21,12,ブルガリアＹＯマスカット,1134.02,1361,185.0,209794.0
2025-10-21,12,激辛韓国風焼そば,1134.02,1361,510.0,578350.0
2025-10-21,12,◎フルーツＣ塩レモン,1134.02,1361,276.0,312990.0
2025-10-21,12,沖縄黒糖のブラウにゃー,1134.02,1361,220.0,249484.0
2025-10-21,12,カントリーＭ塩バニラアイ,1134.02,1361,145.0,164433.0
2025-10-21,12,シングルモルト白州１８０,1134.02,1361,1950.0,2211339.0
2025-10-21,12,週刊ＴＶガイド（関東版）,1134.02,1361,,
2025-10-21,12,その他３口座売上,1134.02,1361,649.0,735979.0
2025-10-21,12,竹箸　５００膳,1134.02,1361,,
2025-10-21,12,ＴＶＬＩＦＥ　首都圏版,1134.02,1361,,
2025-10-21,12,コーヒー用氷Ｍ,1134.02,1361,,
2025-10-21,12,ａｎａｎ（アンアン）,1134.02,1361,,
2025-10-21,12,コーヒーリッドＭ,1134.02,1361,,
2025-10-21,12,今治ＴＨフジＲ２５,1134.02,1361,637.0,722371.0
2025-10-21,12,ストローレスリッド,1134.02,1361,,
2025-10-21,12,しあわせ素肌ミニ夜用,1134.02,1361,162.0,183711.0
2025-10-21,12,ニンフィアゼリードリンク,1134.02,1361,249.0,282371.0
2025-10-21,12,新・値下シール３０円,1134.02,1361,,
2025-10-21,12,ＣＷ折りたたみ耐風傘,1134.02,1361,2014.0,2283916.0
2025-10-21,12,サンデー毎日,1134.02,1361,600.0,680412.0
2025-10-21,12,カフェカップＳ,1134.02,1361,,
2025-10-21,12,塩分チャージタブ小袋,1134.02,1361,140.0,158763.0
2025-10-21,12,週刊　女性セブン,1134.02,1361,482.0,546598.0
2025-10-21,12,第１０７回全国高校野球選,1134.02,1361,,
2025-10-21,12,お泊まりスキンケアセット,1134.02,1361,380.0,430928.0
2025-10-21,12,楽天ギフトバリアブル,1134.02,1361,10500.0,11907210.0
2025-10-21,12,ＡＥＲＡ（アエラ）,1134.02,1361,591.0,670206.0
2025-10-21,12,なめらか食感水ようかん,1134.02,1361,158.0,179175.0
2025-10-21,12,トマトベーコンパスタサラ,1134.02,1361,389.0,441134.0
2025-10-21,12,ベ　ス　ト　カ　ー,1134.02,1361,537.0,608969.0
2025-10-21,12,ポケカ拡張ステラ,1134.02,1361,164.0,185979.0
2025-10-21,12,ベロＢマンゴーＭ５Ｐ,1134.02,1361,1455.0,1649999.0
2025-10-21,12,明太マヨいか天,1134.02,1361,130.0,147423.0
2025-10-21,12,マウスＷクリア８０ＭＬ,1134.02,1361,200.0,226804.0
2025-10-21,12,こんがりパンポタージュ,1134.02,1361,170.0,192783.0
2025-10-21,12,クラフトテープ　１巻,1134.02,1361,,
2025-10-21,12,タリーズブラック３９０,1134.02,1361,158.0,179175.0
2025-10-21,12,アルバトロス・ビュー,1134.02,1361,,
2025-10-21,12,テリアレギュラー１０Ｐ,1134.02,1361,5273.0,5979687.0
2025-10-21,12,発注レジ袋１２号バイオマ,1134.02,1361,,
2025-10-21,12,ショコラ＆ホイップパイ,1134.02,1361,239.0,271031.0
2025-10-21,12,ビッグコミックスペリオー,1134.02,1361,464.0,526185.0
2025-10-21,12,ネイビーやまがた県民手帳,1134.02,1361,500.0,567010.0
2025-10-21,12,塩レモンクッキーシュー,1134.02,1361,204.0,231340.0
2025-10-21,12,アスティーグ黒　Ｍ,1134.02,1361,600.0,680412.0
2025-10-21,12,しょうが香る冷し薬味そば,1134.02,1361,,
2025-10-21,12,明太海苔弁当,1134.02,1361,555.0,629381.0
2025-10-21,12,東京スポーツ競馬特別版,1134.02,1361,,
2025-10-21,12,夏ポテト対馬の浜御塩味,1134.02,1361,179.0,202990.0
2025-10-21,12,優馬（関東山形福島）,1134.02,1361,,
2025-10-21,12,日刊競馬（関東山形福島）,1134.02,1361,,
2025-10-21,12,勝馬（関東山形福島）,1134.02,1361,,
2025-10-21,12,競友（関東福島）,1134.02,1361,,
2025-10-21,12,競馬エイト（関東福島）,1134.02,1361,,
2025-10-21,12,競馬ブック（関東山形福島,1134.02,1361,,
2025-10-21,12,馬サブロー（１都６県宮城,1134.02,1361,,
2025-10-21,12,研究（関東山形福島）,1134.02,1361,,
2025-10-21,12,リルＨリキッドＣ,1134.02,1361,73.0,82783.0
2025-10-21,12,ネックバンドイヤホン　黒,1134.02,1361,3164.0,3588039.0
2025-10-21,12,天使のチーズケーキ,1134.02,1361,230.0,260825.0
2025-10-21,12,プレジデント,1134.02,1361,,
2025-10-21,12,ＰＯＳレジロール５０巻,1134.02,1361,,
2025-10-21,12,ペーパータオルＢＳ,1134.02,1361,,
2025-10-21,12,ＪＴオンサンデー（旧：ジ,1134.02,1361,,
2025-10-21,12,コーヒーフレッシュ,1134.02,1361,,
2025-10-21,12,ダーク豆（ＵＣＣ）,1134.02,1361,,
2025-10-21,12,ピース（２０本）,1134.02,1361,546.0,619175.0
2025-10-21,12,２５０円スポーツ,1134.02,1361,228.0,258557.0
2025-10-21,12,ワンピデッキ緑黄ヤマト,1134.02,1361,500.0,567010.0
2025-10-21,12,ワンピデッキ紫黒ルフィ,1134.02,1361,500.0,567010.0
2025-10-21,12,婦人クルーＳ黒,1134.02,1361,390.0,442268.0
2025-10-21,12,ワンピデッキ　バギー,1134.02,1361,500.0,567010.0
2025-10-21,12,ハミガキハブラシセット,1134.02,1361,448.0,508041.0
2025-10-21,12,ＬストライクＢ,1134.02,1361,564.0,639587.0
2025-10-21,12,備蓄米１Ｋｇ,1134.02,1361,,
2025-10-21,12,ｉｎバー　ベイクドビター,1134.02,1361,170.0,192783.0
2025-10-21,12,２ＷＡＹマーカーピンク,1134.02,1361,180.0,204124.0
2025-10-21,12,ガムシロップ,1134.02,1361,,
2025-10-21,12,備蓄米　１ｋｇ,1134.02,1361,360.0,408247.0
2025-10-21,12,堅ぶつ旨塩,1134.02,1361,128.0,145155.0
2025-10-21,12,◎人気のミックスナッツ,1134.02,1361,360.0,408247.0
2025-10-21,12,うるおいさらっとジェル,1134.02,1361,248.0,281237.0
2025-10-21,12,ワンピデッキジュエリー,1134.02,1361,500.0,567010.0
2025-10-21,12,Ｃボス　フルーツエード,1134.02,1361,143.0,162165.0
2025-10-21,12,紅茶花伝　ミルクティー,1134.02,1361,155.0,175773.0
2025-10-21,12,週刊　プレイボーイ,1134.02,1361,591.0,670206.0
2025-10-21,12,今治ＴＨ２５春の色白,1134.02,1361,600.0,680412.0
2025-10-21,12,週　刊　大　衆,1134.02,1361,437.0,495567.0
2025-10-21,12,サクレグミレモン＆梨,1134.02,1361,208.0,235876.0
2025-10-21,12,つぶ塩梅,1134.02,1361,158.0,179175.0
2025-10-21,12,パーラメント１００ＢＯＸ,1134.02,1361,564.0,639587.0
2025-10-21,12,あの夏のラムネグミ,1134.02,1361,167.0,189381.0
2025-10-21,12,濃厚カスタードシュー,1134.02,1361,156.0,176907.0
2025-10-21,12,オレンジパンチ３５０,1134.02,1361,161.0,182577.0
2025-10-21,12,全粒粉サラダチキンたまご,1134.02,1361,369.0,418453.0
2025-10-21,12,パリジャン３種ミート,1134.02,1361,348.0,394639.0
2025-10-21,12,センテＩブラック１０Ｐ,1134.02,1361,4819.0,5464842.0
2025-10-21,12,炭火焼うなぎおむすび,1134.02,1361,369.0,418453.0
2025-10-21,12,海鮮サラダおむすび,1134.02,1361,147.0,166701.0
2025-10-21,12,おろしタツタ弁当（わかめ,1134.02,1361,598.0,678144.0
2025-10-21,12,ビーフハンバーグのロコモ,1134.02,1361,647.0,733711.0
2025-10-21,12,ＳＰＡＭ　玉子焼き,1134.02,1361,313.0,354948.0
2025-10-21,12,週刊　東洋経済,1134.02,1361,864.0,979793.0
2025-10-21,12,エ　コ　ノ　ミ　ス　ト,1134.02,1361,,
2025-10-21,12,テリアリッチＲ１０Ｐ,1134.02,1361,5273.0,5979687.0
2025-10-21,12,ＹＯＵＮＧ　ＫＩＮＧ（ヤ,1134.02,1361,464.0,526185.0
2025-10-21,12,野菜生活巨峰,1134.02,1361,118.0,133814.0
2025-10-21,12,ブーストバイツ,1134.02,1361,240.0,272165.0
2025-10-21,12,専炭治郎の抹茶クリームロ,1134.02,1361,158.0,179175.0
2025-10-21,12,銀鮭と煮物の幕の内弁当,1134.02,1361,555.0,629381.0
2025-10-21,12,鬼滅の刃フルーツオレ,1134.02,1361,249.0,282371.0
2025-10-21,12,アサイーボウルドリンク,1134.02,1361,249.0,282371.0
2025-10-21,12,◎生スコーン６個入（チー,1134.02,1361,172.0,195051.0
2025-10-21,12,サンド寿司　サーモン,1134.02,1361,334.0,378763.0
2025-10-21,12,Ｆ伊之助のほわほわ大福,1134.02,1361,125.0,141752.0
2025-10-21,12,Ｆ水柱の水まんじゅう（ラ,1134.02,1361,149.0,168969.0
2025-10-21,12,◎マラサダ（マカダミアチ,1134.02,1361,147.0,166701.0
2025-10-21,12,専胡蝶しのぶの藤色メロン,1134.02,1361,165.0,187113.0
2025-10-21,12,◎Ｆボス　ラテ　４５０,1134.02,1361,139.0,157629.0
2025-10-21,12,新Ｅプリンター用インク青,1134.02,1361,,
2025-10-21,12,◎レモネードソーダ,1134.02,1361,186.0,210928.0
2025-10-21,12,翠ジンソーダ３５０,1134.02,1361,194.0,220000.0
2025-10-21,12,ＳＰＡ！（スパ！）,1134.02,1361,573.0,649793.0
2025-10-21,12,半熟たまご大盛冷しうどん,1134.02,1361,554.0,628247.0
2025-10-21,12,ライオンカフェオレ,1134.02,1361,208.0,235876.0
2025-10-21,12,台湾風まぜそば,1134.02,1361,599.0,679278.0
2025-10-21,12,週刊女性自身,1134.02,1361,500.0,567010.0
2025-10-21,12,週刊ゴルフダイジェスト,1134.02,1361,573.0,649793.0
2025-10-21,12,クア・アイナテリチキン,1134.02,1361,369.0,418453.0
2025-10-21,12,フライドサイミン,1134.02,1361,,
2025-10-21,12,週刊アサヒ芸能,1134.02,1361,564.0,639587.0
2025-10-21,12,マカダミアパンケーキ,1134.02,1361,323.0,366288.0
2025-10-21,12,ＦＬＡＳＨ　（フラッシュ,1134.02,1361,664.0,752989.0
2025-10-21,12,ミンティアグレープ,1134.02,1361,105.0,119072.0
2025-10-21,12,健康のど飴冷やし飴小袋,1134.02,1361,138.0,156495.0
2025-10-21,12,コアラのマーチいちご,1134.02,1361,164.0,185979.0
2025-10-21,12,◎ハムエッグデニッシュ２,1134.02,1361,135.0,153093.0
2025-10-21,12,週　刊　女　性,1134.02,1361,,
2025-10-21,12,透明プリン？マンゴー？,1134.02,1361,194.0,220000.0
2025-10-21,12,青ねぎと蒸し鶏のパスタ,1134.02,1361,462.0,523917.0
2025-10-21,12,２０品目のサラダ,1134.02,1361,276.0,312990.0
2025-10-21,12,ベロＭＰミントＸインテン,1134.02,1361,310.0,351546.0
2025-10-21,12,◎りんごカスタードデニ４,1134.02,1361,167.0,189381.0
2025-10-21,12,◎ハムチーズクロワッサン,1134.02,1361,135.0,153093.0
2025-10-21,12,紳士ショートＳ黒,1134.02,1361,390.0,442268.0
2025-10-21,12,ラインＳ２５夏の色白大,1134.02,1361,390.0,442268.0
2025-10-21,12,カルピスＰマンゴーピーチ,1134.02,1361,170.0,192783.0
2025-10-21,12,ブリーフ団イカ墨まぜそば,1134.02,1361,369.0,418453.0
2025-10-21,12,江頭　激辛豚骨ラーメン,1134.02,1361,369.0,418453.0
2025-10-21,12,ラークウルトラ１・１００,1134.02,1361,491.0,556804.0
2025-10-21,12,◎ひとくち濃厚梅だれせん,1134.02,1361,139.0,157629.0
2025-10-21,12,ミニチーズおかきガーリッ,1134.02,1361,150.0,170103.0
2025-10-21,12,◎瀬戸内レモンのドーナツ,1134.02,1361,139.0,157629.0
2025-10-21,12,キリン晴れ風３５０,1134.02,1361,216.0,244948.0
2025-10-21,12,Ｇファイトシャープ芯ＨＢ,1134.02,1361,200.0,226804.0
2025-10-21,12,最強王図鑑激闘バトルグミ,1134.02,1361,193.0,218866.0
2025-10-21,12,すっぱいぶどうグミ,1134.02,1361,100.0,113402.0
2025-10-21,12,レインコートＭ,1134.02,1361,687.0,779072.0
2025-10-21,12,オイコス　レモン＆ハニー,1134.02,1361,179.0,202990.0
2025-10-21,12,４５Ｌ半透明ゴミ袋,1134.02,1361,,
2025-10-21,12,レジ従業員金庫引継ノート,1134.02,1361,,
2025-10-21,12,◎生コッペパン（ハムカツ,1134.02,1361,167.0,189381.0
2025-10-21,12,振って塩こんぶキャベツ,1134.02,1361,221.0,250618.0
2025-10-21,12,センティアＦエメラルド,1134.02,1361,482.0,546598.0
2025-10-21,12,サンカット　ＵＶスプレー,1134.02,1361,798.0,904948.0
2025-10-21,12,抹茶シベリア３個入,1134.02,1361,230.0,260825.0
2025-10-21,12,ライト豆（ＵＣＣ）,1134.02,1361,,
2025-10-21,12,ターザン,1134.02,1361,728.0,825567.0
2025-10-21,12,ジャージー牛乳プリン,1134.02,1361,178.0,201856.0
2025-10-21,12,ＡｐｐｌｅＧＣ＿５千,1134.02,1361,5000.0,5670100.0
2025-10-21,12,ベロスピッフィーＳミント,1134.02,1361,291.0,330000.0
2025-10-21,12,センテＣシルバー１０Ｐ,1134.02,1361,4819.0,5464842.0
2025-10-21,12,電卓　１２桁,1134.02,1361,1280.0,1451546.0
2025-10-21,12,ライトニングイヤホン変換,1134.02,1361,1982.0,2247628.0
2025-10-21,12,ＦＲＩＤＡＹ（フライデー,1134.02,1361,710.0,805154.0
2025-10-21,12,オレンジページ,1134.02,1361,544.0,616907.0
2025-10-21,12,ミルクソースのシフォン,1134.02,1361,369.0,418453.0
2025-10-21,12,ネオチルドＭハイパー用,1134.02,1361,455.0,515979.0
2025-10-21,12,カーセンサー東日本版,1134.02,1361,,
2025-10-21,12,Ｗｅｄｇｅ（ウェッジ）,1134.02,1361,,
2025-10-21,12,週　刊　ポ　ス　ト,1134.02,1361,519.0,588556.0
2025-10-21,12,ＵＳＢーＣ用イヤホン黒,1134.02,1361,2164.0,2454019.0
2025-10-21,12,Ｎｅｗｔｏｎ（ニュートン,1134.02,1361,1082.0,1227010.0
2025-10-21,12,パリパリ麺サラダ,1134.02,1361,369.0,418453.0
2025-10-21,12,カーセンサー首都圏版,1134.02,1361,,
2025-10-21,12,新Ｅプリンター用インク赤,1134.02,1361,,
2025-10-21,12,新Ｅプリンター用インク黒,1134.02,1361,,
2025-10-21,12,ネオＢマスカット,1134.02,1361,455.0,515979.0
2025-10-21,12,ＩＱＯＳｉＯＢブルー,1134.02,1361,3619.0,4104018.0
2025-10-21,12,クール・ＢＯＸ,1134.02,1361,528.0,598763.0
2025-10-21,12,アルカリ水クリーナ－詰替,1134.02,1361,,
2025-10-21,12,やまがた県民手帳ブラック,1134.02,1361,500.0,567010.0
2025-10-21,12,ごまだれ冷し中華,1134.02,1361,554.0,628247.0
2025-10-21,12,Ｓスター７Ｂ,1134.02,1361,546.0,619175.0
2025-10-21,12,綾鷹　濃い緑茶　６５０,1134.02,1361,158.0,179175.0
2025-10-21,12,ＵＳＢ－Ｃ電池充電器,1134.02,1361,1710.0,1939174.0
2025-10-21,12,氷結無糖スモモ３５０,1134.02,1361,168.0,190515.0
2025-10-21,12,ゼロシュガーフリーチョコ,1134.02,1361,220.0,249484.0
2025-10-21,12,トッポ,1134.02,1361,209.0,237010.0
2025-10-21,12,コーヒーリッド黒Ｓ,1134.02,1361,,
2025-10-21,12,カフェカップＭ,1134.02,1361,,
2025-10-21,12,◎フルーツミックス５００,1134.02,1361,112.0,127010.0
2025-10-21,12,◎南高梅うす塩個食,1134.02,1361,131.0,148557.0
2025-10-21,12,◎南高梅はちみつ入個食,1134.02,1361,131.0,148557.0
2025-10-21,12,◎生コッペパン（厚ぎりと,1134.02,1361,230.0,260825.0
2025-10-21,12,綾鷹　６５０,1134.02,1361,158.0,179175.0
2025-10-21,12,サントリー天然水　５５０,1134.02,1361,118.0,133814.0
2025-10-21,12,烏龍茶　６００,1134.02,1361,158.0,179175.0
2025-10-21,12,鮭わかめおむすび,1134.02,1361,139.0,157629.0
2025-10-21,12,つぶグミＰ濃厚マンゴー,1134.02,1361,198.0,224536.0
2025-10-21,12,ケント・６・１００ＢＯＸ,1134.02,1361,473.0,536391.0
2025-10-21,12,４Ｄグミ旅路のマジックア,1134.02,1361,221.0,250618.0
2025-10-21,12,モチド富良野メロン味,1134.02,1361,171.0,193917.0
2025-10-21,12,三ツ矢　ひんやり和梨,1134.02,1361,160.0,181443.0
2025-10-21,12,備蓄米　２Ｋｇ,1134.02,1361,,
2025-10-21,12,◎生コッペパン（チョコバ,1134.02,1361,135.0,153093.0
2025-10-21,12,ビスコ発酵バター,1134.02,1361,156.0,176907.0
2025-10-21,12,銀座ライオンビヤ３５０,1134.02,1361,216.0,244948.0
2025-10-21,12,◎プリンみたいなパン,1134.02,1361,119.0,134948.0
2025-10-21,12,善逸たまごＢＯＸＤ２,1134.02,1361,425.0,481958.0
2025-10-21,12,炭治郎＆義勇おむ２,1134.02,1361,369.0,418453.0
2025-10-21,12,はみでたチキンカツバーガ,1134.02,1361,369.0,418453.0
2025-10-21,12,国チキンとゴーダとたまご,1134.02,1361,443.0,502371.0
2025-10-21,12,海苔監修　手巻たまごかけ,1134.02,1361,185.0,209794.0
2025-10-21,12,手巻ベーコン＆コーンマヨ,1134.02,1361,184.0,208660.0
2025-10-21,12,◎桃大福,1134.02,1361,147.0,166701.0
2025-10-21,12,まるで鶏皮のようなＰＣ,1134.02,1361,176.0,199588.0
2025-10-21,12,Ｌｉｐｔｏｎチャームグミ,1134.02,1361,350.0,396907.0
2025-10-21,12,◎サーターアンダギー６個,1134.02,1361,165.0,187113.0
2025-10-21,12,週　刊　現　代,1134.02,1361,546.0,619175.0
2025-10-21,12,７０Ｌ半透明ゴミ袋,1134.02,1361,,
2025-10-21,12,スウェディッシュキャンデ,1134.02,1361,498.0,564742.0
2025-10-21,12,一粒梅おむすび,1134.02,1361,241.0,273299.0
2025-10-21,12,大粒ラムネ強炭酸シュワコ,1134.02,1361,133.0,150825.0
2025-10-21,12,きりっと果実　ピンクＧＦ,1134.02,1361,159.0,180309.0
2025-10-21,12,サラダラップチキンサルサ,1134.02,1361,348.0,394639.0
2025-10-21,12,新旧両用）ペーパフィルタ,1134.02,1361,,
2025-10-21,12,くりーむパン　カスタード,1134.02,1361,260.0,294845.0
2025-10-21,12,◎桃パウンドケーキ,1134.02,1361,165.0,187113.0
2025-10-21,12,めっちゃふくらむフーセン,1134.02,1361,158.0,179175.0
2025-10-21,12,しゃりｉｎグミソーダ味,1134.02,1361,168.0,190515.0
2025-10-21,12,すだち明太クリームうどん,1134.02,1361,462.0,523917.0
2025-10-21,12,岩下の新生姜いなり寿司,1134.02,1361,185.0,209794.0
2025-10-21,12,◎のむヨーグルトメロン,1134.02,1361,195.0,221134.0
2025-10-21,12,レモンチーズケーキ,1134.02,1361,156.0,176907.0
2025-10-21,12,バター醤油パスタ,1134.02,1361,426.0,483093.0
2025-10-21,12,りんごの目覚め,1134.02,1361,276.0,312990.0
2025-10-21,12,ミンティア宮崎日向夏,1134.02,1361,105.0,119072.0
2025-10-21,12,生ラムネ玉,1134.02,1361,152.0,172371.0
2025-10-21,12,タリーズ　無糖ラテ,1134.02,1361,170.0,192783.0
2025-10-21,12,名札バッジ　２個入,1134.02,1361,,
2025-10-21,12,フエラムネサイダー第２弾,1134.02,1361,138.0,156495.0
2025-10-21,12,たべっ子水族館ソルティ,1134.02,1361,170.0,192783.0
2025-10-21,12,マーブルパウチ,1134.02,1361,215.0,243814.0
2025-10-21,12,ドリトス激辛ナチョチーズ,1134.02,1361,180.0,204124.0
2025-10-21,12,ピンクグレープフルーツア,1134.02,1361,186.0,210928.0
2025-10-21,12,野菜生活ベリーサラダ,1134.02,1361,113.0,128144.0
2025-10-21,12,フルーツこれ１本ビタミン,1134.02,1361,150.0,170103.0
2025-10-21,12,Ｙｏｕｎｇ　ｃｈａｍｐｉ,1134.02,1361,410.0,464948.0
2025-10-21,12,ゆず塩ラーメンサラダ,1134.02,1361,389.0,441134.0
2025-10-21,12,◎お好み焼＆塩焼そば,1134.02,1361,,
2025-10-21,12,牛スープの旨み盛岡風冷麺,1134.02,1361,536.0,607835.0
2025-10-21,12,冷し鶏天タルタルうどん,1134.02,1361,599.0,679278.0
2025-10-21,12,オレンジ,1134.02,1361,315.0,357216.0
2025-10-21,12,グレープフルーツ,1134.02,1361,276.0,312990.0
2025-10-21,12,ラインＳＣ白１９－２２,1134.02,1361,390.0,442268.0
2025-10-21,12,備蓄米　２ｋｇ,1134.02,1361,700.0,793814.0
2025-10-21,12,◎オクラわかめとろり豆腐,1134.02,1361,258.0,292577.0
2025-10-21,12,コロネクッキー,1134.02,1361,71.0,80515.0
2025-10-21,12,フルーツサラダヨーグルト,1134.02,1361,230.0,260825.0
2025-10-21,12,野菜生活１００オリジナル,1134.02,1361,113.0,128144.0
2025-10-21,12,クラッシュ蒟蒻畑りんご味,1134.02,1361,183.0,207526.0
2025-10-21,12,ビスコ,1134.02,1361,156.0,176907.0
2025-10-21,12,サラダチキンロール,1134.02,1361,399.0,452474.0
2025-10-21,12,グローＨプロサクラＥＤ,1134.02,1361,3619.0,4104018.0
2025-10-21,12,ザ・クレープチョコバナナ,1134.02,1361,249.0,282371.0
2025-10-21,12,こだわりカレー,1134.02,1361,367.0,416185.0
2025-10-21,12,コーヒーゼリーパフェ,1134.02,1361,313.0,354948.0
2025-10-21,12,チョコラＳＰ　グレフル＆,1134.02,1361,149.0,168969.0
2025-10-21,12,キレート　ＭＵＫＵＭＩ,1134.02,1361,158.0,179175.0
2025-10-21,12,ワンピカードＢＥＳＴ２,1134.02,1361,500.0,567010.0
2025-10-21,12,アスティーグ黒　Ｌ,1134.02,1361,600.0,680412.0
2025-10-21,12,慶弔サインペン（筆文字）,1134.02,1361,250.0,283505.0
2025-10-21,12,モンスターエナジー,1134.02,1361,213.0,241546.0
2025-10-21,12,ヒヤロン,1134.02,1361,180.0,204124.0
2025-10-21,12,ラインＳ２５夏の色白小,1134.02,1361,390.0,442268.0
2025-10-21,12,冷し鶏ねぎそば,1134.02,1361,599.0,679278.0
2025-10-21,12,０．０１ゼロワン,1134.02,1361,900.0,1020618.0
2025-10-21,12,イープラス　発券,1134.02,1361,165.0,187113.0
2025-10-21,12,ダブルフロマージュ　２個,1134.02,1361,426.0,483093.0
2025-10-21,12,ＵＳＢ－Ｃ１．２ｍ,1134.02,1361,1255.0,1423195.0
2025-10-21,12,サンドおむすび　豚焼肉,1134.02,1361,323.0,366288.0
2025-10-21,12,ハイチュウＰメロン,1134.02,1361,152.0,172371.0
2025-10-21,12,マッチビタミンみかん,1134.02,1361,150.0,170103.0
2025-10-21,12,◎ハムチーズエッグマフィ,1134.02,1361,156.0,176907.0
2025-10-21,12,直巻　炙り焼　牛タン,1134.02,1361,199.0,225670.0
2025-10-21,12,具だくさん炙り焼鶏つくね,1134.02,1361,213.0,241546.0
2025-10-21,12,コミック乱,1134.02,1361,546.0,619175.0
2025-10-21,12,カニカママカロニサラダ,1134.02,1361,239.0,271031.0
2025-10-21,12,じゅるるマンゴー,1134.02,1361,221.0,250618.0
2025-10-21,12,コク旨たまごサンド,1134.02,1361,276.0,312990.0
2025-10-21,12,むっち実グミオレンジ味,1134.02,1361,198.0,224536.0
2025-10-21,12,たまご海老ブロコリサンド,1134.02,1361,348.0,394639.0
2025-10-21,12,カンデミーナ電撃マスカッ,1134.02,1361,200.0,226804.0
2025-10-21,12,◎ホットサンド（ハム＆チ,1134.02,1361,158.0,179175.0
2025-10-21,12,ウィルキンソンＥＸグレプ,1134.02,1361,117.0,132680.0
2025-10-21,12,生茶ほうじ煎茶,1134.02,1361,158.0,179175.0
2025-10-21,12,サーモン寿司,1134.02,1361,237.0,268763.0
2025-10-21,12,フレンチクルーラーミルク,1134.02,1361,193.0,218866.0
2025-10-21,12,ちいかわステッカーグミ,1134.02,1361,180.0,204124.0
2025-10-21,12,激モロコシフライドアラレ,1134.02,1361,158.0,179175.0
2025-10-21,12,んぽちゃむグミ,1134.02,1361,180.0,204124.0
2025-10-21,12,じゃがりこ肉じゃがｂｉｔ,1134.02,1361,129.0,146289.0
2025-10-21,12,１９６レモン３５０,1134.02,1361,161.0,182577.0
2025-10-21,12,ねるねるねるねドリンク,1134.02,1361,276.0,312990.0
2025-10-21,12,ポケカ拡張ナイトワンダ,1134.02,1361,164.0,185979.0
2025-10-21,12,ホームパイチビムーホ,1134.02,1361,140.0,158763.0
2025-10-21,12,野菜生活Ｓベリー＆ざくろ,1134.02,1361,178.0,201856.0
2025-10-21,12,テリヤキチキンとたまご,1134.02,1361,332.0,376495.0
2025-10-21,12,スーパー大麦安曇野わさび,1134.02,1361,181.0,205258.0
2025-10-21,12,◎つぶつぶいちご蒸しＣ,1134.02,1361,135.0,153093.0
2025-10-21,12,鶏そぼろ野沢菜醤油パスタ,1134.02,1361,369.0,418453.0
2025-10-21,12,ヨーグレットグミブルーベ,1134.02,1361,140.0,158763.0
2025-10-21,12,冷し明太クリームうどん,1134.02,1361,445.0,504639.0
2025-10-21,12,◎ツイストサンド（カスタ,1134.02,1361,128.0,145155.0
2025-10-21,12,野菜食べよう冷しタンメン,1134.02,1361,554.0,628247.0
2025-10-21,12,ポケぷにソーダ,1134.02,1361,218.0,247216.0
2025-10-21,12,チョコチャンクスコーン,1134.02,1361,119.0,134948.0
2025-10-21,12,窯出しとろけるプリン,1134.02,1361,195.0,221134.0
2025-10-21,12,香ばし炒めの玉子炒飯,1134.02,1361,341.0,386701.0
2025-10-21,12,ＢＳおつまみ焼そば味スパ,1134.02,1361,136.0,154227.0
2025-10-21,12,ナイキ　ラバーグローブＬ,1134.02,1361,498.0,564742.0
2025-10-21,12,冷し担担麺,1134.02,1361,462.0,523917.0
2025-10-21,12,はちみつとりんごのケーキ,1134.02,1361,276.0,312990.0
2025-10-21,12,センテＦグリーン１０Ｐ,1134.02,1361,4819.0,5464842.0
2025-10-21,12,３種チーズのミートソース,1134.02,1361,599.0,679278.0
2025-10-21,12,ピュレフルーツりんご,1134.02,1361,268.0,303917.0
2025-10-21,12,巨峰大福（白こしあん）,1134.02,1361,188.0,213196.0
2025-10-21,12,すッパイチュウレモン味,1134.02,1361,127.0,144021.0
2025-10-21,12,てんこ盛弁当,1134.02,1361,598.0,678144.0
2025-10-21,12,ナイキ　ラバーグローブＭ,1134.02,1361,498.0,564742.0
2025-10-21,12,厚切りポテトペッパー,1134.02,1361,142.0,161031.0
2025-10-21,12,ハイチュウ人気ミックス,1134.02,1361,127.0,144021.0
2025-10-21,12,コロコロハイチュウ,1134.02,1361,127.0,144021.0
2025-10-21,12,黒わらび餅,1134.02,1361,178.0,201856.0
2025-10-21,12,メガシャキ,1134.02,1361,239.0,271031.0
2025-10-21,12,ポケカ拡張メガシンフォ,1134.02,1361,164.0,185979.0
2025-10-21,12,ポケカ拡張メガブレイブ,1134.02,1361,164.0,185979.0
2025-10-21,12,イープラス　入金,1134.02,1361,16455.0,18660299.0
2025-10-21,12,夏のミルクシュー,1134.02,1361,138.0,156495.0
2025-10-21,12,ふわしゅわスフレレモン,1134.02,1361,249.0,282371.0
2025-10-21,12,ラッキーＳベリーＳ,1134.02,1361,391.0,443402.0
2025-10-21,12,グローＨプロオニキスＰ,1134.02,1361,3619.0,4104018.0
2025-10-21,12,エボＴバナナＣＰＬＭ,1134.02,1361,500.0,567010.0
2025-10-21,12,エボＴベリーＣＰＬＭ,1134.02,1361,500.0,567010.0
2025-10-21,12,マウススプレークールＭ,1134.02,1361,251.0,284639.0
2025-10-21,12,おーいお茶緑茶　６００,1134.02,1361,158.0,179175.0
2025-10-21,12,◎のむヨーグルトパイン,1134.02,1361,158.0,179175.0
2025-10-21,12,ルーローハン風パスタサラ,1134.02,1361,417.0,472886.0
2025-10-21,12,１９６白桃３５０,1134.02,1361,161.0,182577.0
2025-10-21,12,履歴書用紙,1134.02,1361,309.0,350412.0
2025-10-21,12,メガライフガード　７００,1134.02,1361,150.0,170103.0
2025-10-21,12,１９６マスカット３５０,1134.02,1361,161.0,182577.0
2025-10-21,12,ケントＮＳダークＦ,1134.02,1361,500.0,567010.0
2025-10-21,12,ワンピデッキ　ティーチ,1134.02,1361,500.0,567010.0
2025-10-21,12,ソフト携帯吸殻入れ,1134.02,1361,273.0,309587.0
2025-10-21,12,リチウム５０００ｍＡｈ,1134.02,1361,2982.0,3381648.0
2025-10-21,12,ユニアリ　ワンパンマン,1134.02,1361,350.0,396907.0
2025-10-21,12,多当祝　御祝,1134.02,1361,87.0,98660.0
2025-10-21,12,碧Ａｏ海薫るＨＢ３５０,1134.02,1361,350.0,396907.0
2025-10-21,12,ポケピファンピカチュウ,1134.02,1361,3164.0,3588039.0
2025-10-21,12,タフグミビッグバンピーチ,1134.02,1361,238.0,269897.0
2025-10-21,12,もちっとガブリマスカット,1134.02,1361,143.0,162165.0
2025-10-21,12,ＭＶＰＧレギュウィズ６Ｐ,1134.02,1361,3273.0,3711647.0
2025-10-21,12,テリアＯパール１０Ｐ,1134.02,1361,5273.0,5979687.0
2025-10-21,12,ふんわりたまごのオムライ,1134.02,1361,276.0,312990.0
2025-10-21,12,韓国風海苔佃煮おむすび,1134.02,1361,147.0,166701.0
2025-10-21,12,ラークスーパー５,1134.02,1361,491.0,556804.0
2025-10-21,12,青しそ高菜おむすび,1134.02,1361,139.0,157629.0
2025-10-21,12,ツメキリ　Ｓ,1134.02,1361,480.0,544330.0
2025-10-21,12,ビタミン野菜,1134.02,1361,113.0,128144.0
2025-10-21,12,ポケぷにフルーツ,1134.02,1361,218.0,247216.0
2025-10-21,12,◎ジューシーソーセージパ,1134.02,1361,135.0,153093.0
2025-10-21,12,炙り豚焼肉マヨネーズ,1134.02,1361,276.0,312990.0
2025-10-21,12,おーいお茶濃い茶６００,1134.02,1361,158.0,179175.0
2025-10-21,12,細ーいじゃがビーサワクリ,1134.02,1361,164.0,185979.0
2025-10-21,12,テリアＢルビーＭ１０Ｐ,1134.02,1361,5273.0,5979687.0
2025-10-21,12,Ｃ１０００コラーゲン＆,1134.02,1361,147.0,166701.0
2025-10-21,12,カニカマの寿司,1134.02,1361,174.0,197319.0
2025-10-21,12,いかめしおむすび,1134.02,1361,258.0,292577.0
2025-10-21,12,モッチュ白桃味,1134.02,1361,148.0,167835.0
2025-10-21,12,テリアミント１０Ｐ,1134.02,1361,5273.0,5979687.0
2025-10-21,12,◎増量うす焼せんべい,1134.02,1361,147.0,166701.0
2025-10-21,12,ポテロング,1134.02,1361,162.0,183711.0
2025-10-21,12,カルピス　リンゴ＆洋梨,1134.02,1361,160.0,181443.0
2025-10-21,12,ごろごろゆでたまごサンド,1134.02,1361,369.0,418453.0
2025-10-21,12,◎ふんわりもっちパン（チ,1134.02,1361,128.0,145155.0
2025-10-21,12,ミンティアＢブラック,1134.02,1361,211.0,239278.0
2025-10-21,12,増量チキンパスタサラダ,1134.02,1361,369.0,418453.0
2025-10-21,12,島星シトラスエール３５０,1134.02,1361,306.0,347010.0
2025-10-21,12,アーモンド効果プロテイン,1134.02,1361,198.0,224536.0
2025-10-21,12,小枝チョコクッキーサンド,1134.02,1361,239.0,271031.0
2025-10-21,12,冷たい生パスタツナトマト,1134.02,1361,499.0,565876.0
2025-10-21,12,◎レアチーズデニッシュ,1134.02,1361,147.0,166701.0
2025-10-21,12,にゃんともチーズ塩バニラ,1134.02,1361,230.0,260825.0
2025-10-21,12,ザクザクやみつきクランキ,1134.02,1361,198.0,224536.0
2025-10-21,12,増量ロースかつカレー,1134.02,1361,555.0,629381.0
2025-10-21,12,＊Ｆハイキューまんじゅう,1134.02,1361,172.0,195051.0
2025-10-21,12,ペタグーソーダ,1134.02,1361,150.0,170103.0
2025-10-21,12,超急速２ｉｎ１Ｃ＆Ｌ１ｍ,1134.02,1361,2346.0,2660411.0
2025-10-21,12,トマトジュースプレミアム,1134.02,1361,148.0,167835.0
2025-10-21,12,玉子焼＆ハムサンド,1134.02,1361,323.0,366288.0
2025-10-21,12,２種チーズとハムサンド,1134.02,1361,323.0,366288.0
2025-10-21,12,かぶり寿司　甘辛そぼろマ,1134.02,1361,283.0,320928.0
2025-10-21,12,◎増量チョコビスケット,1134.02,1361,139.0,157629.0
2025-10-21,12,マーブル,1134.02,1361,184.0,208660.0
2025-10-21,12,ラーク・１００・ＢＯＸ,1134.02,1361,491.0,556804.0
2025-10-21,12,１９６無糖冷凍みかん３５,1134.02,1361,161.0,182577.0
2025-10-21,12,メビウスワン１００Ｂ１０,1134.02,1361,5273.0,5979687.0
2025-10-21,12,◎ミニメンチカツバーガ３,1134.02,1361,195.0,221134.0
2025-10-21,12,野菜マシマシ冷し中華,1134.02,1361,647.0,733711.0
2025-10-21,12,ミンティアＢＣマイルド,1134.02,1361,210.0,238144.0
2025-10-21,12,塩おむすび,1134.02,1361,129.0,146289.0
2025-10-21,12,ミンティアＢＦピーチ,1134.02,1361,211.0,239278.0
2025-10-21,12,ミンティアＢＦレモン,1134.02,1361,211.0,239278.0
2025-10-21,12,カロリーメイトチョコ,1134.02,1361,220.0,249484.0
2025-10-21,12,カロリーメイト　バニラ,1134.02,1361,220.0,249484.0
2025-10-21,12,ゼロプロテインチョコ,1134.02,1361,198.0,224536.0
2025-10-21,12,カントリーＭマロンケーキ,1134.02,1361,180.0,204124.0
2025-10-21,12,カンロザストロングソーダ,1134.02,1361,200.0,226804.0
2025-10-21,12,◎増量大盛たこ焼き,1134.02,1361,554.0,628247.0
2025-10-21,12,フリクション３スリムＢＫ,1134.02,1361,541.0,613505.0
2025-10-21,12,パイの実,1134.02,1361,237.0,268763.0
2025-10-21,12,ゼログラノーラチョコ,1134.02,1361,198.0,224536.0
2025-10-21,12,ペタグーグレープ,1134.02,1361,150.0,170103.0
2025-10-21,12,ＩＱＯＳｉＯＤバイオレ,1134.02,1361,3619.0,4104018.0
2025-10-21,12,テリアＢトロピカルＭ,1134.02,1361,528.0,598763.0
2025-10-21,12,カレーせんオリジナルスパ,1134.02,1361,138.0,156495.0
2025-10-21,12,花椒香る　麻婆焼そばＤ２,1134.02,1361,554.0,628247.0
2025-10-21,12,ジャパンタイムズ,1134.02,1361,273.0,309587.0
2025-10-21,12,たまごっち　めじるし２,1134.02,1361,300.0,340206.0
2025-10-21,12,ワンピカード　師弟の絆,1134.02,1361,200.0,226804.0
2025-10-21,12,アポロチョコレート,1134.02,1361,184.0,208660.0
2025-10-21,12,テリアＢフューシャＭ,1134.02,1361,528.0,598763.0
2025-10-21,12,勝馬,1134.02,1361,500.0,567010.0
2025-10-21,12,おむすび２個（鮭・昆布）,1134.02,1361,313.0,354948.0
2025-10-21,12,クッキークリームクレープ,1134.02,1361,332.0,376495.0
2025-10-21,12,きのこの山のジクカール,1134.02,1361,263.0,298247.0
2025-10-21,12,アーモンド・ブリーズ微糖,1134.02,1361,128.0,145155.0
2025-10-21,12,チーズあじカカールアーモ,1134.02,1361,230.0,260825.0
2025-10-21,12,◎増量かーるいチーズスナ,1134.02,1361,128.0,145155.0
2025-10-21,12,三ツ矢サイダー５００,1134.02,1361,160.0,181443.0
2025-10-21,12,栄養強化型　１日分の野菜,1134.02,1361,131.0,148557.0
2025-10-21,12,ぶどうきゃん,1134.02,1361,128.0,145155.0
2025-10-21,12,大きなロール焼そばたまご,1134.02,1361,369.0,418453.0
2025-10-21,12,シーザーパスタサラダ,1134.02,1361,389.0,441134.0
2025-10-21,12,納豆細巻寿司（５巻増量）,1134.02,1361,389.0,441134.0
2025-10-21,12,わさび海苔　野沢菜わさび,1134.02,1361,175.0,198454.0
2025-10-21,12,さばほぐしごはん,1134.02,1361,332.0,376495.0
2025-10-21,12,ねるねるねるねゼリー,1134.02,1361,276.0,312990.0
2025-10-21,12,たまごボーロっち２,1134.02,1361,350.0,396907.0
2025-10-21,12,グミだよ。ピーチフラッペ,1134.02,1361,166.0,188247.0
2025-10-21,12,◎３種フルーツとナッツ,1134.02,1361,165.0,187113.0
2025-10-21,12,◎でっかいカレーたまごパ,1134.02,1361,139.0,157629.0
2025-10-21,12,◎チョコバナナロール,1134.02,1361,156.0,176907.0
2025-10-21,12,シゲキックスグレープ,1134.02,1361,120.0,136082.0
2025-10-21,12,天使のグミ甘熟マンゴー味,1134.02,1361,170.0,192783.0
2025-10-21,12,かむかむレモン,1134.02,1361,150.0,170103.0
2025-10-21,12,梨スムージー,1134.02,1361,193.0,218866.0
2025-10-21,12,のむアサイーボウル,1134.02,1361,188.0,213196.0
2025-10-21,12,ミルキーバニラアイス味,1134.02,1361,170.0,192783.0
2025-10-21,12,ウェルチ　マスカットＳＰ,1134.02,1361,160.0,181443.0
2025-10-21,12,ゆず鶏だしミニ塩ラーメン,1134.02,1361,399.0,452474.0
2025-10-21,12,コク旨醤油だれの油そば,1134.02,1361,499.0,565876.0
2025-10-21,12,くりーむメロンパン,1134.02,1361,276.0,312990.0
2025-10-21,12,ネバネバと大根のサラダ,1134.02,1361,297.0,336804.0
2025-10-21,12,麻辣湯,1134.02,1361,248.0,281237.0
2025-10-21,12,ポケピファンワッカネズミ,1134.02,1361,3164.0,3588039.0
2025-10-21,12,シフォンマンゴー＆ピーチ,1134.02,1361,250.0,283505.0
2025-10-21,12,ふわもち生大福　きなこ,1134.02,1361,138.0,156495.0
2025-10-21,12,生クリームパイコロネ,1134.02,1361,204.0,231340.0
2025-10-21,12,コカ・コーラゼロ５００,1134.02,1361,170.0,192783.0
2025-10-21,12,ケント１・１００Ｂ１０Ｐ,1134.02,1361,4728.0,5361647.0
2025-10-21,12,生茶６００,1134.02,1361,158.0,179175.0
2025-10-21,12,アリィージェルＵＶミニ,1134.02,1361,1346.0,1526391.0
2025-10-21,12,ｉｎゼリーＥＮ　ブドウ糖,1134.02,1361,210.0,238144.0
2025-10-21,12,その他１０口座売上,1134.02,1361,228.0,258557.0
2025-10-21,12,優馬,1134.02,1361,591.0,670206.0
2025-10-21,12,◎増量しみチョココーン,1134.02,1361,147.0,166701.0
2025-10-21,12,◎クルーラーリングドー８,1134.02,1361,184.0,208660.0
2025-10-21,12,◎クラウンメロンパン,1134.02,1361,139.0,157629.0
2025-10-21,12,◎つぶあんぱん北海道小豆,1134.02,1361,121.0,137216.0
2025-10-21,12,大きなチーズカレーパン（,1134.02,1361,184.0,208660.0
2025-10-21,12,梅づくしおむすび,1134.02,1361,172.0,195051.0
2025-10-21,12,もち麦　枝豆ゆかり,1134.02,1361,163.0,184845.0
2025-10-21,12,青磯海苔　漬けサーモン,1134.02,1361,199.0,225670.0
2025-10-21,12,三ツ矢　特濃アップル,1134.02,1361,160.0,181443.0
2025-10-21,12,ＧＰｌａｙ１０００,1134.02,1361,1000.0,1134020.0
2025-10-21,12,堅あげ極味玉ねぎ黒胡椒,1134.02,1361,196.0,222268.0
2025-10-21,12,秋味３５０,1134.02,1361,216.0,244948.0
2025-10-21,12,黒チャーハンおむすび,1134.02,1361,175.0,198454.0
2025-10-21,12,トルティーヤケバブチキン,1134.02,1361,369.0,418453.0
2025-10-21,12,ピュアポテト濃いのり塩,1134.02,1361,155.0,175773.0
2025-10-21,12,マシマシ焼もろこしせん,1134.02,1361,148.0,167835.0
2025-10-21,12,増量　天使のチーズケーキ,1134.02,1361,230.0,260825.0
2025-10-21,12,ＩＱＯＳｉＯＳモデル,1134.02,1361,3619.0,4104018.0
2025-10-21,12,ｉｎゼリートリプルＥ,1134.02,1361,210.0,238144.0
2025-10-21,12,ＳＰＡＭむすび　玉子焼き,1134.02,1361,320.0,362886.0
2025-10-21,12,蒸し鶏ラー油ネギ冷うどん,1134.02,1361,499.0,565876.0
2025-10-21,12,大きな具材ミックスサント,1134.02,1361,399.0,452474.0
2025-10-21,12,手巻寿司　梅ゆかり納豆,1134.02,1361,189.0,214330.0
2025-10-21,12,大きいバウムクーヘン,1134.02,1361,221.0,250618.0
2025-10-21,12,パリジャン　ハム＆チーズ,1134.02,1361,350.0,396907.0
2025-10-21,12,大きいフィナンシェ,1134.02,1361,221.0,250618.0
2025-10-21,12,◎メロンクリームパン４,1134.02,1361,156.0,176907.0
2025-10-21,12,サンド寿司　まぐろたたき,1134.02,1361,332.0,376495.0
2025-10-21,12,白いたべっ子おさつバター,1134.02,1361,180.0,204124.0
2025-10-21,12,大きなたまごづくしサンド,1134.02,1361,369.0,418453.0
2025-10-21,12,ウィルキンソンマスカット,1134.02,1361,138.0,156495.0
2025-10-21,12,◎北海道メロンのコロネ,1134.02,1361,135.0,153093.0
2025-10-21,12,ミニプラグ用イヤホン,1134.02,1361,1528.0,1732783.0
2025-10-21,12,マスカットのど飴小袋,1134.02,1361,138.0,156495.0
2025-10-21,12,じゃがりこＬヤンニョム,1134.02,1361,218.0,247216.0
2025-10-21,12,カレーコロッケバ－ガ－（,1134.02,1361,167.0,189381.0
2025-10-21,12,檸檬堂白ぶどうレモン３５,1134.02,1361,160.0,181443.0
2025-10-21,12,増量麻婆豆腐ごはん,1134.02,1361,462.0,523917.0
2025-10-21,12,ファミマ・ザ・ナポリタン,1134.02,1361,406.0,460412.0
2025-10-21,12,フルーチェグミイチゴ,1134.02,1361,184.0,208660.0
2025-10-21,12,ガルボチョコパウチ,1134.02,1361,270.0,306185.0
2025-10-21,12,冷たいパスタチキンバジル,1134.02,1361,499.0,565876.0
2025-10-21,12,ポケピファンポッチャマ,1134.02,1361,3164.0,3588039.0
2025-10-21,12,チキングリル弁当,1134.02,1361,555.0,629381.0
2025-10-21,12,辛口回鍋肉焼そば,1134.02,1361,536.0,607835.0
2025-10-21,12,パステルのプリンマドレー,1134.02,1361,220.0,249484.0
2025-10-21,12,ピュアポテト塩と岩塩,1134.02,1361,155.0,175773.0
2025-10-21,12,いちごミルク,1134.02,1361,269.0,305051.0
2025-10-21,12,甘辛醤油たれ唐揚弁当,1134.02,1361,555.0,629381.0
2025-10-21,12,ワンピカード意志,1134.02,1361,200.0,226804.0
2025-10-21,12,ビオレトラベルセット,1134.02,1361,620.0,703092.0
2025-10-21,12,ノンオイル青じそドレッシ,1134.02,1361,28.0,31753.0
2025-10-21,12,◎プリンみたいなパンケー,1134.02,1361,138.0,156495.0
2025-10-21,12,１９６王林３５０,1134.02,1361,161.0,182577.0
2025-10-21,12,オイコス　プレーン加糖,1134.02,1361,179.0,202990.0
2025-10-21,12,ＩＱＯＳｉＤバイオレット,1134.02,1361,6346.0,7196491.0
2025-10-21,12,柿安監修　牛すきおむすび,1134.02,1361,258.0,292577.0
2025-10-21,12,ＧＩＮＯＮレモン３５０,1134.02,1361,167.0,189381.0
2025-10-21,12,◎ラベルレス天然水安曇箱,1134.02,1361,489.0,554536.0
2025-10-21,12,一番搾り糖質ゼロ３５０,1134.02,1361,216.0,244948.0
2025-10-21,12,オニポテスナック,1134.02,1361,248.0,281237.0
2025-10-21,12,しゃりｉｎグミみかん,1134.02,1361,168.0,190515.0
2025-10-21,12,ググッタＳマスカット味,1134.02,1361,199.0,225670.0
2025-10-21,12,とろみーグミぶどう味,1134.02,1361,184.0,208660.0
2025-10-21,12,果汁グミシチリアレモン,1134.02,1361,152.0,172371.0
2025-10-21,12,◎ベーコン＆チーズデニッ,1134.02,1361,158.0,179175.0
2025-10-21,12,桃マカロン,1134.02,1361,249.0,282371.0
2025-10-21,12,梅蒸し鶏あったかそうめん,1134.02,1361,399.0,452474.0
2025-10-21,12,千里眼　ニンニクまぜそば,1134.02,1361,647.0,733711.0
2025-10-21,12,ナッツフルーツカッサータ,1134.02,1361,258.0,292577.0
2025-10-21,12,ＳＤブラックピンク３５０,1134.02,1361,216.0,244948.0
2025-10-21,12,大きな　鮭マヨと生たらこ,1134.02,1361,276.0,312990.0
2025-10-21,12,クリーミーほうじ茶ラテ,1134.02,1361,181.0,205258.0
2025-10-21,12,ハムカツサンド,1134.02,1361,297.0,336804.0
2025-10-21,12,◎たまご蒸しパン４個入,1134.02,1361,172.0,195051.0
2025-10-21,12,しゃりぷにょ梅グミ,1134.02,1361,170.0,192783.0
2025-10-21,12,もちゅグミ温州みかん味,1134.02,1361,184.0,208660.0
2025-10-21,12,むちもっちバナナグミ,1134.02,1361,180.0,204124.0
2025-10-21,12,プリン！？シュー,1134.02,1361,138.0,156495.0
2025-10-21,12,◎ジュワっとしたチーズ塩,1134.02,1361,139.0,157629.0
2025-10-21,12,たっぷりハムサンド,1134.02,1361,323.0,366288.0
2025-10-21,12,野菜生活マスカット,1134.02,1361,118.0,133814.0
2025-10-21,12,◎たっぷりマロンクリーム,1134.02,1361,147.0,166701.0
2025-10-21,12,◎生スコーン６個入（スイ,1134.02,1361,172.0,195051.0
2025-10-21,12,モンブランのサンダー,1134.02,1361,50.0,56701.0
2025-10-21,12,にじピグチップスうすしお,1134.02,1361,230.0,260825.0
2025-10-21,12,◎バウムクーヘン（４）,1134.02,1361,239.0,271031.0
2025-10-21,12,ブルーベリーサンド,1134.02,1361,195.0,221134.0
2025-10-21,12,ハガキフリー,1134.02,1361,200.0,226804.0
2025-10-21,12,ＢＩＯ　ブルーベリーミッ,1134.02,1361,168.0,190515.0
2025-10-21,12,半熟玉子冷ぶっかけうどん,1134.02,1361,399.0,452474.0
2025-10-21,12,ヴイックスのど飴シトラス,1134.02,1361,238.0,269897.0
2025-10-21,12,多当　　御見舞,1134.02,1361,87.0,98660.0
2025-10-21,12,しゃり蔵ザクザクッラー油,1134.02,1361,120.0,136082.0
2025-10-21,12,赤肉メロンミルク,1134.02,1361,267.0,302783.0
2025-10-21,12,完熟トマトベーコンパスタ,1134.02,1361,536.0,607835.0
2025-10-21,12,ＰＧスイートチリＳ缶,1134.02,1361,168.0,190515.0
2025-10-21,12,唐揚巻（マヨネーズ付）,1134.02,1361,462.0,523917.0
2025-10-21,12,クリーム＆コーヒーゼリー,1134.02,1361,135.0,153093.0
2025-10-21,12,ＵＳＢ－Ｃ電池式６本,1134.02,1361,1800.0,2041236.0
2025-10-21,12,甜面醤の旨ジャージャー麺,1134.02,1361,499.0,565876.0
2025-10-21,12,パリジャンサンドチキンべ,1134.02,1361,350.0,396907.0
2025-10-21,12,ケントＮＳスムースＦ,1134.02,1361,500.0,567010.0
2025-10-21,12,スパイシーチキン野菜サラ,1134.02,1361,554.0,628247.0
2025-10-21,12,充電器５０００ｍＡｈ,1134.02,1361,2982.0,3381648.0
2025-10-21,12,キャラパキ発掘恐竜,1134.02,1361,110.0,124742.0
2025-10-21,12,食べマスおぱんちゅうさぎ,1134.02,1361,350.0,396907.0
2025-10-21,12,海老マヨネーズおむすび,1134.02,1361,239.0,271031.0
2025-10-21,12,さけるグミハロウィン,1134.02,1361,120.0,136082.0
2025-10-21,12,◎シャルドネ香るティー,1134.02,1361,110.0,124742.0
2025-10-21,12,スニッカーズハーフＳアー,1134.02,1361,158.0,179175.0
2025-10-21,12,大きな　肉そぼろ卵黄ソー,1134.02,1361,297.0,336804.0
2025-10-21,12,ヱビス和奏３５０,1134.02,1361,272.0,308453.0
2025-10-21,12,タフグミＰＲＯローヤル,1134.02,1361,359.0,407113.0
2025-10-21,12,ヴァルトメンソールＣＬ,1134.02,1361,528.0,598763.0
2025-10-21,12,グロー・ヒーロ・ルビー,1134.02,1361,3619.0,4104018.0
2025-10-21,12,◎サクサク食感のミニチ５,1134.02,1361,184.0,208660.0
2025-10-21,12,ＧＯＤＩＶＡドリンク,1134.02,1361,397.0,450206.0
2025-10-21,12,伝説のケバブ風味ポテトＣ,1134.02,1361,193.0,218866.0
2025-10-21,12,北海道なまらでっかいシュ,1134.02,1361,315.0,357216.0
2025-10-21,12,クラッシュ蒟蒻畑みかん味,1134.02,1361,183.0,207526.0
2025-10-21,12,ＦＭオリジナル安食ロール,1134.02,1361,369.0,418453.0
2025-10-21,12,レッツハロウィンつぶグミ,1134.02,1361,158.0,179175.0
2025-10-21,12,◎ピリ辛明太フランス（か,1134.02,1361,135.0,153093.0
2025-10-21,12,◎和風ツナパン,1134.02,1361,135.0,153093.0
2025-10-21,12,ハラペーニョチキンチェダ,1134.02,1361,443.0,502371.0
2025-10-21,12,全粒粉サラダチキンとハム,1134.02,1361,369.0,418453.0
2025-10-21,12,◎ピスタチオいちごケーキ,1134.02,1361,230.0,260825.0
2025-10-21,12,焼ベーコン寿司,1134.02,1361,230.0,260825.0
2025-10-21,12,ちいかわ黒猫ミニバッグ,1134.02,1361,1000.0,1134020.0
2025-10-21,12,ごろっと白桃ケーキ,1134.02,1361,297.0,336804.0
2025-10-21,12,さくふわきなこもちぼーる,1134.02,1361,150.0,170103.0
2025-10-21,12,◎白生コッペパン（レアチ,1134.02,1361,153.0,173505.0
2025-10-21,12,秋のフルーツこれ一本,1134.02,1361,118.0,133814.0
2025-10-21,12,◎キャラメルバニラメロン,1134.02,1361,172.0,195051.0
2025-10-21,12,３１マスコットつきグミ２,1134.02,1361,350.0,396907.0
2025-10-21,12,◎ショコラクッキー,1134.02,1361,212.0,240412.0
2025-10-21,12,ピュレグミＰふじりんご,1134.02,1361,180.0,204124.0
2025-10-21,12,たぬきおむすび,1134.02,1361,138.0,156495.0
2025-10-21,12,わた雪みたいなレアチーズ,1134.02,1361,315.0,357216.0
2025-10-21,12,スイートポテトスティック,1134.02,1361,212.0,240412.0
2025-10-21,12,ハリボープリマヴェーラ,1134.02,1361,198.0,224536.0
2025-10-21,12,ザバスミルクキャラメル,1134.02,1361,222.0,251752.0
2025-10-21,12,パーラメントＥＸＬ１００,1134.02,1361,564.0,639587.0
2025-10-21,12,チャーシュー冷しまぜそば,1134.02,1361,599.0,679278.0
2025-10-21,12,氷結無糖ゆずＳＰ３５０,1134.02,1361,168.0,190515.0
2025-10-21,12,スティックモンブラン,1134.02,1361,249.0,282371.0
2025-10-21,12,１９６無糖ピンクＧＦ３５,1134.02,1361,161.0,182577.0
2025-10-21,12,◎アールグレイクロワッサ,1134.02,1361,172.0,195051.0
2025-10-21,12,ラーメン荘　豚ラーメン,1134.02,1361,647.0,733711.0
2025-10-21,12,◎ハムチーズデニッシュ４,1134.02,1361,184.0,208660.0
2025-10-21,12,ヴァルトダークタバコ,1134.02,1361,528.0,598763.0
2025-10-21,12,ヴァルトメロンクリック,1134.02,1361,528.0,598763.0
2025-10-21,12,ドラキュラへんしんグミ,1134.02,1361,350.0,396907.0
2025-10-21,12,わさびいなり寿司,1134.02,1361,178.0,201856.0
2025-10-21,12,ちいかわ花占いグミ,1134.02,1361,230.0,260825.0
2025-10-21,12,ねぎ塩チキン醤油まぶし飯,1134.02,1361,555.0,629381.0
2025-10-21,12,紫いもミルクティー,1134.02,1361,190.0,215464.0
2025-10-21,12,ＢＳラーメン柿の種ミック,1134.02,1361,110.0,124742.0
2025-10-21,12,焼まろん,1134.02,1361,215.0,243814.0
2025-10-21,12,ウィルキンソンＥＸ　ＧＦ,1134.02,1361,117.0,132680.0
2025-10-21,12,ミンティア瀬戸田レモン,1134.02,1361,105.0,119072.0
2025-10-21,12,北海道リッチミルクプリン,1134.02,1361,399.0,452474.0
2025-10-21,12,焼ほし芋,1134.02,1361,195.0,221134.0
2025-10-21,12,冷しすだちおろしうどん,1134.02,1361,510.0,578350.0
2025-10-21,12,テリヤキチキンのサラダ,1134.02,1361,397.0,450206.0
2025-10-21,12,和牛カラムーチョわさび,1134.02,1361,155.0,175773.0
2025-10-21,12,きのことベーコンのドリア,1134.02,1361,526.0,596495.0
2025-10-21,12,ｂｉｔｌｏｔガンダム,1134.02,1361,680.0,771134.0
2025-10-21,12,ポケカメガゲンガーｅｘ,1134.02,1361,1637.0,1856391.0
2025-10-21,12,ポケカメガディアンシー,1134.02,1361,1637.0,1856391.0
2025-10-21,12,◎トマトコンソメスープ,1134.02,1361,350.0,396907.0
2025-10-21,12,◎４種きのこクリームスー,1134.02,1361,426.0,483093.0
2025-10-21,12,Ａｐｐｌｅチャージ,1134.02,1361,10500.0,11907210.0
2025-10-21,12,ＨＷ変顔キャンディ,1134.02,1361,400.0,453608.0
2025-10-21,12,週末版ジャパンタイムズ,1134.02,1361,364.0,412783.0
2025-10-21,12,魚ギョッと釣りグミ,1134.02,1361,70.0,79381.0
2025-10-21,12,じゃりむちグミピーチＳ,1134.02,1361,175.0,198454.0
2025-10-21,12,スターバックス　ブラック,1134.02,1361,168.0,190515.0
2025-10-21,12,フリスクＦＦみかん,1134.02,1361,278.0,315258.0
2025-10-21,12,アップルパンチ３５０,1134.02,1361,161.0,182577.0
2025-10-21,12,山ちゃん監修　海老天むす,1134.02,1361,276.0,312990.0
2025-10-21,12,スヌーピークッキーサンド,1134.02,1361,369.0,418453.0
2025-10-21,12,◎塩バターケーキタルト,1134.02,1361,147.0,166701.0
2025-10-21,12,ＳＰＡＭ　玉子焼き明太子,1134.02,1361,369.0,418453.0
2025-10-21,12,ヴァルトＩメンソールＣＬ,1134.02,1361,528.0,598763.0
2025-10-21,12,スターバックスカフェラテ,1134.02,1361,178.0,201856.0
2025-10-21,12,グローＨＧブラック,1134.02,1361,1346.0,1526391.0
2025-10-21,12,ガイコツグミグレープ味,1134.02,1361,230.0,260825.0
2025-10-21,12,モンストロマーブルガム,1134.02,1361,100.0,113402.0
2025-10-21,12,ぷっちょ袋ＨＷアソート,1134.02,1361,210.0,238144.0
2025-10-21,12,宇都宮線・高崎線チップス,1134.02,1361,156.0,176907.0
2025-10-21,12,つくねおむすび,1134.02,1361,276.0,312990.0
2025-10-21,12,ヴァルトＩベリークリック,1134.02,1361,528.0,598763.0
2025-10-21,12,おーいお茶濃茶ストロング,1134.02,1361,158.0,179175.0
2025-10-21,12,ちぎれるブリオッシュパン,1134.02,1361,147.0,166701.0
2025-10-21,12,鮭金ごまおむすび,1134.02,1361,139.0,157629.0
2025-10-21,12,ピュレグミラ・フランス,1134.02,1361,150.0,170103.0
2025-10-21,12,チュッパサワーバイトグミ,1134.02,1361,158.0,179175.0
2025-10-21,12,味付海苔　ベーコンマヨ,1134.02,1361,184.0,208660.0
2025-10-21,12,バナナカスタードブリュレ,1134.02,1361,350.0,396907.0
2025-10-21,12,◎生コッペパン（オムナポ,1134.02,1361,184.0,208660.0
2025-10-21,12,◎伊右衛門　濃い緑茶,1134.02,1361,121.0,137216.0
2025-10-21,12,チョコクリームたい焼き,1134.02,1361,176.0,199588.0
2025-10-21,12,専スヌーピーチョコドーナ,1134.02,1361,156.0,176907.0
2025-10-21,12,ヴァルトベリークリック,1134.02,1361,528.0,598763.0
2025-10-21,12,鶏天うどん,1134.02,1361,599.0,679278.0
2025-10-21,12,チキンカツサンド,1134.02,1361,399.0,452474.0
2025-10-21,12,ルーシーのレモネード,1134.02,1361,184.0,208660.0
2025-10-21,12,ブルガリアＹＯさくらんぼ,1134.02,1361,195.0,221134.0
2025-10-21,12,たべっ子ラムネみかん,1134.02,1361,150.0,170103.0
2025-10-21,12,さつまりこ焼きいも,1134.02,1361,185.0,209794.0
2025-10-21,12,◎焦がしバターのクロワッ,1134.02,1361,121.0,137216.0
2025-10-21,12,モッチ生ドーナツ生チョコ,1134.02,1361,184.0,208660.0
2025-10-21,12,カンデミーナＳＰベスト,1134.02,1361,200.0,226804.0
2025-10-21,12,ＦチャーリーＢロール,1134.02,1361,165.0,187113.0
2025-10-21,12,ルックア・ラ・モード,1134.02,1361,200.0,226804.0
2025-10-21,12,ルックホワイトラバーズ,1134.02,1361,200.0,226804.0
2025-10-21,12,くりーむパン　和栗,1134.02,1361,269.0,305051.0
2025-10-21,12,Ｐルックシャインマスカッ,1134.02,1361,270.0,306185.0
2025-10-21,12,海老とブロッコリーロール,1134.02,1361,369.0,418453.0
2025-10-21,12,かぶり寿司　旨辛唐揚げ巻,1134.02,1361,283.0,320928.0
2025-10-21,12,Ｐルック生キャラメル,1134.02,1361,270.0,306185.0
2025-10-21,12,来来亭監修　冷し中華,1134.02,1361,554.0,628247.0
2025-10-21,12,野菜生活Ｓアサイーバナナ,1134.02,1361,178.0,201856.0
2025-10-21,12,ポテトＣ感謝のほたてしお,1134.02,1361,157.0,178041.0
2025-10-21,12,ぷっちょＳＴ有田みかん,1134.02,1361,118.0,133814.0
2025-10-21,12,ａｍｉ活ゼリーピングレ味,1134.02,1361,210.0,238144.0
2025-10-21,12,ベーコンとレタスのサラダ,1134.02,1361,332.0,376495.0
2025-10-21,12,カカオ味わうショコララテ,1134.02,1361,230.0,260825.0
2025-10-21,12,スッパイマンちいかわ一番,1134.02,1361,200.0,226804.0
2025-10-21,12,天津あんかけ焼そば,1134.02,1361,554.0,628247.0
2025-10-21,12,ヴァルトミントクリック,1134.02,1361,528.0,598763.0
2025-10-21,12,生パスタ　カルボナーラ,1134.02,1361,499.0,565876.0
2025-10-21,12,プルームオーラＪブラック,1134.02,1361,2710.0,3073194.0
2025-10-21,12,帆立と鰹の昆布水つけ麺,1134.02,1361,600.0,680412.0
2025-10-21,12,秋のフルーツスムージー,1134.02,1361,193.0,218866.0
2025-10-21,12,Ｗ・Ｃホワイト５・１０Ｐ,1134.02,1361,4910.0,5568038.0
2025-10-21,12,ＧＰｌａｙ１００００,1134.02,1361,10000.0,11340200.0
2025-10-21,12,白身フライごはん,1134.02,1361,276.0,312990.0
2025-10-21,12,カルピス　Ｐグレープ,1134.02,1361,170.0,192783.0
2025-10-21,12,◎なすトマトソースグラタ,1134.02,1361,508.0,576082.0
2025-10-21,12,０１：ＢＥ：ＦＩＲＳＴ,1134.02,1361,0.0,0.0
2025-10-21,12,コミック乱ツインズ,1134.02,1361,528.0,598763.0
2025-10-21,12,いなり寿司５ヶ入,1134.02,1361,443.0,502371.0
2025-10-21,12,◎根菜入つくね和風スープ,1134.02,1361,406.0,460412.0
2025-10-21,12,もち明太チーズドリア,1134.02,1361,491.0,556804.0
2025-10-21,12,シングルモルト山崎１８０,1134.02,1361,1950.0,2211339.0
2025-10-21,12,グミチョコボールぶどう味,1134.02,1361,199.0,225670.0
2025-10-21,12,Ｈ綾鷹,1134.02,1361,128.0,145155.0
2025-10-21,12,Ｈ伊右衛門５００,1134.02,1361,138.0,156495.0
2025-10-21,12,堅あげポテト鬼旨ブラック,1134.02,1361,190.0,215464.0
2025-10-21,12,三陸産わかめおむすび,1134.02,1361,139.0,157629.0
2025-10-21,12,大きな　チキンとタルタル,1134.02,1361,304.0,344742.0
2025-10-21,12,サンドおむすび炙り焼チキ,1134.02,1361,352.0,399175.0
2025-10-21,12,ベースブレッドさつまいも,1134.02,1361,260.0,294845.0
2025-10-21,12,伊右衛門　京都サイダー,1134.02,1361,158.0,179175.0
2025-10-21,12,紅はるかのスイートポテト,1134.02,1361,264.0,299381.0
2025-10-21,12,スイートポテトロール,1134.02,1361,276.0,312990.0
2025-10-21,12,◎どかっと満足パン（ベー,1134.02,1361,230.0,260825.0
2025-10-21,12,掘って発見スイートポテト,1134.02,1361,341.0,386701.0
2025-10-21,12,メントスＤＵＯブラッドオ,1134.02,1361,163.0,184845.0
2025-10-21,12,カジッテミカン＆レモン,1134.02,1361,228.0,258557.0
2025-10-21,12,大盛！野菜スティック,1134.02,1361,369.0,418453.0
2025-10-21,12,スーパー大麦　梅ひじき,1134.02,1361,175.0,198454.0
2025-10-21,12,野菜生活北海道メロン,1134.02,1361,138.0,156495.0
2025-10-21,12,おーいお茶濃い茶１Ｌ,1134.02,1361,176.0,199588.0
2025-10-21,12,カジッテグレープ＆マスカ,1134.02,1361,228.0,258557.0
2025-10-21,12,生パスタ海老トマトクリム,1134.02,1361,508.0,576082.0
2025-10-21,12,◎スイートポテトタルトデ,1134.02,1361,158.0,179175.0
2025-10-21,12,青磯海苔　まぐろたたき,1134.02,1361,199.0,225670.0
2025-10-21,12,◎スイートポテト蒸しケ４,1134.02,1361,176.0,199588.0
2025-10-21,12,まいたけおこわ,1134.02,1361,185.0,209794.0
2025-10-21,12,◎どかっとパン（テリマヨ,1134.02,1361,135.0,153093.0
2025-10-21,12,鎌倉コロッケサンド,1134.02,1361,297.0,336804.0
2025-10-21,12,◎生フランスパン（おいも,1134.02,1361,156.0,176907.0
2025-10-21,12,◎おいものパウンドケーキ,1134.02,1361,167.0,189381.0
2025-10-21,12,ワイルドターキーＨＢ３５,1134.02,1361,238.0,269897.0
2025-10-21,12,サラダチキンのサラダ,1134.02,1361,239.0,271031.0
2025-10-21,12,ハムチーズとツナサンド,1134.02,1361,323.0,366288.0
2025-10-21,12,◎はちみつすいーとぽてと,1134.02,1361,176.0,199588.0
2025-10-21,12,ロリポップＣちいかわ黒猫,1134.02,1361,300.0,340206.0
2025-10-21,12,◎おいものマドレーヌ,1134.02,1361,167.0,189381.0
2025-10-21,12,シャンゴ監修　ベスビオ,1134.02,1361,582.0,660000.0
2025-10-21,12,ポケカ拡張　ロケット団,1134.02,1361,164.0,185979.0
2025-10-21,12,手巻寿司　３種のねばねば,1134.02,1361,190.0,215464.0
2025-10-21,12,グミチョコボール苺,1134.02,1361,199.0,225670.0
2025-10-21,12,増量３色そぼろ＆チキン南,1134.02,1361,580.0,657732.0
2025-10-21,12,◎紅はるかのおいもチップ,1134.02,1361,198.0,224536.0
2025-10-21,12,お手軽！冷しぶっかけそば,1134.02,1361,276.0,312990.0
2025-10-21,12,極上はちみつ紅茶Ｃ小袋,1134.02,1361,125.0,141752.0
2025-10-21,12,福かまど　べこ餅,1134.02,1361,165.0,187113.0
2025-10-21,12,ねぎたっぷり！豚肉そば,1134.02,1361,554.0,628247.0
2025-10-21,12,ヱビスビール３５０,1134.02,1361,254.0,288041.0
2025-10-21,12,Ｃ玄米プラス　アーモンド,1134.02,1361,180.0,204124.0
2025-10-21,12,お月見タルト　カスタード,1134.02,1361,276.0,312990.0
2025-10-21,12,爽健美茶　６００,1134.02,1361,158.0,179175.0
2025-10-21,12,鳴門金時ラテ,1134.02,1361,267.0,302783.0
2025-10-21,12,ｉｎゼリーＶカロリーゼロ,1134.02,1361,210.0,238144.0
2025-10-21,12,ヘパリーゼＷハイパー,1134.02,1361,380.0,430928.0
2025-10-21,12,増量特製ダレの炙り焼牛カ,1134.02,1361,625.0,708762.0
2025-10-21,12,増量明太海苔弁当,1134.02,1361,555.0,629381.0
2025-10-21,12,ヤクルトＹ１０００,1134.02,1361,150.0,170103.0
2025-10-21,12,クラッシュ蒟蒻畑ぶどう味,1134.02,1361,183.0,207526.0
2025-10-21,12,ブルガリアＹＯブルーベ,1134.02,1361,168.0,190515.0
2025-10-21,12,ビューティチャージハニー,1134.02,1361,548.0,621443.0
2025-10-21,12,ミックスアイスプラス,1134.02,1361,464.0,526185.0
2025-10-21,12,ＡｐｐｌｅＧＣ＿１万,1134.02,1361,10000.0,11340200.0
2025-10-21,12,馬サブロー,1134.02,1361,500.0,567010.0
2025-10-21,12,コロロ二十世紀梨,1134.02,1361,148.0,167835.0
2025-10-21,12,海老とあさりのスパゲティ,1134.02,1361,499.0,565876.0
2025-10-21,12,ライフガード５００,1134.02,1361,150.0,170103.0
2025-10-21,12,ブロックロス　ユニコーン,1134.02,1361,1700.0,1927834.0
2025-10-21,12,Ｈジョージア　カフェラテ,1134.02,1361,148.0,167835.0
2025-10-21,12,サッポロラガービール３５,1134.02,1361,216.0,244948.0
2025-10-21,12,手巻　チャーシューマヨ,1134.02,1361,185.0,209794.0
2025-10-21,12,大きなおむすび　鮭昆布,1134.02,1361,239.0,271031.0
2025-10-21,12,だし醤油まぶし飯海苔佃煮,1134.02,1361,156.0,176907.0
2025-10-21,12,忍者めし鉄の鎧グレープ味,1134.02,1361,160.0,181443.0
2025-10-21,12,ＢＳラーメン丸銀だこ,1134.02,1361,160.0,181443.0
2025-10-21,12,フェットチーネマスカット,1134.02,1361,112.0,127010.0
2025-10-21,12,ラインＳ２５秋の色黒小,1134.02,1361,390.0,442268.0
2025-10-21,12,ミルクブッセ,1134.02,1361,93.0,105464.0
2025-10-21,12,コーヒーブッセ,1134.02,1361,93.0,105464.0
2025-10-21,12,Ｈ伊右衛門焙じ茶,1134.02,1361,138.0,156495.0
2025-10-21,12,Ｈジョージア　ブラック,1134.02,1361,138.0,156495.0
2025-10-21,12,カフェオレクリームサンド,1134.02,1361,121.0,137216.0
2025-10-21,12,キレートレモンクエン酸,1134.02,1361,175.0,198454.0
2025-10-21,12,チョコパイとろ甘キャラメ,1134.02,1361,138.0,156495.0
2025-10-21,12,午後フルーツティ白ぶどう,1134.02,1361,158.0,179175.0
2025-10-21,12,午後フルーツティオレンジ,1134.02,1361,158.0,179175.0
2025-10-21,12,チョコパイほろ苦ダークカ,1134.02,1361,138.0,156495.0
2025-10-21,12,ガルボほろにがブラックＰ,1134.02,1361,175.0,198454.0
2025-10-21,12,スイートポテト＆ホイップ,1134.02,1361,348.0,394639.0
2025-10-21,12,白玉入りお芋のどら焼き,1134.02,1361,195.0,221134.0
2025-10-21,12,ピザサンド　さつまいも,1134.02,1361,306.0,347010.0
2025-10-21,12,カフェラッテクリーミーラ,1134.02,1361,181.0,205258.0
2025-10-21,12,ふわしゅわショコラスフレ,1134.02,1361,258.0,292577.0
2025-10-21,12,◎クロワッサンワッフル,1134.02,1361,167.0,189381.0
2025-10-21,12,ジャックジンジャーＨＢ３,1134.02,1361,210.0,238144.0
2025-10-21,12,たまご＆海老ブロサンド,1134.02,1361,348.0,394639.0
2025-10-21,12,◎チーズインてりやきバー,1134.02,1361,184.0,208660.0
2025-10-21,12,のむココナッツ杏仁,1134.02,1361,276.0,312990.0
2025-10-21,12,たまごっち　まんまる焼き,1134.02,1361,232.0,263093.0
2025-10-21,12,大粒ラムネ濃い果実ぶどう,1134.02,1361,133.0,150825.0
2025-10-21,12,ブロックロスジークアクス,1134.02,1361,1700.0,1927834.0
2025-10-21,12,サンド寿司サーモンチーズ,1134.02,1361,332.0,376495.0
2025-10-21,12,ダースミルク,1134.02,1361,191.0,216598.0
2025-10-21,12,ショコラキャラメルタルト,1134.02,1361,230.0,260825.0
2025-10-21,12,大きなつくねの醤油パスタ,1134.02,1361,510.0,578350.0
2025-10-21,12,コーンのバター醤油パスタ,1134.02,1361,426.0,483093.0
2025-10-21,12,◎グリルＣヨシダテリヤキ,1134.02,1361,232.0,263093.0
2025-10-21,12,スプバレ豊潤ラガー３５０,1134.02,1361,245.0,277835.0
2025-10-21,12,ハリボーハッピーグレープ,1134.02,1361,198.0,224536.0
2025-10-21,12,野菜を食べよう　タンメン,1134.02,1361,554.0,628247.0
2025-10-21,12,たべっ子グミグレープ＆マ,1134.02,1361,200.0,226804.0
2025-10-21,12,バヤリース果実のど飴,1134.02,1361,220.0,249484.0
2025-10-21,12,豚焼肉弁当（マヨネーズ付,1134.02,1361,499.0,565876.0
2025-10-21,12,ｈａｎａキンモクセイ,1134.02,1361,698.0,791546.0
2025-10-21,12,ちいかわひやキャラ,1134.02,1361,280.0,317526.0
2025-10-21,12,４Ｄグミサンリオキャラ,1134.02,1361,180.0,204124.0
2025-10-21,12,オイコス　ピーチ,1134.02,1361,189.0,214330.0
2025-10-21,12,サンリオグミチュアチャー,1134.02,1361,350.0,396907.0
2025-10-21,12,ブラックサンダー至福のバ,1134.02,1361,60.0,68041.0
2025-10-21,12,その他４口座売上,1134.02,1361,164.0,185979.0
2025-10-21,12,１日分Ｖゼリーピーチ,1134.02,1361,218.0,247216.0
2025-10-21,12,うるおいトラベルセット,1134.02,1361,1680.0,1905154.0
2025-10-21,12,ポップアップス！ハチワレ,1134.02,1361,390.0,442268.0
2025-10-21,12,ポップアップス！うさぎ,1134.02,1361,390.0,442268.0
2025-10-21,12,コロロ巨峰,1134.02,1361,148.0,167835.0
2025-10-21,12,◎ロングデニッシュ（バタ,1134.02,1361,121.0,137216.0
2025-10-21,12,麻辣湯（はるさめ麺）,1134.02,1361,554.0,628247.0
2025-10-21,12,◎ふくちゃん豚骨どんぶり,1134.02,1361,297.0,336804.0
2025-10-21,12,ポケカ拡張インフェルノ,1134.02,1361,164.0,185979.0
2025-10-21,12,５種チーズのドリア,1134.02,1361,499.0,565876.0
2025-10-21,12,新金封　結ちどり,1134.02,1361,500.0,567010.0
2025-10-21,12,チップスターＳバター味,1134.02,1361,158.0,179175.0
2025-10-21,12,レンジかき揚げそば,1134.02,1361,462.0,523917.0
2025-10-21,12,モッチュＳマスカット,1134.02,1361,148.0,167835.0
2025-10-21,12,まるごと和なしのど飴小袋,1134.02,1361,128.0,145155.0
2025-10-21,12,ガルボ紫いもＰＫＰ,1134.02,1361,175.0,198454.0
2025-10-21,12,クランキーＰＪストロベリ,1134.02,1361,175.0,198454.0
2025-10-21,12,漬けぶりおむすび,1134.02,1361,249.0,282371.0
2025-10-21,12,ライオンコーヒーブラック,1134.02,1361,168.0,190515.0
2025-10-21,12,ライオンコーヒカフェオレ,1134.02,1361,178.0,201856.0
2025-10-21,12,◎芋きんつば,1134.02,1361,184.0,208660.0
2025-10-21,12,たっぷりコーンマヨネーズ,1134.02,1361,297.0,336804.0
2025-10-21,12,◎肉たっぷり７種具材豚汁,1134.02,1361,369.0,418453.0
2025-10-21,12,Ｐガーナトリュフキャラメ,1134.02,1361,325.0,368556.0
2025-10-21,12,マミー風味シュークリーム,1134.02,1361,167.0,189381.0
2025-10-21,12,背徳　月見台湾風まぜそば,1134.02,1361,647.0,733711.0
2025-10-21,12,メキシカンチキン雑穀,1134.02,1361,462.0,523917.0
2025-10-21,12,森永れん乳風味クレープ,1134.02,1361,239.0,271031.0
2025-10-21,12,◎ふわもち食感のメープル,1134.02,1361,135.0,153093.0
2025-10-21,12,ライトニング電池充電器,1134.02,1361,2164.0,2454019.0
2025-10-21,12,大きな　月見おむすびマヨ,1134.02,1361,304.0,344742.0
2025-10-21,12,あなご寿司,1134.02,1361,255.0,289175.0
2025-10-21,12,とろ生おいもチーズケーキ,1134.02,1361,230.0,260825.0
2025-10-21,12,きつねおむすび,1134.02,1361,147.0,166701.0
2025-10-21,12,チキンチェダーたまご,1134.02,1361,452.0,512577.0
2025-10-21,12,◎ミニベーコンピザパン４,1134.02,1361,212.0,240412.0
2025-10-21,12,◎ミルクツイスト３本入,1134.02,1361,144.0,163299.0
2025-10-21,12,◎ルイボスティー６００,1134.02,1361,110.0,124742.0
2025-10-21,12,野菜生活青森りんご,1134.02,1361,118.0,133814.0
2025-10-21,12,専おかず全部乗せ！お弁当,1134.02,1361,323.0,366288.0
2025-10-21,12,１９６無糖３種の果実３５,1134.02,1361,161.0,182577.0
2025-10-21,12,◎生コッペパン（モンブラ,1134.02,1361,135.0,153093.0
2025-10-21,12,月見うさぎ,1134.02,1361,90.0,102062.0
2025-10-21,12,◎芋あん豆大福,1134.02,1361,165.0,187113.0
2025-10-21,12,エナジーの塊,1134.02,1361,199.0,225670.0
2025-10-21,12,ちいかわチャームグミ,1134.02,1361,380.0,430928.0
2025-10-21,12,◎ロングスティックパン（,1134.02,1361,158.0,179175.0
2025-10-21,12,いちごドーナツ棒１本,1134.02,1361,74.0,83917.0
2025-10-21,12,マカダミアチョコ沖縄黒糖,1134.02,1361,333.0,377629.0
2025-10-21,12,カフェラッテ,1134.02,1361,181.0,205258.0
2025-10-21,12,グミっちょ夕張メロン,1134.02,1361,238.0,269897.0
2025-10-21,12,◎ボロネーゼ風ラザニア,1134.02,1361,369.0,418453.0
2025-10-21,12,ガパオまぜごはん,1134.02,1361,163.0,184845.0
2025-10-21,12,今治ＴＨ斜ＳＴ　Ｔ紺,1134.02,1361,600.0,680412.0
2025-10-21,12,ＳＤドライクリスタル３５,1134.02,1361,216.0,244948.0
2025-10-21,12,◎ふわふわアソートリン４,1134.02,1361,193.0,218866.0
2025-10-21,12,月見チーズバーガー,1134.02,1361,399.0,452474.0
2025-10-21,12,厚切りロースカツサンド,1134.02,1361,426.0,483093.0
2025-10-21,12,きのこの山ポケットパック,1134.02,1361,161.0,182577.0
2025-10-21,12,暴君ハバネロ１５０粒ハバ,1134.02,1361,176.0,199588.0
2025-10-21,12,Ｈ午後の紅茶ミルクティー,1134.02,1361,159.0,180309.0
2025-10-21,12,たけのこの里ＰＫＰ,1134.02,1361,161.0,182577.0
2025-10-21,13,しらすおむすび,1142.61,1371,165.0,188531.0
2025-10-21,13,Ｍアーモンドチョコレート,1142.61,1371,305.0,348496.0
2025-10-21,13,龍角散ののどすっきりタブ,1142.61,1371,200.0,228522.0
2025-10-21,13,忍者めし鋼グレープ味,1142.61,1371,148.0,169106.0
2025-10-21,13,◎もちもちくるみパン,1142.61,1371,128.0,146254.0
2025-10-21,13,ｉｎゼリーエネルギー,1142.61,1371,210.0,239948.0
2025-10-21,13,◎白生クロワッサン（ダブ,1142.61,1371,156.0,178247.0
2025-10-21,13,モンスター　リッパー,1142.61,1371,213.0,243376.0
2025-10-21,13,◎レモン香るティーソーダ,1142.61,1371,130.0,148539.0
2025-10-21,13,カルピス　ひんやりライチ,1142.61,1371,160.0,182818.0
2025-10-21,13,カルピスウォーター５００,1142.61,1371,160.0,182818.0
2025-10-21,13,トロピカーナアップル,1142.61,1371,120.0,137113.0
2025-10-21,13,ミンティアＢカルピス,1142.61,1371,211.0,241091.0
2025-10-21,13,◎ボディＰレモンミント,1142.61,1371,350.0,399913.0
2025-10-21,13,薬用リップスティック,1142.61,1371,299.0,341640.0
2025-10-21,13,さらさらシートクール,1142.61,1371,295.0,337070.0
2025-10-21,13,◎のむＹＧアサイーボウル,1142.61,1371,184.0,210240.0
2025-10-21,13,Ｚｅｒｏシート携帯,1142.61,1371,328.0,374776.0
2025-10-21,13,レッドブルエナジー２５０,1142.61,1371,198.0,226237.0
2025-10-21,13,ペパーミント１００ＭＬ,1142.61,1371,200.0,228522.0
2025-10-21,13,ヘアリングゴム黒,1142.61,1371,200.0,228522.0
2025-10-21,13,１日分鉄分のむヨーグルト,1142.61,1371,145.0,165678.0
2025-10-21,13,ザバスミルクココア風味,1142.61,1371,181.0,206812.0
2025-10-21,13,イーラインマスクベージュ,1142.61,1371,299.0,341640.0
2025-10-21,13,ブルガリアＹＯ　苺,1142.61,1371,158.0,180532.0
2025-10-21,13,◎カフェラテレギュラー,1142.61,1371,181.0,206812.0
2025-10-21,13,金のミルクキャンディ,1142.61,1371,221.0,252517.0
2025-10-21,13,ミンティアＢリフレッシュ,1142.61,1371,211.0,241091.0
2025-10-21,13,邪払のど飴,1142.61,1371,258.0,294793.0
2025-10-21,13,◎生コッペパン（たまご）,1142.61,1371,128.0,146254.0
2025-10-21,13,キレートクエン酸ゼリー,1142.61,1371,210.0,239948.0
2025-10-21,13,◎もっち歩き（チョコ）,1142.61,1371,125.0,142826.0
2025-10-21,13,ミンティアワイルド＆クー,1142.61,1371,105.0,119974.0
2025-10-21,13,アーモンドＣ香ばしＰＪ,1142.61,1371,175.0,199957.0
2025-10-21,13,ミンティアＢクリスタル,1142.61,1371,211.0,241091.0
2025-10-21,13,ブラックＴひとくちサイズ,1142.61,1371,120.0,137113.0
2025-10-21,13,ジャムグミいちご,1142.61,1371,182.0,207955.0
2025-10-21,13,ぷにキャラグミちいかわ,1142.61,1371,218.0,249089.0
2025-10-21,13,ソルベットグミ白桃味,1142.61,1371,140.0,159965.0
2025-10-21,13,つぶグミカタイソーダ,1142.61,1371,168.0,191958.0
2025-10-21,13,たべっ子グミパイナップル,1142.61,1371,200.0,228522.0
2025-10-21,13,おとうふくんグミ,1142.61,1371,161.0,183960.0
2025-10-21,13,あの日夢見た雲グミ,1142.61,1371,171.0,195386.0
2025-10-21,13,ピュレグミなつももソーダ,1142.61,1371,150.0,171391.0
2025-10-21,13,ポケぷに,1142.61,1371,218.0,249089.0
2025-10-21,13,龍角散のど飴ｍａｘＳＴ,1142.61,1371,160.0,182818.0
2025-10-21,13,忍者めし巨峰,1142.61,1371,125.0,142826.0
2025-10-21,13,即攻元気ゼリー,1142.61,1371,204.0,233092.0
2025-10-21,13,龍角散のど飴スティック,1142.61,1371,140.0,159965.0
2025-10-21,13,のど飴,1142.61,1371,124.0,141684.0
2025-10-21,13,忍者めし鋼マスカット味,1142.61,1371,148.0,169106.0
2025-10-21,13,◎ドライマンゴー,1142.61,1371,276.0,315360.0
2025-10-21,13,◎カリカリ梅無着色小袋,1142.61,1371,184.0,210240.0
2025-10-21,13,大粒ラムネ,1142.61,1371,133.0,151967.0
2025-10-21,13,牛乳パン,1142.61,1371,230.0,262800.0
2025-10-21,13,１本満足プロテイン　ＷＴ,1142.61,1371,171.0,195386.0
2025-10-21,13,シルキータッチ大きめ,1142.61,1371,398.0,454759.0
2025-10-21,13,スマートカラーグレー,1142.61,1371,566.0,646717.0
2025-10-21,13,◎しっとりやわらか食パ６,1142.61,1371,158.0,180532.0
2025-10-21,13,◎ファミマ・ザ・クリーム,1142.61,1371,128.0,146254.0
2025-10-21,13,たまごサンド,1142.61,1371,265.0,302792.0
2025-10-21,13,具だくさん！チキン南蛮,1142.61,1371,221.0,252517.0
2025-10-21,13,具だくさん！チャーシュー,1142.61,1371,215.0,245661.0
2025-10-21,13,キャメＭマスカットＰＬ,1142.61,1371,455.0,519888.0
2025-10-21,13,◎ソフトなチーズクリーム,1142.61,1371,135.0,154252.0
2025-10-21,13,キャメＭベリープルーム,1142.61,1371,455.0,519888.0
2025-10-21,13,◎バタークロワッサンメロ,1142.61,1371,147.0,167964.0
2025-10-21,13,キャメＭコールドプルーム,1142.61,1371,455.0,519888.0
2025-10-21,13,◎チョコチップスナック６,1142.61,1371,135.0,154252.0
2025-10-21,13,◎ファミマ・ザ・メロンパ,1142.61,1371,128.0,146254.0
2025-10-21,13,ラーククラシックＭ,1142.61,1371,491.0,561022.0
2025-10-21,13,ラッキーＥＸカット１４,1142.61,1371,428.0,489037.0
2025-10-21,13,ラッキーＢチルベリー８,1142.61,1371,428.0,489037.0
2025-10-21,13,◎生コッペパン（コロッケ,1142.61,1371,167.0,190816.0
2025-10-21,13,ラッキーストライク,1142.61,1371,564.0,644432.0
2025-10-21,13,◎生コッペパン（焼きそば,1142.61,1371,167.0,190816.0
2025-10-21,13,ラッキーシガリロＳライト,1142.61,1371,428.0,489037.0
2025-10-21,13,◎白生コッペパン（トリプ,1142.61,1371,147.0,167964.0
2025-10-21,13,◎ひと口もち食感チーズ（,1142.61,1371,149.0,170249.0
2025-10-21,13,マルボロ・メン８Ｂ,1142.61,1371,546.0,623865.0
2025-10-21,13,◎もっちパン（ミート＆チ,1142.61,1371,121.0,138256.0
2025-10-21,13,◎お肉たっぷりメンチカツ,1142.61,1371,184.0,210240.0
2025-10-21,13,◎天然水新潟県津南６００,1142.61,1371,110.0,125687.0
2025-10-21,13,◎ミニクリームパン５個入,1142.61,1371,149.0,170249.0
2025-10-21,13,◎ジャスミン茶６００,1142.61,1371,110.0,125687.0
2025-10-21,13,クリームたい焼きカスター,1142.61,1371,165.0,188531.0
2025-10-21,13,アスティーグ肌　Ｍ,1142.61,1371,600.0,685566.0
2025-10-21,13,◎のむヨーグルトプレーン,1142.61,1371,149.0,170249.0
2025-10-21,13,ルーロー飯おむすび,1142.61,1371,194.0,221666.0
2025-10-21,13,グリーンダカラ,1142.61,1371,141.0,161108.0
2025-10-21,13,ウィルキンソン　タンサン,1142.61,1371,112.0,127972.0
2025-10-21,13,チョコラＢＢハイパー,1142.61,1371,380.0,434192.0
2025-10-21,13,◎発酵バター香るチョコク,1142.61,1371,147.0,167964.0
2025-10-21,13,◎ダブルチョコデニッシュ,1142.61,1371,128.0,146254.0
2025-10-21,13,ウコンの力ドリンク,1142.61,1371,191.0,218239.0
2025-10-21,13,リポビタンＤ,1142.61,1371,164.0,187388.0
2025-10-21,13,◎ゴロゴロチョコのクッキ,1142.61,1371,138.0,157680.0
2025-10-21,13,ジョージア　カフェモカ,1142.61,1371,168.0,191958.0
2025-10-21,13,ジョージア　カフェラテ,1142.61,1371,159.0,181675.0
2025-10-21,13,◎しっとりケーキ（チョコ,1142.61,1371,135.0,154252.0
2025-10-21,13,ジョージア　ブラック,1142.61,1371,149.0,170249.0
2025-10-21,13,◎白生フランスパン（つぶ,1142.61,1371,156.0,178247.0
2025-10-21,13,◎天然水長野県安曇野２Ｌ,1142.61,1371,112.0,127972.0
2025-10-21,13,午後の紅茶　レモンティー,1142.61,1371,160.0,182818.0
2025-10-21,13,◎緑茶６００,1142.61,1371,110.0,125687.0
2025-10-21,13,◎ぶどうぱん（シュガーマ,1142.61,1371,128.0,146254.0
2025-10-21,13,◎麦茶６００,1142.61,1371,110.0,125687.0
2025-10-21,13,健康ミネラルむぎ茶,1142.61,1371,158.0,180532.0
2025-10-21,13,◎生スコーン６個入,1142.61,1371,172.0,196529.0
2025-10-21,13,◎アップル香るジャスミン,1142.61,1371,110.0,125687.0
2025-10-21,13,塩バター揚げ焼きくりーむ,1142.61,1371,276.0,315360.0
2025-10-21,13,マルボロ・メン１２Ｂ,1142.61,1371,546.0,623865.0
2025-10-21,13,専ＵＦＯ大盛焼そばパンガ,1142.61,1371,276.0,315360.0
2025-10-21,13,じゃがりこチーズ,1142.61,1371,185.0,211383.0
2025-10-21,13,◎冷やし胡瓜一本漬,1142.61,1371,172.0,196529.0
2025-10-21,13,◎タンスティックレモン,1142.61,1371,184.0,210240.0
2025-10-21,13,メビウスＥＸＬ,1142.61,1371,528.0,603298.0
2025-10-21,13,メビウスＬ,1142.61,1371,528.0,603298.0
2025-10-21,13,メビウスＳＬ１００Ｂ,1142.61,1371,528.0,603298.0
2025-10-21,13,焙煎ごまドレッシング,1142.61,1371,33.0,37706.0
2025-10-21,13,◎半熟ゆでたまご１個,1142.61,1371,98.0,111976.0
2025-10-21,13,ポケカ拡張　ホワイト,1142.61,1371,264.0,301649.0
2025-10-21,13,テリアスムースレギュラー,1142.61,1371,528.0,603298.0
2025-10-21,13,高菜の寿司,1142.61,1371,176.0,201099.0
2025-10-21,13,レジ袋弁当大バイオマス,1142.61,1371,5.0,5713.0
2025-10-21,13,ホープ１０,1142.61,1371,273.0,311933.0
2025-10-21,13,手巻　紀州南高梅,1142.61,1371,158.0,180532.0
2025-10-21,13,手巻　真昆布,1142.61,1371,158.0,180532.0
2025-10-21,13,大きな　僕の梅おかか,1142.61,1371,297.0,339355.0
2025-10-21,13,味付海苔　おかか味噌,1142.61,1371,161.0,183960.0
2025-10-21,13,増量　手巻　紅しゃけ,1142.61,1371,195.0,222809.0
2025-10-21,13,増量　手巻　辛子明太子,1142.61,1371,195.0,222809.0
2025-10-21,13,大きな　昆布とツナマヨ,1142.61,1371,269.0,307362.0
2025-10-21,13,手巻　たらこマヨネーズ,1142.61,1371,188.0,214811.0
2025-10-21,13,豚バラしょうゆ,1142.61,1371,276.0,315360.0
2025-10-21,13,サンドおむすび　牛カルビ,1142.61,1371,328.0,374776.0
2025-10-21,13,手巻　紅しゃけ,1142.61,1371,195.0,222809.0
2025-10-21,13,レジ袋１２号バイオマス,1142.61,1371,3.0,3428.0
2025-10-21,13,ピース・ライト・ＢＯＸ,1142.61,1371,546.0,623865.0
2025-10-21,13,ピアニシモ・アリア・メン,1142.61,1371,519.0,593015.0
2025-10-21,13,◎海鮮スティック明太マヨ,1142.61,1371,167.0,190816.0
2025-10-21,13,センティアＩブラック,1142.61,1371,482.0,550738.0
2025-10-21,13,冷し明太とろろうどん,1142.61,1371,508.0,580446.0
2025-10-21,13,冷したぬきうどん,1142.61,1371,399.0,455901.0
2025-10-21,13,ゆず冷し鶏塩おろしうどん,1142.61,1371,526.0,601013.0
2025-10-21,13,テリアイエローメンソール,1142.61,1371,528.0,603298.0
2025-10-21,13,テリアサンパール,1142.61,1371,528.0,603298.0
2025-10-21,13,テリアシャインパール,1142.61,1371,528.0,603298.0
2025-10-21,13,マルボロ・ボックス,1142.61,1371,546.0,623865.0
2025-10-21,13,シーチキン＆コーンサラダ,1142.61,1371,249.0,284510.0
2025-10-21,13,ケントエス１・１００Ｂ,1142.61,1371,455.0,519888.0
2025-10-21,13,ローストチキンパスタサラ,1142.61,1371,369.0,421623.0
2025-10-21,13,エボルタＮＥＯ単４－４Ｐ,1142.61,1371,659.0,752980.0
2025-10-21,13,ライトニング１．２ｍ,1142.61,1371,1800.0,2056698.0
2025-10-21,13,ＣＲバーナーライター,1142.61,1371,190.0,217096.0
2025-10-21,13,耐風ビニール傘７０,1142.61,1371,862.0,984930.0
2025-10-21,13,ダブルシュー,1142.61,1371,172.0,196529.0
2025-10-21,13,デイリースポーツ東日本,1142.61,1371,146.0,166821.0
2025-10-21,13,冷やして食べるバウム,1142.61,1371,167.0,190816.0
2025-10-21,13,マカロンチョコパッション,1142.61,1371,267.0,305077.0
2025-10-21,13,日刊ゲンダイ,1142.61,1371,164.0,187388.0
2025-10-21,13,日本経済新聞,1142.61,1371,182.0,207955.0
2025-10-21,13,ＡｍａｚｏｎＶＡＲ,1142.61,1371,10000.0,11426100.0
2025-10-21,13,２種のキンパ,1142.61,1371,510.0,582731.0
2025-10-21,13,セブンスター,1142.61,1371,546.0,623865.0
2025-10-21,13,セブンスター・ＢＯＸ,1142.61,1371,546.0,623865.0
2025-10-21,13,手巻　辛子明太子,1142.61,1371,195.0,222809.0
2025-10-21,13,カロリーＭハーフ　バニラ,1142.61,1371,110.0,125687.0
2025-10-21,13,手巻シーチキンマヨネーズ,1142.61,1371,165.0,188531.0
2025-10-21,13,直巻　和風ツナマヨネーズ,1142.61,1371,149.0,170249.0
2025-10-21,13,テリアブラックＭ１０Ｐ,1142.61,1371,5273.0,6024983.0
2025-10-21,13,アサヒ生ビール３５０,1142.61,1371,216.0,246804.0
2025-10-21,13,スーパードライ３５０,1142.61,1371,216.0,246804.0
2025-10-21,13,さばと青じそおむすび,1142.61,1371,139.0,158823.0
2025-10-21,13,テリアＯパール,1142.61,1371,528.0,603298.0
2025-10-21,13,ポケカ拡張　ブラック,1142.61,1371,264.0,301649.0
2025-10-21,13,ポケカ拡張　バトルＰ,1142.61,1371,164.0,187388.0
2025-10-21,13,サラサクリップ　黒,1142.61,1371,99.0,113118.0
2025-10-21,13,ＬＩＢＥＲＡミルク,1142.61,1371,277.0,316503.0
2025-10-21,13,◎しみチョココーン,1142.61,1371,147.0,167964.0
2025-10-21,13,◎チョコシュー,1142.61,1371,128.0,146254.0
2025-10-21,13,もち麦　鮭ひじきしそ風味,1142.61,1371,163.0,186245.0
2025-10-21,13,◎こだわりのフロランタン,1142.61,1371,184.0,210240.0
2025-10-21,13,◎もちもちレモンドーナツ,1142.61,1371,149.0,170249.0
2025-10-21,13,◎濃厚ミルクドーナツ,1142.61,1371,100.0,114261.0
2025-10-21,13,◎焼たまごカレートースト,1142.61,1371,167.0,190816.0
2025-10-21,13,スイートサンダーいちご,1142.61,1371,60.0,68557.0
2025-10-21,13,ブラックサンダー,1142.61,1371,41.0,46847.0
2025-10-21,13,◎大きいウインナー,1142.61,1371,153.0,174819.0
2025-10-21,13,◎大きいあらびきチョリソ,1142.61,1371,153.0,174819.0
2025-10-21,13,パウダー２５０％ハッピー,1142.61,1371,120.0,137113.0
2025-10-21,13,◎ベーコンチーズオニオン,1142.61,1371,149.0,170249.0
2025-10-21,13,Ｆグレイシアラムネわらび,1142.61,1371,156.0,178247.0
2025-10-21,13,じゃがりこサラダ,1142.61,1371,185.0,211383.0
2025-10-21,13,ミンティアコールドスマッ,1142.61,1371,105.0,119974.0
2025-10-21,13,直巻　とり五目,1142.61,1371,165.0,188531.0
2025-10-21,13,ラッキーＳメンソール,1142.61,1371,391.0,446761.0
2025-10-21,13,ラッキーＳダークＭ,1142.61,1371,391.0,446761.0
2025-10-21,13,直巻　明太子マヨネーズ,1142.61,1371,165.0,188531.0
2025-10-21,13,直巻　焼しゃけ,1142.61,1371,158.0,180532.0
2025-10-21,13,レジ袋,1142.61,1371,3.0,3428.0
2025-10-21,13,１９６ＳＴゼロＷレモン３,1142.61,1371,161.0,183960.0
2025-10-21,13,角ハイボール３５０,1142.61,1371,219.0,250232.0
2025-10-21,13,氷結レモン３５０,1142.61,1371,168.0,191958.0
2025-10-21,13,生ハム寿司,1142.61,1371,212.0,242233.0
2025-10-21,13,テリアブラックパープルＭ,1142.61,1371,528.0,603298.0
2025-10-21,13,テリアブラックメンソール,1142.61,1371,528.0,603298.0
2025-10-21,13,手巻寿司　納豆,1142.61,1371,184.0,210240.0
2025-10-21,13,テリアミント,1142.61,1371,528.0,603298.0
2025-10-21,13,手巻寿司　シーチキンマヨ,1142.61,1371,167.0,190816.0
2025-10-21,13,テリアメンソール,1142.61,1371,528.0,603298.0
2025-10-21,13,テリアリッチレギュラー,1142.61,1371,528.0,603298.0
2025-10-21,13,テリアリビエラパール,1142.61,1371,528.0,603298.0
2025-10-21,13,テリアレギュラー,1142.61,1371,528.0,603298.0
2025-10-21,13,鮭はらみおむすび,1142.61,1371,258.0,294793.0
2025-10-21,13,助六寿司,1142.61,1371,482.0,550738.0
2025-10-21,13,テリアＢルビーＭ,1142.61,1371,528.0,603298.0
2025-10-21,13,ネオアークティックＭ,1142.61,1371,455.0,519888.0
2025-10-21,13,高菜たくあんおむすび,1142.61,1371,135.0,154252.0
2025-10-21,13,ラッキーＳダークタバコ,1142.61,1371,391.0,446761.0
2025-10-21,13,◎ハムチーズマヨネーズ２,1142.61,1371,135.0,154252.0
2025-10-21,13,ＭＶコールドＭプルーム,1142.61,1371,455.0,519888.0
2025-10-21,13,まるで桃みたいなケーキ,1142.61,1371,276.0,315360.0
2025-10-21,13,クリームワッフルクッキー,1142.61,1371,260.0,297079.0
2025-10-21,13,調製豆乳,1142.61,1371,105.0,119974.0
2025-10-21,13,テリアパープルメンソール,1142.61,1371,528.0,603298.0
2025-10-21,13,テリアバランスドＲ,1142.61,1371,528.0,603298.0
2025-10-21,13,野菜一日これ一本,1142.61,1371,113.0,129115.0
2025-10-21,13,◎デニッシュブレッド３枚,1142.61,1371,156.0,178247.0
2025-10-21,13,センティアＳバイオレット,1142.61,1371,482.0,550738.0
2025-10-21,13,◎バタークロワッサンメ３,1142.61,1371,156.0,178247.0
2025-10-21,13,センティアＩパープル,1142.61,1371,482.0,550738.0
2025-10-21,13,◎ファミマの牛乳５００,1142.61,1371,175.0,199957.0
2025-10-21,13,サブレサンドバニライチゴ,1142.61,1371,332.0,379347.0
2025-10-21,13,冷しニンニクまぜそば,1142.61,1371,647.0,739269.0
2025-10-21,13,ＳＰＡＭ　タコスミート,1142.61,1371,315.0,359922.0
2025-10-21,13,ＳＰＡＭ　ツナマヨネーズ,1142.61,1371,266.0,303934.0
2025-10-21,13,不明,1142.61,1371,164.0,187388.0
2025-10-21,13,レジ袋４５号バイオマス,1142.61,1371,7.0,7998.0
2025-10-21,13,鮭ほぐし飯（和風だしごは,1142.61,1371,338.0,386202.0
2025-10-21,13,天タレおむすび,1142.61,1371,138.0,157680.0
2025-10-21,13,植物生のスパイシーカレー,1142.61,1371,146.0,166821.0
2025-10-21,13,赤飯おむすび,1142.61,1371,165.0,188531.0
2025-10-21,13,レジ袋２０号バイオマス,1142.61,1371,5.0,5713.0
2025-10-21,13,鶏のうまみ！鶏そぼろ弁当,1142.61,1371,320.0,365635.0
2025-10-21,13,冷しビャンビャン麺,1142.61,1371,510.0,582731.0
2025-10-21,13,ラッキーＳＲタバコ１０Ｐ,1142.61,1371,3910.0,4467605.0
2025-10-21,13,野沢菜いなり寿司,1142.61,1371,179.0,204527.0
2025-10-21,13,国産チキン彩り野菜うどん,1142.61,1371,554.0,633006.0
2025-10-21,13,手巻寿司　ねぎとろ（青ま,1142.61,1371,230.0,262800.0
2025-10-21,13,かぶり寿司　唐揚げ巻,1142.61,1371,283.0,323359.0
2025-10-21,13,塩こんぶおむすび,1142.61,1371,139.0,158823.0
2025-10-21,13,サンド寿司　まぐろたくあ,1142.61,1371,334.0,381632.0
2025-10-21,13,冷たい生パスタ海老トマト,1142.61,1371,499.0,570162.0
2025-10-21,13,ジューシーハムサンド,1142.61,1371,297.0,339355.0
2025-10-21,13,ラッキーＳリッチタバコ,1142.61,1371,391.0,446761.0
2025-10-21,13,テリヤキチキンとたまごＳ,1142.61,1371,323.0,369063.0
2025-10-21,13,ラッキーＳベリーＭ,1142.61,1371,391.0,446761.0
2025-10-21,13,ラッキーＳトロピカルＳ,1142.61,1371,391.0,446761.0
2025-10-21,13,３種チーズとハムのサンド,1142.61,1371,323.0,369063.0
2025-10-21,13,ベコンレタストマトサンド,1142.61,1371,369.0,421623.0
2025-10-21,13,ネオＢベリーハイパー用,1142.61,1371,455.0,519888.0
2025-10-21,13,チキン南蛮サンド,1142.61,1371,369.0,421623.0
2025-10-21,13,ミックスサンド,1142.61,1371,276.0,315360.0
2025-10-21,13,鶏焼肉のバインミー,1142.61,1371,369.0,421623.0
2025-10-21,13,シーチキン＆たまごサラダ,1142.61,1371,239.0,273084.0
2025-10-21,13,棒棒鶏風サラダ,1142.61,1371,406.0,463900.0
2025-10-21,13,和風ドレッシング,1142.61,1371,33.0,37706.0
2025-10-21,13,シャキシャキレタスサンド,1142.61,1371,297.0,339355.0
2025-10-21,13,サメジマブルーソーダ味,1142.61,1371,178.0,203385.0
2025-10-21,13,蒸鶏とねぎのトマトパスタ,1142.61,1371,462.0,527886.0
2025-10-21,13,大きなおむすび唐揚げマヨ,1142.61,1371,290.0,331357.0
2025-10-21,13,本まぐろわさび醤油おむす,1142.61,1371,280.0,319931.0
2025-10-21,13,◎ベーコンペッパーマヨ,1142.61,1371,121.0,138256.0
2025-10-21,13,メビウス,1142.61,1371,528.0,603298.0
2025-10-21,13,シャインマスカットのど飴,1142.61,1371,105.0,119974.0
2025-10-21,13,ぷっちょＳＴメガコーラ,1142.61,1371,118.0,134828.0
2025-10-21,13,ハイチュウグレープ,1142.61,1371,127.0,145111.0
2025-10-21,13,ハイライトメンソール,1142.61,1371,473.0,540455.0
2025-10-21,13,ハイチュウＰシャインマス,1142.61,1371,152.0,173677.0
2025-10-21,13,センティアＦグリーン,1142.61,1371,482.0,550738.0
2025-10-21,13,ハイライト,1142.61,1371,473.0,540455.0
2025-10-21,13,ハイチュウＰ巨峰,1142.61,1371,152.0,173677.0
2025-10-21,13,キャメルクラフトＭ５,1142.61,1371,410.0,468470.0
2025-10-21,13,アメスピＯＭ１,1142.61,1371,382.0,436477.0
2025-10-21,13,アメスピＯＭライト,1142.61,1371,382.0,436477.0
2025-10-21,13,コロロシャインマスカット,1142.61,1371,148.0,169106.0
2025-10-21,13,コーラアップ,1142.61,1371,242.0,276512.0
2025-10-21,13,アメスピライト,1142.61,1371,382.0,436477.0
2025-10-21,13,ハイチュウＰヨーグルト,1142.61,1371,152.0,173677.0
2025-10-21,13,ＭＶスムースＲプルーム,1142.61,1371,455.0,519888.0
2025-10-21,13,◎しみ旨フレンチトースト,1142.61,1371,144.0,164536.0
2025-10-21,13,ＭＶシトラスＯＰプルーム,1142.61,1371,455.0,519888.0
2025-10-21,13,◎もちっとつぶあんドーナ,1142.61,1371,125.0,142826.0
2025-10-21,13,◎ミニフレンチトースト４,1142.61,1371,172.0,196529.0
2025-10-21,13,センティアＤブロンズ,1142.61,1371,482.0,550738.0
2025-10-21,13,センティアＣジェイド,1142.61,1371,482.0,550738.0
2025-10-21,13,センティアクリアシルバー,1142.61,1371,482.0,550738.0
2025-10-21,13,専ＵＦＯプチ焼そばパン４,1142.61,1371,212.0,242233.0
2025-10-21,13,ケントＴＲメンソール,1142.61,1371,437.0,499321.0
2025-10-21,13,◎北海道メロンパン,1142.61,1371,125.0,142826.0
2025-10-21,13,ケントＴメンソール,1142.61,1371,437.0,499321.0
2025-10-21,13,◎生コッペパン（あんバタ,1142.61,1371,135.0,154252.0
2025-10-21,13,◎白生コッペパン（カスタ,1142.61,1371,128.0,146254.0
2025-10-21,13,マルボロ・ブラックＭ８,1142.61,1371,546.0,623865.0
2025-10-21,13,ＭＶＰＧレギュラーウィズ,1142.61,1371,546.0,623865.0
2025-10-21,13,ＭＶＰＧメンソールウィズ,1142.61,1371,546.0,623865.0
2025-10-21,13,ＭＶＧレッドＭウィズ,1142.61,1371,546.0,623865.0
2025-10-21,13,◎ふんわりホットケーキ２,1142.61,1371,128.0,146254.0
2025-10-21,13,◎完熟バナナパンケーキ,1142.61,1371,138.0,157680.0
2025-10-21,13,ＭＶベリーＯＰプルーム,1142.61,1371,455.0,519888.0
2025-10-21,13,◎いちごのクロワッサン（,1142.61,1371,147.0,167964.0
2025-10-21,13,ＭＶブラックＣＭプルーム,1142.61,1371,455.0,519888.0
2025-10-21,13,タフグミグレーピーパンチ,1142.61,1371,238.0,271941.0
2025-10-21,13,はちみつカリンのど飴,1142.61,1371,124.0,141684.0
2025-10-21,13,メビウスワン,1142.61,1371,528.0,603298.0
2025-10-21,13,メビウスＥ１　１００Ｓ,1142.61,1371,455.0,519888.0
2025-10-21,13,◎スーパーＣＨ無糖レモ３,1142.61,1371,119.0,135971.0
2025-10-21,13,おむすびおかずＳ（昆・ツ,1142.61,1371,434.0,495893.0
2025-10-21,13,特撰　白角水割　２５０,1142.61,1371,175.0,199957.0
2025-10-21,13,茉莉花ジャスミン茶割ＪＪ,1142.61,1371,181.0,206812.0
2025-10-21,13,檸檬堂夏のラムネとレモン,1142.61,1371,160.0,182818.0
2025-10-21,13,手巻寿司　サーモン（青ま,1142.61,1371,230.0,262800.0
2025-10-21,13,本搾りライム３５０,1142.61,1371,168.0,191958.0
2025-10-21,13,未来のレサワオリジナル３,1142.61,1371,271.0,309647.0
2025-10-21,13,ルイボスティーハイ３４０,1142.61,1371,181.0,206812.0
2025-10-21,13,手巻寿司　青しそ納豆,1142.61,1371,190.0,217096.0
2025-10-21,13,◎スーパーＣＨグレフル３,1142.61,1371,119.0,135971.0
2025-10-21,13,大関　佳撰ワンカップ,1142.61,1371,219.0,250232.0
2025-10-21,13,金麦３５０,1142.61,1371,180.0,205670.0
2025-10-21,13,いなり寿司３ヶ入,1142.61,1371,276.0,315360.0
2025-10-21,13,ザプレミアムモルツ３５０,1142.61,1371,254.0,290223.0
2025-10-21,13,黒ラベル３５０,1142.61,1371,216.0,246804.0
2025-10-21,13,炙り焼辛子明太子おむすび,1142.61,1371,251.0,286795.0
2025-10-21,13,◎パン・オ・ショコラ４個,1142.61,1371,184.0,210240.0
2025-10-21,13,６種具材の冷し中華,1142.61,1371,536.0,612439.0
2025-10-21,13,センティアＦパープル,1142.61,1371,482.0,550738.0
2025-10-21,13,キシリトール粒フレッシュ,1142.61,1371,178.0,203385.0
2025-10-21,13,大粒ラムネＲすっぱレモン,1142.61,1371,133.0,151967.0
2025-10-21,13,マルボロアイスＢ・Ｍ８,1142.61,1371,546.0,623865.0
2025-10-21,13,マルボロアイスＢ・Ｍ５,1142.61,1371,546.0,623865.0
2025-10-21,13,ベロＭＰＭインテンス,1142.61,1371,291.0,332500.0
2025-10-21,13,◎黒胡椒香るチーズフラン,1142.61,1371,184.0,210240.0
2025-10-21,13,ケント・１・１００ＢＯＸ,1142.61,1371,473.0,540455.0
2025-10-21,13,◎ファミマ・ザ・カレーパ,1142.61,1371,139.0,158823.0
2025-10-21,13,ケントエス・スパーク１,1142.61,1371,455.0,519888.0
2025-10-21,13,◎手巻きソーセージドーナ,1142.61,1371,158.0,180532.0
2025-10-21,13,マルボロゴールドＢ,1142.61,1371,546.0,623865.0
2025-10-21,13,キシリトール粒グレープ,1142.61,1371,178.0,203385.0
2025-10-21,13,キシリトール粒ライムミン,1142.61,1371,178.0,203385.0
2025-10-21,13,Ｗ・Ｃ・ホワイト・５,1142.61,1371,491.0,561022.0
2025-10-21,13,メビＰＭＯＰＰ１１００,1142.61,1371,528.0,603298.0
2025-10-21,13,メビウスＳＬ,1142.61,1371,528.0,603298.0
2025-10-21,13,フリスクＦＦマスカット,1142.61,1371,278.0,317646.0
2025-10-21,13,ヨーグレットミニ,1142.61,1371,150.0,171391.0
2025-10-21,13,メビウスＥＭＯＰＰ５Ｓ,1142.61,1371,455.0,519888.0
2025-10-21,13,メロンソーダアップ,1142.61,1371,242.0,276512.0
2025-10-21,13,ラムネアップ,1142.61,1371,242.0,276512.0
2025-10-21,13,サンスポ（サンケ,1142.61,1371,164.0,187388.0
2025-10-21,13,コンパクトＳ２４．５ｃｍ,1142.61,1371,230.0,262800.0
2025-10-21,13,忍者めしラムネ,1142.61,1371,125.0,142826.0
2025-10-21,13,週刊少年ジャンプ,1142.61,1371,282.0,322216.0
2025-10-21,13,男梅グミ,1142.61,1371,143.0,163393.0
2025-10-21,13,週　刊　文　春,1142.61,1371,464.0,530171.0
2025-10-21,13,◎ドライみかん,1142.61,1371,276.0,315360.0
2025-10-21,13,ヤングマガジン,1142.61,1371,464.0,530171.0
2025-10-21,13,◎ドライりんご,1142.61,1371,276.0,315360.0
2025-10-21,13,◎５種のナッツ＆フルーツ,1142.61,1371,198.0,226237.0
2025-10-21,13,◎おしゃぶり昆布,1142.61,1371,172.0,196529.0
2025-10-21,13,ＢＩＣ電子ライター,1142.61,1371,170.0,194244.0
2025-10-21,13,◎やみつき種ぬき干し梅,1142.61,1371,175.0,199957.0
2025-10-21,13,コンパクトＳ２１．５ｃｍ,1142.61,1371,230.0,262800.0
2025-10-21,13,◎除菌ハンディＷティシュ,1142.61,1371,164.0,187388.0
2025-10-21,13,コカ・コーラ　３００,1142.61,1371,110.0,125687.0
2025-10-21,13,◎みるくバターまんじゅう,1142.61,1371,144.0,164536.0
2025-10-21,13,◎パイまんじゅうつぶあん,1142.61,1371,153.0,174819.0
2025-10-21,13,ピュレグミＰ白桃,1142.61,1371,180.0,205670.0
2025-10-21,13,ピュレグミＰマスカット,1142.61,1371,180.0,205670.0
2025-10-21,13,ピュレグミグレープ味,1142.61,1371,150.0,171391.0
2025-10-21,13,◎紅はるかの熟成干し芋,1142.61,1371,260.0,297079.0
2025-10-21,13,龍角散ののどすっきり飴袋,1142.61,1371,280.0,319931.0
2025-10-21,13,まい塩あめ小袋,1142.61,1371,138.0,157680.0
2025-10-21,13,今治ＴＨドット,1142.61,1371,600.0,685566.0
2025-10-21,13,ハンカチＳＴ,1142.61,1371,600.0,685566.0
2025-10-21,13,婦人ショートＳ白,1142.61,1371,390.0,445618.0
2025-10-21,13,ひざ下２足ヌードベージュ,1142.61,1371,500.0,571305.0
2025-10-21,13,邪払のど飴小袋,1142.61,1371,119.0,135971.0
2025-10-21,13,◎ばんそうこうＭサイズ,1142.61,1371,362.0,413625.0
2025-10-21,13,プリッツ旨サラダ,1142.61,1371,131.0,149682.0
2025-10-21,13,◎チョコマシュマロ,1142.61,1371,139.0,158823.0
2025-10-21,13,◎ミニバタークッキー,1142.61,1371,128.0,146254.0
2025-10-21,13,シルキータッチふつう,1142.61,1371,398.0,454759.0
2025-10-21,13,◎練乳はちみつドーナツ,1142.61,1371,147.0,167964.0
2025-10-21,13,◎こだわりのマドレーヌ,1142.61,1371,147.0,167964.0
2025-10-21,13,ソフトタンポンコンパクト,1142.61,1371,282.0,322216.0
2025-10-21,13,◎こだわりのワッフル,1142.61,1371,144.0,164536.0
2025-10-21,13,今治ＴＨＳＴ／青橙,1142.61,1371,600.0,685566.0
2025-10-21,13,ジェットスリーム０．５,1142.61,1371,150.0,171391.0
2025-10-21,13,リングメモＡ７Ｂ罫,1142.61,1371,208.0,237663.0
2025-10-21,13,ハリボーハッピーコーラ,1142.61,1371,198.0,226237.0
2025-10-21,13,東スポ（東京スポーツ）,1142.61,1371,164.0,187388.0
2025-10-21,13,ドデカミンＢＩＧ,1142.61,1371,149.0,170249.0
2025-10-21,13,今治ＴＨネイビーＭＩＸ,1142.61,1371,600.0,685566.0
2025-10-21,13,◎ミニ羊羹　煉,1142.61,1371,91.0,103978.0
2025-10-21,13,ペプシコーラ　６００,1142.61,1371,130.0,148539.0
2025-10-21,13,無香料ケープ　ＳＨ　小,1142.61,1371,300.0,342783.0
2025-10-21,13,◎贅沢バウムクーヘン,1142.61,1371,202.0,230807.0
2025-10-21,13,◎とろけるチョコミントＣ,1142.61,1371,139.0,158823.0
2025-10-21,13,◎４種のフルーツケーキ,1142.61,1371,156.0,178247.0
2025-10-21,13,バナナバウムクーヘン,1142.61,1371,139.0,158823.0
2025-10-21,13,さらさらシートせっけん,1142.61,1371,295.0,337070.0
2025-10-21,13,ベースブレッドシナモン,1142.61,1371,260.0,297079.0
2025-10-21,13,ビオレふくだけＣうるおい,1142.61,1371,341.0,389630.0
2025-10-21,13,ベースブレッドチョコ,1142.61,1371,260.0,297079.0
2025-10-21,13,ベースブレッドメープル,1142.61,1371,260.0,297079.0
2025-10-21,13,天然水きりっとヨグ,1142.61,1371,159.0,181675.0
2025-10-21,13,Ｆリーフィアロールケーキ,1142.61,1371,165.0,188531.0
2025-10-21,13,梅のり巻,1142.61,1371,142.0,162251.0
2025-10-21,13,耐風ビニール傘６５,1142.61,1371,705.0,805540.0
2025-10-21,13,ＣＷワンタッチ開閉折傘,1142.61,1371,2014.0,2301217.0
2025-10-21,13,レインコートＬ,1142.61,1371,687.0,784973.0
2025-10-21,13,アクオグリーンミント,1142.61,1371,170.0,194244.0
2025-10-21,13,アクオクリアブルーミント,1142.61,1371,170.0,194244.0
2025-10-21,13,◎春雨スープ担々麺味,1142.61,1371,167.0,190816.0
2025-10-21,13,◎とん汁,1142.61,1371,167.0,190816.0
2025-10-21,13,Ｆレモンクリームのロール,1142.61,1371,153.0,174819.0
2025-10-21,13,クリアクリーントラベル,1142.61,1371,323.0,369063.0
2025-10-21,13,◎濃厚チョコパウンド,1142.61,1371,213.0,243376.0
2025-10-21,13,モンスターエナジーボトル,1142.61,1371,297.0,339355.0
2025-10-21,13,おっとっとうすしお味,1142.61,1371,131.0,149682.0
2025-10-21,13,チップスターＳうすしお味,1142.61,1371,144.0,164536.0
2025-10-21,13,アクエリアス５００,1142.61,1371,160.0,182818.0
2025-10-21,13,チップスターＳコンソメ味,1142.61,1371,144.0,164536.0
2025-10-21,13,サントリー天然水　２Ｌ,1142.61,1371,131.0,149682.0
2025-10-21,13,天然水１Ｌ,1142.61,1371,168.0,191958.0
2025-10-21,13,◎キャラメルコーン,1142.61,1371,119.0,135971.0
2025-10-21,13,◎ＢＳラーメン丸チキン味,1142.61,1371,119.0,135971.0
2025-10-21,13,◎天然水新潟県津南３７０,1142.61,1371,100.0,114261.0
2025-10-21,13,ＳＯＹＪＯＹ　黒ゴマ,1142.61,1371,125.0,142826.0
2025-10-21,13,◎きんつば,1142.61,1371,158.0,180532.0
2025-10-21,13,ウェルチ　１房分のぶどう,1142.61,1371,160.0,182818.0
2025-10-21,13,天然水きりっと果実,1142.61,1371,159.0,181675.0
2025-10-21,13,玉ねぎせん,1142.61,1371,158.0,180532.0
2025-10-21,13,贅沢保湿ポケットＴ,1142.61,1371,169.0,193101.0
2025-10-21,13,◎チョコミントタルト,1142.61,1371,176.0,201099.0
2025-10-21,13,◎チョコミントロール,1142.61,1371,167.0,190816.0
2025-10-21,13,◎水に流せるポケットＴ,1142.61,1371,133.0,151967.0
2025-10-21,13,◎紀州南高梅茎わかめ,1142.61,1371,158.0,180532.0
2025-10-21,13,◎種ぬきはちみつ干し梅,1142.61,1371,158.0,180532.0
2025-10-21,13,今治ＴＨ２５夏の色白,1142.61,1371,600.0,685566.0
2025-10-21,13,１本満足シリアルチョコ,1142.61,1371,152.0,173677.0
2025-10-21,13,１本満足シリアルブラック,1142.61,1371,152.0,173677.0
2025-10-21,13,爽健美茶３００,1142.61,1371,110.0,125687.0
2025-10-21,13,おーいお茶緑茶　３５０,1142.61,1371,110.0,125687.0
2025-10-21,13,１本満足シリアルホワイト,1142.61,1371,152.0,173677.0
2025-10-21,13,伊右衛門特茶,1142.61,1371,170.0,194244.0
2025-10-21,13,ヘルシア緑茶　３５０ｍｌ,1142.61,1371,180.0,205670.0
2025-10-21,13,Ｃ玄米ブラン　ブルーベリ,1142.61,1371,155.0,177105.0
2025-10-21,13,クラフトボスイタリアーノ,1142.61,1371,159.0,181675.0
2025-10-21,13,Ｃ玄米ブランメープル,1142.61,1371,155.0,177105.0
2025-10-21,13,モーニングマアムバニラ,1142.61,1371,130.0,148539.0
2025-10-21,13,◎玄米茶　６００,1142.61,1371,110.0,125687.0
2025-10-21,13,◎台湾烏龍茶　６００,1142.61,1371,110.0,125687.0
2025-10-21,13,ｉｎゼリーマルチビタミン,1142.61,1371,210.0,239948.0
2025-10-21,13,Ｃ１０００ビタミンレモン,1142.61,1371,130.0,148539.0
2025-10-21,13,◎ピーチマンゴールイボス,1142.61,1371,110.0,125687.0
2025-10-21,13,オロナミンＣ,1142.61,1371,135.0,154252.0
2025-10-21,13,ヘパリーゼＷ,1142.61,1371,276.0,315360.0
2025-10-21,13,い・ろ・は・す５４０,1142.61,1371,118.0,134828.0
2025-10-21,13,カロリＭハーフチーズ味,1142.61,1371,110.0,125687.0
2025-10-21,13,クラフトボス　ミルクラテ,1142.61,1371,166.0,189673.0
2025-10-21,13,伊右衛門　６００,1142.61,1371,158.0,180532.0
2025-10-21,13,午後の紅茶　ミルクティー,1142.61,1371,160.0,182818.0
2025-10-21,13,◎オレンジ香アールグレイ,1142.61,1371,110.0,125687.0
2025-10-21,13,きのこベーコン醤油パスタ,1142.61,1371,434.0,495893.0
2025-10-21,13,小岩井　Ｔｈｅカフェオレ,1142.61,1371,159.0,181675.0
2025-10-21,13,おーいお茶濃く香るほうじ,1142.61,1371,158.0,180532.0
2025-10-21,13,クラフトボスブラック,1142.61,1371,149.0,170249.0
2025-10-21,13,ウィルキンソン　レモン,1142.61,1371,112.0,127972.0
2025-10-21,13,クラフトボス　ラテ,1142.61,1371,159.0,181675.0
2025-10-21,13,除菌アルコールタオル,1142.61,1371,238.0,271941.0
2025-10-21,13,１００％　オレンジ,1142.61,1371,168.0,191958.0
2025-10-21,13,カルピス　ザ　リッチ,1142.61,1371,160.0,182818.0
2025-10-21,13,フェイシャルペーパー,1142.61,1371,250.0,285652.0
2025-10-21,13,ｉｎバーザクザクビター,1142.61,1371,170.0,194244.0
2025-10-21,13,ｉｎバー　ベイクドチョコ,1142.61,1371,170.0,194244.0
2025-10-21,13,カシミヤＥＸポケット,1142.61,1371,162.0,185103.0
2025-10-21,13,カロリＭハーフチョコ,1142.61,1371,110.0,125687.0
2025-10-21,13,アイルＣＲ電子ライター,1142.61,1371,159.0,181675.0
2025-10-21,13,カロリーＭハーフフルーツ,1142.61,1371,110.0,125687.0
2025-10-21,13,◎有機栽培の恵み天津甘栗,1142.61,1371,165.0,188531.0
2025-10-21,13,アクエリアス　９５０,1142.61,1371,166.0,189673.0
2025-10-21,13,はだおもい２３ｃｍ,1142.61,1371,253.0,289080.0
2025-10-21,13,コンパクトＳ３０．５ｃｍ,1142.61,1371,230.0,262800.0
2025-10-21,13,イーラインマスクピンク,1142.61,1371,299.0,341640.0
2025-10-21,13,プリングルズサワクリＳ,1142.61,1371,158.0,180532.0
2025-10-21,13,スタイルフィットグレー,1142.61,1371,410.0,468470.0
2025-10-21,13,スタイルフィットＯＬ,1142.61,1371,410.0,468470.0
2025-10-21,13,じゃがビーバターしょうゆ,1142.61,1371,164.0,187388.0
2025-10-21,13,ストロングサワーＣオニオ,1142.61,1371,155.0,177105.0
2025-10-21,13,超快適マスクふつう,1142.61,1371,350.0,399913.0
2025-10-21,13,超快適マスクやや大きめ,1142.61,1371,350.0,399913.0
2025-10-21,13,超快適マスク小さめ,1142.61,1371,350.0,399913.0
2025-10-21,13,７ＤＡＹＳマスク大きめ,1142.61,1371,298.0,340498.0
2025-10-21,13,◎香ばしいバタピー,1142.61,1371,167.0,190816.0
2025-10-21,13,フリクションノックＢＫ,1142.61,1371,230.0,262800.0
2025-10-21,13,◎薫製したうずらたまご,1142.61,1371,249.0,284510.0
2025-10-21,13,富士通ＰＲＥ　単４－４Ｐ,1142.61,1371,528.0,603298.0
2025-10-21,13,◎素焼きミックスナッツ,1142.61,1371,360.0,411340.0
2025-10-21,13,◎ＰＣ濃いめのり塩,1142.61,1371,139.0,158823.0
2025-10-21,13,◎ハンディウェットティシ,1142.61,1371,117.0,133685.0
2025-10-21,13,グリーンダカラ麦茶６８０,1142.61,1371,148.0,169106.0
2025-10-21,13,◎ジュワっとした塩バター,1142.61,1371,130.0,148539.0
2025-10-21,13,ベースブレッドミルク,1142.61,1371,260.0,297079.0
2025-10-21,13,メビウス・ワン・ＢＯＸ,1142.61,1371,528.0,603298.0
2025-10-21,13,カントリーＭミニバニラ,1142.61,1371,121.0,138256.0
2025-10-21,13,ミニたべっ子塩バター味,1142.61,1371,160.0,182818.0
2025-10-21,13,ｅ－ｍａのどグレープ小袋,1142.61,1371,118.0,134828.0
2025-10-21,13,金のミルク小袋,1142.61,1371,138.0,157680.0
2025-10-21,13,塩分チャージタブ小袋塩レ,1142.61,1371,140.0,159965.0
2025-10-21,13,ネオＣＬタバコハイパー用,1142.61,1371,455.0,519888.0
2025-10-21,13,キャメルクラフト６,1142.61,1371,410.0,468470.0
2025-10-21,13,ＭＶＧパープルＭウィズ,1142.61,1371,546.0,623865.0
2025-10-21,13,ＭＶアップルＯＰプルーム,1142.61,1371,455.0,519888.0
2025-10-21,13,ＭＶシャープＣＭプルーム,1142.61,1371,455.0,519888.0
2025-10-21,13,◎チョコチップクッキー,1142.61,1371,128.0,146254.0
2025-10-21,13,ＭＶディープＲプルーム,1142.61,1371,455.0,519888.0
2025-10-21,13,◎ちいさなオールレーズン,1142.61,1371,128.0,146254.0
2025-10-21,13,◎ガトーショコラ風チョコ,1142.61,1371,165.0,188531.0
2025-10-21,13,ＭＶペア―ＯＰプルーム,1142.61,1371,455.0,519888.0
2025-10-21,13,ベースブレッドこしあん,1142.61,1371,276.0,315360.0
2025-10-21,13,ベースブレッドオレンジ,1142.61,1371,276.0,315360.0
2025-10-21,13,◎スティックサラミ,1142.61,1371,110.0,125687.0
2025-10-21,13,◎おつまみイカフライ,1142.61,1371,110.0,125687.0
2025-10-21,13,週刊　モーニング,1142.61,1371,428.0,489037.0
2025-10-21,13,ジャパンニューズ,1142.61,1371,137.0,156538.0
2025-10-21,13,スポーツ報知東日本,1142.61,1371,164.0,187388.0
2025-10-21,13,東京新聞,1142.61,1371,128.0,146254.0
2025-10-21,13,毎日新聞,1142.61,1371,146.0,166821.0
2025-10-21,13,茨城新聞,1142.61,1371,137.0,156538.0
2025-10-21,13,堅ぶつ揚げとうもろこし味,1142.61,1371,128.0,146254.0
2025-10-21,13,ガルボつぶ練り苺ＰＫＰ,1142.61,1371,175.0,199957.0
2025-10-21,13,テリアフュージョンＭ,1142.61,1371,528.0,603298.0
2025-10-21,13,テリアブラックイエローＭ,1142.61,1371,528.0,603298.0
2025-10-21,13,チョコあーんぱん袋,1142.61,1371,121.0,138256.0
2025-10-21,13,産経新聞,1142.61,1371,128.0,146254.0
2025-10-21,13,タフグミ梅マニア,1142.61,1371,238.0,271941.0
2025-10-21,13,テリアトロピカルＭ,1142.61,1371,528.0,603298.0
2025-10-21,13,ＡｐｐｌｅＧＣ＿ＶＡＲ,1142.61,1371,3250.0,3713482.0
2025-10-21,13,ラッキーＥＸカット６,1142.61,1371,428.0,489037.0
2025-10-21,13,キャメルリッチプルーム,1142.61,1371,455.0,519888.0
2025-10-21,13,ソイチキン根菜ラップ,1142.61,1371,369.0,421623.0
2025-10-21,13,ガルボポケットパック,1142.61,1371,175.0,199957.0
2025-10-21,13,クランキーＰＪクランチＣ,1142.61,1371,175.0,199957.0
2025-10-21,13,センティアＴイエロー,1142.61,1371,482.0,550738.0
2025-10-21,13,◎カリカリ梅赤小袋,1142.61,1371,184.0,210240.0
2025-10-21,13,一番搾りホワイト３５０,1142.61,1371,216.0,246804.0
2025-10-21,13,未来のレサワプレーン３４,1142.61,1371,271.0,309647.0
2025-10-21,13,ガーナザクほろ塩ミルＰＪ,1142.61,1371,177.0,202242.0
2025-10-21,13,ひとくちルマンド,1142.61,1371,162.0,185103.0
2025-10-21,13,センティアＳゴールド,1142.61,1371,482.0,550738.0
2025-10-21,13,スニッカーズピーナッツ,1142.61,1371,150.0,171391.0
2025-10-21,13,◎こだわりのフィナンシェ,1142.61,1371,135.0,154252.0
2025-10-21,13,ツナたまごサンド,1142.61,1371,246.0,281082.0
2025-10-21,13,ちびサワーズドリンクアソ,1142.61,1371,211.0,241091.0
2025-10-21,13,メントスグレープ,1142.61,1371,120.0,137113.0
2025-10-21,13,スッパイスッパイマン大作,1142.61,1371,139.0,158823.0
2025-10-21,13,ミンティアＢ濃苺,1142.61,1371,211.0,241091.0
2025-10-21,13,シゲキックス梅ソルト味,1142.61,1371,120.0,137113.0
2025-10-21,13,植物生まれマスカットグミ,1142.61,1371,148.0,169106.0
2025-10-21,13,ザ・クレープ　生チョコ,1142.61,1371,230.0,262800.0
2025-10-21,13,さけるチーズプレーン,1142.61,1371,141.0,161108.0
2025-10-21,13,ナカミグミもも味,1142.61,1371,168.0,191958.0
2025-10-21,13,◎生コッペパン（ツナ＆ポ,1142.61,1371,149.0,170249.0
2025-10-21,13,◎いちごモッチ,1142.61,1371,139.0,158823.0
2025-10-21,13,◎アップルクリームデニッ,1142.61,1371,135.0,154252.0
2025-10-21,13,◎たっぷりクリームデニッ,1142.61,1371,116.0,132543.0
2025-10-21,13,クロレッツＸＰ　オリジナ,1142.61,1371,180.0,205670.0
2025-10-21,13,ミンティアドライハード,1142.61,1371,105.0,119974.0
2025-10-21,13,ミンティアＢシャイニーピ,1142.61,1371,211.0,241091.0
2025-10-21,13,果汁グミぶどう,1142.61,1371,152.0,173677.0
2025-10-21,13,ピュレグミレモン味,1142.61,1371,150.0,171391.0
2025-10-21,13,◎サラダチキンＳハーブ,1142.61,1371,172.0,196529.0
2025-10-21,13,◎グリルチキンＢＰ,1142.61,1371,221.0,252517.0
2025-10-21,13,野菜生活シークヮーサー,1142.61,1371,118.0,134828.0
2025-10-21,13,トマトジュース食塩無添加,1142.61,1371,113.0,129115.0
2025-10-21,13,エッセンシャルズ鉄分,1142.61,1371,152.0,173677.0
2025-10-21,13,エッセンシャルズビタミン,1142.61,1371,152.0,173677.0
2025-10-21,13,ネクターピーチティー,1142.61,1371,193.0,220524.0
2025-10-21,13,◎カフェラテ　砂糖不使用,1142.61,1371,181.0,206812.0
2025-10-21,13,のむフルーチェイチゴ,1142.61,1371,249.0,284510.0
2025-10-21,13,◎のむヨーグルトいちご,1142.61,1371,162.0,185103.0
2025-10-21,13,ＯＡＴＳＩＤＥプレーン,1142.61,1371,128.0,146254.0
2025-10-21,13,激シゲキックスソーダ,1142.61,1371,120.0,137113.0
2025-10-21,13,◎サラダチキンＳスモーク,1142.61,1371,172.0,196529.0
2025-10-21,13,ブレンドＳ,1142.61,1371,135.0,154252.0
2025-10-21,13,◎グリルチキンやきとり,1142.61,1371,221.0,252517.0
2025-10-21,13,アイスコーヒーＳ,1142.61,1371,135.0,154252.0
2025-10-21,13,◎おつまみかまぼこチーズ,1142.61,1371,173.0,197672.0
2025-10-21,13,◎豆腐と枝豆のひじき和え,1142.61,1371,239.0,273084.0
2025-10-21,13,◎特製ダレの味付けたまご,1142.61,1371,304.0,347353.0
2025-10-21,13,豚しゃぶのパスタサラダ,1142.61,1371,369.0,421623.0
2025-10-21,13,豚しゃぶおろしパスタサラ,1142.61,1371,369.0,421623.0
2025-10-21,13,彩りサラダチキンサンド,1142.61,1371,399.0,455901.0
2025-10-21,13,ゆでたまご＆ハムミックス,1142.61,1371,323.0,369063.0
2025-10-21,13,焦がし醤油風グリルチキン,1142.61,1371,369.0,421623.0
2025-10-21,13,ラッキーＥＸカット１０,1142.61,1371,428.0,489037.0
2025-10-21,13,◎チョコツイスト３本入,1142.61,1371,144.0,164536.0
2025-10-21,13,生ハムとルッコラ,1142.61,1371,462.0,527886.0
2025-10-21,13,◎生コッペパン（ダブルピ,1142.61,1371,135.0,154252.0
2025-10-21,13,おいしい牛乳２００ＭＬ,1142.61,1371,133.0,151967.0
2025-10-21,13,◎白生クリームパン（ダブ,1142.61,1371,147.0,167964.0
2025-10-21,13,◎炙りいかそうめん,1142.61,1371,193.0,220524.0
2025-10-21,13,Ｗ・Ｃホワイト１・１００,1142.61,1371,491.0,561022.0
2025-10-21,13,チップスターＳ梅しそ味,1142.61,1371,158.0,180532.0
2025-10-21,13,◎フランクロール,1142.61,1371,184.0,210240.0
2025-10-21,13,メビＰメンＯＰＰ８,1142.61,1371,528.0,603298.0
2025-10-21,13,今治ＴＨ千鳥,1142.61,1371,600.0,685566.0
2025-10-21,13,つかめる実験！ふしぎ玉,1142.61,1371,180.0,205670.0
2025-10-21,13,三次元マスクふつう,1142.61,1371,350.0,399913.0
2025-10-21,13,メビウスＥＸＬＢ,1142.61,1371,528.0,603298.0
2025-10-21,13,グミチョコ苺,1142.61,1371,233.0,266228.0
2025-10-21,13,マカダミアＰＪカラメリゼ,1142.61,1371,175.0,199957.0
2025-10-21,13,たべっ子ラムネレモン味,1142.61,1371,150.0,171391.0
2025-10-21,13,ポテトＣおたくのマヨ味,1142.61,1371,190.0,217096.0
2025-10-21,13,ケントＮＳインテンスリＦ,1142.61,1371,500.0,571305.0
2025-10-21,13,メビウスＥＭＯＰＰ１Ｓ,1142.61,1371,455.0,519888.0
2025-10-21,13,３色そぼろ＆チキン南蛮弁,1142.61,1371,580.0,662714.0
2025-10-21,13,海苔巻おかき,1142.61,1371,228.0,260515.0
2025-10-21,13,レジ袋４５号,1142.61,1371,7.0,7998.0
2025-10-21,13,◎マシマシ紅しょうがせん,1142.61,1371,119.0,135971.0
2025-10-21,13,◎おこめチップスのりしお,1142.61,1371,249.0,284510.0
2025-10-21,13,メビウス１・１００ＢＯＸ,1142.61,1371,528.0,603298.0
2025-10-21,13,◎ミニクッキー,1142.61,1371,128.0,146254.0
2025-10-21,13,グリーンガム,1142.61,1371,138.0,157680.0
2025-10-21,13,◎黒ごまミニアスパラガス,1142.61,1371,119.0,135971.0
2025-10-21,13,健康のど飴梅小袋,1142.61,1371,128.0,146254.0
2025-10-21,13,メビＰメンＯＰＰ５,1142.61,1371,528.0,603298.0
2025-10-21,13,富士通ＰＲＥ　単３－４Ｐ,1142.61,1371,528.0,603298.0
2025-10-21,13,オリオンドラフト３５０,1142.61,1371,216.0,246804.0
2025-10-21,13,週刊少年マガジン,1142.61,1371,364.0,415910.0
2025-10-21,13,ｉｎバープロテインバニラ,1142.61,1371,170.0,194244.0
2025-10-21,13,◎ひとくちこしあん大福５,1142.61,1371,156.0,178247.0
2025-10-21,13,ミルク餅,1142.61,1371,130.0,148539.0
2025-10-21,13,◎有明産の海苔,1142.61,1371,121.0,138256.0
2025-10-21,13,まるごとりんごのど飴小袋,1142.61,1371,128.0,146254.0
2025-10-21,13,キットカットバー,1142.61,1371,140.0,159965.0
2025-10-21,13,グミだよ。レモネード味,1142.61,1371,166.0,189673.0
2025-10-21,13,カンデミーナＷ電撃ライチ,1142.61,1371,200.0,228522.0
2025-10-21,13,◎スパイシービーフジャー,1142.61,1371,156.0,178247.0
2025-10-21,13,ＢＳラーメンおつまみ,1142.61,1371,131.0,149682.0
2025-10-21,13,ケントトゥルータバコ,1142.61,1371,437.0,499321.0
2025-10-21,13,フェットチーネＰピーチパ,1142.61,1371,148.0,169106.0
2025-10-21,13,◎超暴君ハバネロ,1142.61,1371,128.0,146254.0
2025-10-21,13,◎ノアールミニ,1142.61,1371,119.0,135971.0
2025-10-21,13,スティックのりＰＩＴ,1142.61,1371,232.0,265086.0
2025-10-21,13,ケントＴリッチタバコ,1142.61,1371,437.0,499321.0
2025-10-21,13,クロレッツＸＰシャープミ,1142.61,1371,180.0,205670.0
2025-10-21,13,クールループド,1142.61,1371,455.0,519888.0
2025-10-21,13,ラーク・マイルド・ＢＯＸ,1142.61,1371,491.0,561022.0
2025-10-21,13,週　刊　プ　ロ　レ　ス,1142.61,1371,573.0,654716.0
2025-10-21,13,◎しっとりバウムクーヘン,1142.61,1371,167.0,190816.0
2025-10-21,13,◎つぶあんどら焼き,1142.61,1371,144.0,164536.0
2025-10-21,13,今治ＴＨドット／黒青,1142.61,1371,600.0,685566.0
2025-10-21,13,アメスピＯＬゴールド,1142.61,1371,382.0,436477.0
2025-10-21,13,ビッグ　コミック,1142.61,1371,437.0,499321.0
2025-10-21,13,グランドジャンプ,1142.61,1371,437.0,499321.0
2025-10-21,13,◎ばかうけたっぷり青のり,1142.61,1371,110.0,125687.0
2025-10-21,13,ニベアディープモイスチャ,1142.61,1371,533.0,609011.0
2025-10-21,13,ホロチャージホロライブＧ,1142.61,1371,260.0,297079.0
2025-10-21,13,トロピカーナオレンジ,1142.61,1371,150.0,171391.0
2025-10-21,13,１本満足プロテインチョコ,1142.61,1371,171.0,195386.0
2025-10-21,13,プロテインバー　チョコ,1142.61,1371,180.0,205670.0
2025-10-21,13,堅あげポテトうすしお味,1142.61,1371,179.0,204527.0
2025-10-21,13,氷結グレープフルーツ３５,1142.61,1371,168.0,191958.0
2025-10-21,13,読売新聞,1142.61,1371,164.0,187388.0
2025-10-21,13,週刊ベースボール,1142.61,1371,564.0,644432.0
2025-10-21,13,明治Ｒ－１ドリンク,1142.61,1371,149.0,170249.0
2025-10-21,13,◎瀬戸内レモンピール,1142.61,1371,167.0,190816.0
2025-10-21,13,雑貨（雑誌便）,1142.61,1371,2490.0,2845099.0
2025-10-21,13,マルボロ・メン４Ｂ,1142.61,1371,546.0,623865.0
2025-10-21,13,Ｗ・Ｃレッド８・ＢＯＸ,1142.61,1371,491.0,561022.0
2025-10-21,13,ネオＢワイルドベリー,1142.61,1371,455.0,519888.0
2025-10-21,13,ポリッピーしお味,1142.61,1371,120.0,137113.0
2025-10-21,13,特撰月餅,1142.61,1371,140.0,159965.0
2025-10-21,13,ＭＶＰＧフローズンウィズ,1142.61,1371,546.0,623865.0
2025-10-21,13,ふわもち生大福　コーヒー,1142.61,1371,138.0,157680.0
2025-10-21,13,ラー油四川風麻婆焼そば,1142.61,1371,499.0,570162.0
2025-10-21,13,サラサクリップ　赤,1142.61,1371,99.0,113118.0
2025-10-21,13,エボコールドＭ　ＰＬＭ,1142.61,1371,500.0,571305.0
2025-10-21,13,べスティＥＸ首振り,1142.61,1371,100.0,114261.0
2025-10-21,13,野菜スティック味噌マヨ,1142.61,1371,276.0,315360.0
2025-10-21,13,冷たい明太カルボナーラ,1142.61,1371,499.0,570162.0
2025-10-21,13,フレッシュ野菜サラダ,1142.61,1371,199.0,227379.0
2025-10-21,13,ミニチーズおかきお好み焼,1142.61,1371,147.0,167964.0
2025-10-21,13,メビウスＥＯＰＰ８,1142.61,1371,455.0,519888.0
2025-10-21,13,週刊少年サンデー,1142.61,1371,346.0,395343.0
2025-10-21,13,セロテープ小巻直線カッタ,1142.61,1371,220.0,251374.0
2025-10-21,13,メビウスＢ,1142.61,1371,528.0,603298.0
2025-10-21,13,洗顔シート　石けんの香り,1142.61,1371,246.0,281082.0
2025-10-21,13,ラーク・ＢＯＸ,1142.61,1371,491.0,561022.0
2025-10-21,13,日刊ゲンダイ　通常版,1142.61,1371,164.0,187388.0
2025-10-21,13,ＡｐｐｌｅＧＣ　ＶＡＲ,1142.61,1371,5000.0,5713050.0
2025-10-21,13,ＭＶマスカットＯＰＰＬＭ,1142.61,1371,455.0,519888.0
2025-10-21,13,タフグミｍｉｎｉデュオ,1142.61,1371,238.0,271941.0
2025-10-21,13,フェイシャルＰアイス,1142.61,1371,250.0,285652.0
2025-10-21,13,パリジャンサンドハムチズ,1142.61,1371,323.0,369063.0
2025-10-21,13,レインボーキューブグミ,1142.61,1371,198.0,226237.0
2025-10-21,13,冷しとろろそば,1142.61,1371,508.0,580446.0
2025-10-21,13,メビウス１００Ｂ,1142.61,1371,528.0,603298.0
2025-10-21,13,◎グリルチキン梅しそ,1142.61,1371,221.0,252517.0
2025-10-21,13,午後の紅茶　ストレート,1142.61,1371,160.0,182818.0
2025-10-21,13,ネオアイスドＭハイパー,1142.61,1371,455.0,519888.0
2025-10-21,13,じゃがりこＬ明太もんじゃ,1142.61,1371,218.0,249089.0
2025-10-21,13,◎ふんわりカステラ,1142.61,1371,119.0,135971.0
2025-10-21,13,プロテインピーナッツバタ,1142.61,1371,249.0,284510.0
2025-10-21,13,ＭＶアロマＲプルーム,1142.61,1371,473.0,540455.0
2025-10-21,13,さけるチーズとうがらし味,1142.61,1371,141.0,161108.0
2025-10-21,13,◎麻辣花生,1142.61,1371,128.0,146254.0
2025-10-21,13,無限そら豆濃塩ポーク,1142.61,1371,158.0,180532.0
2025-10-21,13,ＡｐｐｌｅＧＣ１．５千,1142.61,1371,1500.0,1713915.0
2025-10-21,13,冷シート　フローラル,1142.61,1371,462.0,527886.0
2025-10-21,13,ポカリスエット５００,1142.61,1371,150.0,171391.0
2025-10-21,13,ポッキーチョコレート,1142.61,1371,207.0,236520.0
2025-10-21,13,メビウスＥ６　１００Ｓ,1142.61,1371,455.0,519888.0
2025-10-21,13,オイコス　ストロベリー,1142.61,1371,189.0,215953.0
2025-10-21,13,センティアＣグリーン,1142.61,1371,482.0,550738.0
2025-10-21,13,デイリースポーツ,1142.61,1371,146.0,166821.0
2025-10-21,13,ハムレタスたまごサンド,1142.61,1371,265.0,302792.0
2025-10-21,13,◎高地栽培バナナ１本,1142.61,1371,130.0,148539.0
2025-10-21,13,ＣＷ晴雨兼用ミニ折傘,1142.61,1371,2014.0,2301217.0
2025-10-21,13,濃い大満足みかん,1142.61,1371,239.0,273084.0
2025-10-21,13,塩分チャージタブレッツ,1142.61,1371,238.0,271941.0
2025-10-21,13,ケントＴベリーブースト,1142.61,1371,437.0,499321.0
2025-10-21,13,朝日新聞,1142.61,1371,164.0,187388.0
2025-10-21,13,１９６無糖Ｗパイン３５,1142.61,1371,161.0,183960.0
2025-10-21,13,ケントＮＳブライトタバコ,1142.61,1371,500.0,571305.0
2025-10-21,13,◎グリルチキンゆず七味,1142.61,1371,221.0,252517.0
2025-10-21,13,エボベリーＣＲ　ＰＬＭ,1142.61,1371,500.0,571305.0
2025-10-21,13,メビウスＳＬＢ,1142.61,1371,528.0,603298.0
2025-10-21,13,エボディープＲ　ＰＬＭ,1142.61,1371,500.0,571305.0
2025-10-21,13,ＳｐｏｒｔｓＧｒａｐｈｉ,1142.61,1371,746.0,852387.0
2025-10-21,13,少年チャンピオン,1142.61,1371,364.0,415910.0
2025-10-21,13,紳士リブＳ黒,1142.61,1371,390.0,445618.0
2025-10-21,13,文庫,1142.61,1371,600.0,685566.0
2025-10-21,13,ヤング　ジャンプ,1142.61,1371,428.0,489037.0
2025-10-21,13,フリスクペパーミント,1142.61,1371,235.0,268513.0
2025-10-21,13,テリアルビーレギュラー,1142.61,1371,528.0,603298.0
2025-10-21,13,週　刊　新　潮,1142.61,1371,464.0,530171.0
2025-10-21,13,◎２種の醤油仕上げ柿ピー,1142.61,1371,167.0,190816.0
2025-10-21,13,三次元マスク大きめ,1142.61,1371,350.0,399913.0
2025-10-21,13,顔体用シート　ゴミポケ,1142.61,1371,280.0,319931.0
2025-10-21,13,炙り焼　鳥めし弁当,1142.61,1371,526.0,601013.0
2025-10-21,13,今治ＴＨ　ハート,1142.61,1371,637.0,727843.0
2025-10-21,13,スポニチ東日本,1142.61,1371,164.0,187388.0
2025-10-21,13,ざるそば,1142.61,1371,417.0,476468.0
2025-10-21,13,◎塩揚げ餅,1142.61,1371,128.0,146254.0
2025-10-21,13,ラッキーＳベリーＢ,1142.61,1371,391.0,446761.0
2025-10-21,13,◎チョコチップスコーン,1142.61,1371,149.0,170249.0
2025-10-21,13,週　刊　実　話,1142.61,1371,519.0,593015.0
2025-10-21,13,チ－ズインカレ－ハンバ－,1142.61,1371,184.0,210240.0
2025-10-21,13,マルボロミディアムＢＯＸ,1142.61,1371,546.0,623865.0
2025-10-21,13,ＧＰｌａｙバリアブル,1142.61,1371,3000.0,3427830.0
2025-10-21,13,ソフトワン使い切り１回分,1142.61,1371,121.0,138256.0
2025-10-21,13,ソルティライチ,1142.61,1371,163.0,186245.0
2025-10-21,13,果汁グミ弾力プラスいちご,1142.61,1371,225.0,257087.0
2025-10-21,13,綴じノートＢ５Ａ罫,1142.61,1371,208.0,237663.0
2025-10-21,13,ニッカン東日本（日刊スポ,1142.61,1371,164.0,187388.0
2025-10-21,13,クリニカハミガキ　ミニ,1142.61,1371,91.0,103978.0
2025-10-21,13,アメリカヘアピン,1142.61,1371,280.0,319931.0
2025-10-21,13,午後の紅茶おいしい無糖,1142.61,1371,158.0,180532.0
2025-10-21,13,折りたたみセットコーム,1142.61,1371,491.0,561022.0
2025-10-21,13,極冷感　フリージア,1142.61,1371,462.0,527886.0
2025-10-21,13,回転焼（抹茶あん）２個入,1142.61,1371,147.0,167964.0
2025-10-21,13,冷しぶっかけ豚肉うどん,1142.61,1371,554.0,633006.0
2025-10-21,13,クリニカトラベルセット,1142.61,1371,330.0,377061.0
2025-10-21,13,かっぱえびせん鳴門の塩,1142.61,1371,158.0,180532.0
2025-10-21,13,プレミアムルック清水白桃,1142.61,1371,270.0,308505.0
2025-10-21,13,ポテトチップス大人の夏味,1142.61,1371,158.0,180532.0
2025-10-21,13,フリスクＣＢフレッシュＭ,1142.61,1371,278.0,317646.0
2025-10-21,13,◎あたりめ　小,1142.61,1371,147.0,167964.0
2025-10-21,13,ハッピーターンスパイス,1142.61,1371,120.0,137113.0
2025-10-21,13,◎チョコマカダミアクッキ,1142.61,1371,184.0,210240.0
2025-10-21,13,アイスコーヒーＭ,1142.61,1371,223.0,254802.0
2025-10-21,13,Ｆ謹製塩豆大福,1142.61,1371,167.0,190816.0
2025-10-21,13,◎トルティーヤＣタコス味,1142.61,1371,128.0,146254.0
2025-10-21,13,ミニ冷し中華,1142.61,1371,369.0,421623.0
2025-10-21,13,競馬ブック,1142.61,1371,500.0,571305.0
2025-10-21,13,週刊　漫画タイムス,1142.61,1371,364.0,415910.0
2025-10-21,13,ＢＳおつまみ激辛チキン,1142.61,1371,136.0,155395.0
2025-10-21,13,東スポ競馬特別版,1142.61,1371,228.0,260515.0
2025-10-21,13,キャメルクラフト１２,1142.61,1371,410.0,468470.0
2025-10-21,13,メビウスＳＴ１　１００,1142.61,1371,528.0,603298.0
2025-10-21,13,アロンアルフア速効多用途,1142.61,1371,501.0,572448.0
2025-10-21,13,◎風味が豊かなチーズ鱈小,1142.61,1371,172.0,196529.0
2025-10-21,13,ライトニング用イヤホン,1142.61,1371,3255.0,3719196.0
2025-10-21,13,ＭＶＭミントＭプルーム,1142.61,1371,455.0,519888.0
2025-10-21,13,◎春雨スープかきたま,1142.61,1371,167.0,190816.0
2025-10-21,13,ピアニシモ・プレシアメン,1142.61,1371,519.0,593015.0
2025-10-21,13,ハイマッキー　太字　黒,1142.61,1371,136.0,155395.0
2025-10-21,13,ミックスアイス,1142.61,1371,464.0,530171.0
2025-10-21,13,コミック,1142.61,1371,520.0,594157.0
2025-10-21,13,海味鮮,1142.61,1371,120.0,137113.0
2025-10-21,13,漫　画　ゴラク,1142.61,1371,500.0,571305.0
2025-10-21,13,ビッグコミックオリジナル,1142.61,1371,437.0,499321.0
2025-10-21,13,もっちりクリームロール,1142.61,1371,313.0,357637.0
2025-10-21,13,塩チョコタルト,1142.61,1371,258.0,294793.0
2025-10-21,13,雑誌（地元発行紙）,1142.61,1371,228.0,260515.0
2025-10-21,13,アクアリッチ　エッセンス,1142.61,1371,880.0,1005497.0
2025-10-21,13,ベロブリージーマンゴーＭ,1142.61,1371,291.0,332500.0
2025-10-21,13,噛むブレスケアレモン,1142.61,1371,385.0,439905.0
2025-10-21,13,月刊　少年マガジン,1142.61,1371,637.0,727843.0
2025-10-21,13,マッキー　極細　黒,1142.61,1371,111.0,126830.0
2025-10-21,13,ネオＢレッドフルーツ,1142.61,1371,455.0,519888.0
2025-10-21,13,技のこだ割り濃厚醤油,1142.61,1371,138.0,157680.0
2025-10-21,13,さけるチーズスモーク味,1142.61,1371,141.0,161108.0
2025-10-21,13,冷シート　無香,1142.61,1371,462.0,527886.0
2025-10-21,13,大盛　明太子スパゲティ,1142.61,1371,554.0,633006.0
2025-10-21,13,ブレンドＭ,1142.61,1371,204.0,233092.0
2025-10-21,13,スポーツ報知,1142.61,1371,164.0,187388.0
2025-10-21,13,日刊スポーツ,1142.61,1371,164.0,187388.0
2025-10-21,13,競馬エイト,1142.61,1371,591.0,675283.0
2025-10-21,13,ゼロチョコレートクリスプ,1142.61,1371,220.0,251374.0
2025-10-21,13,◎ドライもも,1142.61,1371,276.0,315360.0
2025-10-21,13,メビウスＥＸＬ１００Ｂ,1142.61,1371,528.0,603298.0
2025-10-21,13,キャメルクラフト１,1142.61,1371,410.0,468470.0
2025-10-21,13,今治ＴＨＣグラデーション,1142.61,1371,600.0,685566.0
2025-10-21,13,今治ＴＨ　ストライプＢＧ,1142.61,1371,637.0,727843.0
2025-10-21,13,テリアメンソール１０Ｐ,1142.61,1371,5273.0,6024983.0
2025-10-21,13,オイコスドリンク　カフェ,1142.61,1371,248.0,283367.0
2025-10-21,13,明治ヨーグルトＲ－１,1142.61,1371,144.0,164536.0
2025-10-21,13,ネオＢマスカッット,1142.61,1371,455.0,519888.0
2025-10-21,13,夏ポテト紀州の南高梅味,1142.61,1371,179.0,204527.0
2025-10-21,13,ＧＰｌａｙ５０００,1142.61,1371,5000.0,5713050.0
2025-10-21,13,スパッシュラムネレモン,1142.61,1371,147.0,167964.0
2025-10-21,13,ラッキーＳトロピカルＢ,1142.61,1371,391.0,446761.0
2025-10-21,13,スフレ・プリン,1142.61,1371,306.0,349639.0
2025-10-21,13,スポーツニッポン,1142.61,1371,164.0,187388.0
2025-10-21,13,エボルタＮＥＯ単３－４Ｐ,1142.61,1371,659.0,752980.0
2025-10-21,13,アスティーグ肌　Ｌ,1142.61,1371,600.0,685566.0
2025-10-21,13,消しゴム　ＭＯＮＯ,1142.61,1371,110.0,125687.0
2025-10-21,13,キャップ付鉛筆３Ｐ,1142.61,1371,180.0,205670.0
2025-10-21,13,ケント・１・ＫＳ・ＢＯＸ,1142.61,1371,473.0,540455.0
2025-10-21,13,スーパーグリップシャープ,1142.61,1371,100.0,114261.0
2025-10-21,13,ショートＳ灰緑／白小,1142.61,1371,390.0,445618.0
2025-10-21,13,ソルティグレフルグミ,1142.61,1371,184.0,210240.0
2025-10-21,13,うまイチュウ青りんご味,1142.61,1371,127.0,145111.0
2025-10-21,13,ペタグーシャインマスカッ,1142.61,1371,150.0,171391.0
2025-10-21,13,クールマイルド・ＢＯＸ,1142.61,1371,528.0,603298.0
2025-10-21,13,マロッシュラムネ味,1142.61,1371,159.0,181675.0
2025-10-21,13,アポロマイスタイル,1142.61,1371,247.0,282225.0
2025-10-21,13,◎夏のベイクドチーズＣ,1142.61,1371,138.0,157680.0
2025-10-21,13,パイの実レアチーズケーキ,1142.61,1371,238.0,271941.0
2025-10-21,13,ビッグコミックスピリッツ,1142.61,1371,464.0,530171.0
2025-10-21,13,塩キャラメルプリン,1142.61,1371,230.0,262800.0
2025-10-21,13,クロレッツＸＰ　クリアミ,1142.61,1371,180.0,205670.0
2025-10-21,13,ライトニング電池式６本,1142.61,1371,2346.0,2680563.0
2025-10-21,13,多当仏　御霊前,1142.61,1371,87.0,99407.0
2025-10-21,13,テリヤキチキンたまごコぺ,1142.61,1371,323.0,369063.0
2025-10-21,13,ワンピデッキシャンクス,1142.61,1371,500.0,571305.0
2025-10-21,13,◎ばんそうこう３サイズ,1142.61,1371,362.0,413625.0
2025-10-21,13,◎塩キャラメルケーキタ３,1142.61,1371,167.0,190816.0
2025-10-21,13,Ｃボス　地中海スカッシュ,1142.61,1371,166.0,189673.0
2025-10-21,13,マッチ　５００,1142.61,1371,150.0,171391.0
2025-10-21,13,テリアスムースＲ１０Ｐ,1142.61,1371,5273.0,6024983.0
2025-10-21,13,こだわり酒場のレモン３５,1142.61,1371,161.0,183960.0
2025-10-21,13,狩人めしエナジードリンク,1142.61,1371,125.0,142826.0
2025-10-21,13,サントリー生ビール３５０,1142.61,1371,212.0,242233.0
2025-10-21,13,北海道生ビール３５０,1142.61,1371,216.0,246804.0
2025-10-21,13,◎やわらか燻製さきいか,1142.61,1371,184.0,210240.0
2025-10-21,13,◎とうふとわかめ,1142.61,1371,121.0,138256.0
2025-10-21,13,青磯海苔　まぐろたくあん,1142.61,1371,187.0,213668.0
2025-10-21,13,ザバスチョコレート２００,1142.61,1371,205.0,234235.0
2025-10-21,13,大粒ラムネアイスボックス,1142.61,1371,161.0,183960.0
2025-10-21,13,男梅サワー梅涼し３５０,1142.61,1371,187.0,213668.0
2025-10-21,13,もち麦　新生姜とわかめ,1142.61,1371,163.0,186245.0
2025-10-21,13,紳士くるぶし丈Ｓ黒,1142.61,1371,390.0,445618.0
2025-10-21,13,ショートＳ灰緑／白大,1142.61,1371,390.0,445618.0
2025-10-21,13,漬け真鯛おむすび,1142.61,1371,260.0,297079.0
2025-10-21,13,こってり炒飯おむすび,1142.61,1371,166.0,189673.0
2025-10-21,13,手巻寿司　ばくだん納豆,1142.61,1371,207.0,236520.0
2025-10-21,13,茶流彩彩　コーン茶,1142.61,1371,110.0,125687.0
2025-10-21,13,◎どかっとベーコンチーズ,1142.61,1371,139.0,158823.0
2025-10-21,13,ＢＩＧあらびきソーセージ,1142.61,1371,150.0,171391.0
2025-10-21,13,◎クランベリー＆チーズク,1142.61,1371,147.0,167964.0
2025-10-21,13,◎塩バターパン（チョコク,1142.61,1371,156.0,178247.0
2025-10-21,13,３種のミックスサンド,1142.61,1371,298.0,340498.0
2025-10-21,13,ネオＢトロピカルハイパー,1142.61,1371,455.0,519888.0
2025-10-21,13,ブラックＴココナッツ小袋,1142.61,1371,128.0,146254.0
2025-10-21,13,ぷっちょＳＴ瀬戸内レモン,1142.61,1371,118.0,134828.0
2025-10-21,13,みんなのレモネード,1142.61,1371,212.0,242233.0
2025-10-21,13,オレンジもちとろクリーム,1142.61,1371,184.0,210240.0
2025-10-21,13,まるごとバナナ,1142.61,1371,260.0,297079.0
2025-10-21,13,８×４ロールオンせっけん,1142.61,1371,641.0,732413.0
2025-10-21,13,ノンシュガー塩果実キャン,1142.61,1371,211.0,241091.0
2025-10-21,13,◎ふんわりとしたパンケ８,1142.61,1371,172.0,196529.0
2025-10-21,13,つくね＆鶏そぼろごはん,1142.61,1371,313.0,357637.0
2025-10-21,13,ＩＱＯＳｉＯＭブラック,1142.61,1371,3619.0,4135106.0
2025-10-21,13,◎焼きカレーパン３個入,1142.61,1371,184.0,210240.0
2025-10-21,13,プライドポテト神戸ビーフ,1142.61,1371,168.0,191958.0
2025-10-21,13,堅あげ焼きとうもろこし,1142.61,1371,179.0,204527.0
2025-10-21,13,◎Ｆボスブラック　４５０,1142.61,1371,130.0,148539.0
2025-10-21,13,コアラのマーチ練乳ミルク,1142.61,1371,177.0,202242.0
2025-10-21,13,ＰＧスパイシーチキンＳ缶,1142.61,1371,168.0,191958.0
2025-10-21,13,ハニーミルクティー,1142.61,1371,230.0,262800.0
2025-10-21,13,果汁グミすいか,1142.61,1371,152.0,173677.0
2025-10-21,13,カスタムプラスＥＸ首振り,1142.61,1371,398.0,454759.0
2025-10-21,13,ツナとたまごサンド,1142.61,1371,265.0,302792.0
2025-10-21,13,◎塩チョコフィナンシェ,1142.61,1371,167.0,190816.0
2025-10-21,13,大盛豚肉とねぎの塩焼そば,1142.61,1371,554.0,633006.0
2025-10-21,13,純連冷し味噌ラーメン,1142.61,1371,599.0,684423.0
2025-10-21,13,フルーツの沼メロン＆白桃,1142.61,1371,230.0,262800.0
2025-10-21,13,トルティーヤ豚生姜ハムチ,1142.61,1371,369.0,421623.0
2025-10-21,13,ぷっちょイカゲーム第二弾,1142.61,1371,193.0,220524.0
2025-10-21,13,Ｗ・Ｃホワイト３ＢＯＸ,1142.61,1371,491.0,561022.0
2025-10-21,13,毎日新聞（１都６県静０１,1142.61,1371,,
2025-10-21,13,東京スポーツ（１都６県静,1142.61,1371,,
2025-10-21,13,東京新聞（１都６県静０１,1142.61,1371,,
2025-10-21,13,スポーツ報知（関東東北北,1142.61,1371,,
2025-10-21,13,日刊ゲンダイ（１都６県静,1142.61,1371,,
2025-10-21,13,納豆細巻寿司（２巻増量）,1142.61,1371,389.0,444475.0
2025-10-21,13,ＪＴニューヨーク（旧：ヘ,1142.61,1371,,
2025-10-21,13,読売新聞（１都６県静０１,1142.61,1371,,
2025-10-21,13,日本経済新聞（静０５）,1142.61,1371,,
2025-10-21,13,朝日新聞（宮山梨静０５以,1142.61,1371,,
2025-10-21,13,ＴｈｅＪａｐａｎＮｅｗｓ,1142.61,1371,,
2025-10-21,13,産経新聞（宮山梨静０５以,1142.61,1371,,
2025-10-21,13,プロテインキャラメル,1142.61,1371,249.0,284510.0
2025-10-21,13,キャメルクラフトＭＢ５,1142.61,1371,410.0,468470.0
2025-10-21,13,◎どかっとテリマヨチキン,1142.61,1371,135.0,154252.0
2025-10-21,13,スポニチ（山梨静０５以外,1142.61,1371,,
2025-10-21,13,デイリースポーツ（１都６,1142.61,1371,,
2025-10-21,13,サンスポ（山梨静０５以外,1142.61,1371,,
2025-10-21,13,日刊スポ（山梨静０５以外,1142.61,1371,,
2025-10-21,13,婦人リブＳ白,1142.61,1371,390.0,445618.0
2025-10-21,13,◎こだわりのバタークッキ,1142.61,1371,239.0,273084.0
2025-10-21,13,Ｆはちみつ＆マーガリンの,1142.61,1371,147.0,167964.0
2025-10-21,13,男梅シート,1142.61,1371,200.0,228522.0
2025-10-21,13,ＧＰｌａｙ３０００,1142.61,1371,3000.0,3427830.0
2025-10-21,13,Ｓスター１０Ｂ,1142.61,1371,546.0,623865.0
2025-10-21,13,オイコス　パッションフル,1142.61,1371,189.0,215953.0
2025-10-21,13,コーヒー用氷Ｓ,1142.61,1371,,
2025-10-21,13,◎冷スープかぼちゃと人参,1142.61,1371,332.0,379347.0
2025-10-21,13,ＣＷ晴雨兼用スリム折傘,1142.61,1371,2014.0,2301217.0
2025-10-21,13,セブンスター１０Ｐ,1142.61,1371,5455.0,6232938.0
2025-10-21,13,フライドチキン＆ハンバー,1142.61,1371,555.0,634149.0
2025-10-21,13,ケントエス・スパーク５,1142.61,1371,455.0,519888.0
2025-10-21,13,Ｃ玄米ブラン贅沢ミルク,1142.61,1371,180.0,205670.0
2025-10-21,13,Ｃ玄米ブラン　カカオ,1142.61,1371,155.0,177105.0
2025-10-21,13,ブルガリアＹＯマスカット,1142.61,1371,185.0,211383.0
2025-10-21,13,激辛韓国風焼そば,1142.61,1371,510.0,582731.0
2025-10-21,13,◎フルーツＣ塩レモン,1142.61,1371,276.0,315360.0
2025-10-21,13,沖縄黒糖のブラウにゃー,1142.61,1371,220.0,251374.0
2025-10-21,13,カントリーＭ塩バニラアイ,1142.61,1371,145.0,165678.0
2025-10-21,13,シングルモルト白州１８０,1142.61,1371,1950.0,2228090.0
2025-10-21,13,週刊ＴＶガイド（関東版）,1142.61,1371,,
2025-10-21,13,その他３口座売上,1142.61,1371,649.0,741554.0
2025-10-21,13,竹箸　５００膳,1142.61,1371,,
2025-10-21,13,ＴＶＬＩＦＥ　首都圏版,1142.61,1371,,
2025-10-21,13,コーヒー用氷Ｍ,1142.61,1371,,
2025-10-21,13,ａｎａｎ（アンアン）,1142.61,1371,,
2025-10-21,13,コーヒーリッドＭ,1142.61,1371,,
2025-10-21,13,今治ＴＨフジＲ２５,1142.61,1371,637.0,727843.0
2025-10-21,13,ストローレスリッド,1142.61,1371,,
2025-10-21,13,しあわせ素肌ミニ夜用,1142.61,1371,162.0,185103.0
2025-10-21,13,ニンフィアゼリードリンク,1142.61,1371,249.0,284510.0
2025-10-21,13,新・値下シール３０円,1142.61,1371,,
2025-10-21,13,ＣＷ折りたたみ耐風傘,1142.61,1371,2014.0,2301217.0
2025-10-21,13,サンデー毎日,1142.61,1371,600.0,685566.0
2025-10-21,13,カフェカップＳ,1142.61,1371,,
2025-10-21,13,塩分チャージタブ小袋,1142.61,1371,140.0,159965.0
2025-10-21,13,週刊　女性セブン,1142.61,1371,482.0,550738.0
2025-10-21,13,第１０７回全国高校野球選,1142.61,1371,,
2025-10-21,13,お泊まりスキンケアセット,1142.61,1371,380.0,434192.0
2025-10-21,13,楽天ギフトバリアブル,1142.61,1371,10500.0,11997405.0
2025-10-21,13,ＡＥＲＡ（アエラ）,1142.61,1371,591.0,675283.0
2025-10-21,13,なめらか食感水ようかん,1142.61,1371,158.0,180532.0
2025-10-21,13,トマトベーコンパスタサラ,1142.61,1371,389.0,444475.0
2025-10-21,13,ベ　ス　ト　カ　ー,1142.61,1371,537.0,613582.0
2025-10-21,13,ポケカ拡張ステラ,1142.61,1371,164.0,187388.0
2025-10-21,13,ベロＢマンゴーＭ５Ｐ,1142.61,1371,1455.0,1662498.0
2025-10-21,13,明太マヨいか天,1142.61,1371,130.0,148539.0
2025-10-21,13,マウスＷクリア８０ＭＬ,1142.61,1371,200.0,228522.0
2025-10-21,13,こんがりパンポタージュ,1142.61,1371,170.0,194244.0
2025-10-21,13,クラフトテープ　１巻,1142.61,1371,,
2025-10-21,13,タリーズブラック３９０,1142.61,1371,158.0,180532.0
2025-10-21,13,アルバトロス・ビュー,1142.61,1371,,
2025-10-21,13,テリアレギュラー１０Ｐ,1142.61,1371,5273.0,6024983.0
2025-10-21,13,発注レジ袋１２号バイオマ,1142.61,1371,,
2025-10-21,13,ショコラ＆ホイップパイ,1142.61,1371,239.0,273084.0
2025-10-21,13,ビッグコミックスペリオー,1142.61,1371,464.0,530171.0
2025-10-21,13,ネイビーやまがた県民手帳,1142.61,1371,500.0,571305.0
2025-10-21,13,塩レモンクッキーシュー,1142.61,1371,204.0,233092.0
2025-10-21,13,アスティーグ黒　Ｍ,1142.61,1371,600.0,685566.0
2025-10-21,13,しょうが香る冷し薬味そば,1142.61,1371,,
2025-10-21,13,明太海苔弁当,1142.61,1371,555.0,634149.0
2025-10-21,13,東京スポーツ競馬特別版,1142.61,1371,,
2025-10-21,13,夏ポテト対馬の浜御塩味,1142.61,1371,179.0,204527.0
2025-10-21,13,優馬（関東山形福島）,1142.61,1371,,
2025-10-21,13,日刊競馬（関東山形福島）,1142.61,1371,,
2025-10-21,13,勝馬（関東山形福島）,1142.61,1371,,
2025-10-21,13,競友（関東福島）,1142.61,1371,,
2025-10-21,13,競馬エイト（関東福島）,1142.61,1371,,
2025-10-21,13,競馬ブック（関東山形福島,1142.61,1371,,
2025-10-21,13,馬サブロー（１都６県宮城,1142.61,1371,,
2025-10-21,13,研究（関東山形福島）,1142.61,1371,,
2025-10-21,13,リルＨリキッドＣ,1142.61,1371,73.0,83411.0
2025-10-21,13,ネックバンドイヤホン　黒,1142.61,1371,3164.0,3615218.0
2025-10-21,13,天使のチーズケーキ,1142.61,1371,230.0,262800.0
2025-10-21,13,プレジデント,1142.61,1371,,
2025-10-21,13,ＰＯＳレジロール５０巻,1142.61,1371,,
2025-10-21,13,ペーパータオルＢＳ,1142.61,1371,,
2025-10-21,13,ＪＴオンサンデー（旧：ジ,1142.61,1371,,
2025-10-21,13,コーヒーフレッシュ,1142.61,1371,,
2025-10-21,13,ダーク豆（ＵＣＣ）,1142.61,1371,,
2025-10-21,13,ピース（２０本）,1142.61,1371,546.0,623865.0
2025-10-21,13,２５０円スポーツ,1142.61,1371,228.0,260515.0
2025-10-21,13,ワンピデッキ緑黄ヤマト,1142.61,1371,500.0,571305.0
2025-10-21,13,ワンピデッキ紫黒ルフィ,1142.61,1371,500.0,571305.0
2025-10-21,13,婦人クルーＳ黒,1142.61,1371,390.0,445618.0
2025-10-21,13,ワンピデッキ　バギー,1142.61,1371,500.0,571305.0
2025-10-21,13,ハミガキハブラシセット,1142.61,1371,448.0,511889.0
2025-10-21,13,ＬストライクＢ,1142.61,1371,564.0,644432.0
2025-10-21,13,備蓄米１Ｋｇ,1142.61,1371,,
2025-10-21,13,ｉｎバー　ベイクドビター,1142.61,1371,170.0,194244.0
2025-10-21,13,２ＷＡＹマーカーピンク,1142.61,1371,180.0,205670.0
2025-10-21,13,ガムシロップ,1142.61,1371,,
2025-10-21,13,備蓄米　１ｋｇ,1142.61,1371,360.0,411340.0
2025-10-21,13,堅ぶつ旨塩,1142.61,1371,128.0,146254.0
2025-10-21,13,◎人気のミックスナッツ,1142.61,1371,360.0,411340.0
2025-10-21,13,うるおいさらっとジェル,1142.61,1371,248.0,283367.0
2025-10-21,13,ワンピデッキジュエリー,1142.61,1371,500.0,571305.0
2025-10-21,13,Ｃボス　フルーツエード,1142.61,1371,143.0,163393.0
2025-10-21,13,紅茶花伝　ミルクティー,1142.61,1371,155.0,177105.0
2025-10-21,13,週刊　プレイボーイ,1142.61,1371,591.0,675283.0
2025-10-21,13,今治ＴＨ２５春の色白,1142.61,1371,600.0,685566.0
2025-10-21,13,週　刊　大　衆,1142.61,1371,437.0,499321.0
2025-10-21,13,サクレグミレモン＆梨,1142.61,1371,208.0,237663.0
2025-10-21,13,つぶ塩梅,1142.61,1371,158.0,180532.0
2025-10-21,13,パーラメント１００ＢＯＸ,1142.61,1371,564.0,644432.0
2025-10-21,13,あの夏のラムネグミ,1142.61,1371,167.0,190816.0
2025-10-21,13,濃厚カスタードシュー,1142.61,1371,156.0,178247.0
2025-10-21,13,オレンジパンチ３５０,1142.61,1371,161.0,183960.0
2025-10-21,13,全粒粉サラダチキンたまご,1142.61,1371,369.0,421623.0
2025-10-21,13,パリジャン３種ミート,1142.61,1371,348.0,397628.0
2025-10-21,13,センテＩブラック１０Ｐ,1142.61,1371,4819.0,5506238.0
2025-10-21,13,炭火焼うなぎおむすび,1142.61,1371,369.0,421623.0
2025-10-21,13,海鮮サラダおむすび,1142.61,1371,147.0,167964.0
2025-10-21,13,おろしタツタ弁当（わかめ,1142.61,1371,598.0,683281.0
2025-10-21,13,ビーフハンバーグのロコモ,1142.61,1371,647.0,739269.0
2025-10-21,13,ＳＰＡＭ　玉子焼き,1142.61,1371,313.0,357637.0
2025-10-21,13,週刊　東洋経済,1142.61,1371,864.0,987215.0
2025-10-21,13,エ　コ　ノ　ミ　ス　ト,1142.61,1371,,
2025-10-21,13,テリアリッチＲ１０Ｐ,1142.61,1371,5273.0,6024983.0
2025-10-21,13,ＹＯＵＮＧ　ＫＩＮＧ（ヤ,1142.61,1371,464.0,530171.0
2025-10-21,13,野菜生活巨峰,1142.61,1371,118.0,134828.0
2025-10-21,13,ブーストバイツ,1142.61,1371,240.0,274226.0
2025-10-21,13,専炭治郎の抹茶クリームロ,1142.61,1371,158.0,180532.0
2025-10-21,13,銀鮭と煮物の幕の内弁当,1142.61,1371,555.0,634149.0
2025-10-21,13,鬼滅の刃フルーツオレ,1142.61,1371,249.0,284510.0
2025-10-21,13,アサイーボウルドリンク,1142.61,1371,249.0,284510.0
2025-10-21,13,◎生スコーン６個入（チー,1142.61,1371,172.0,196529.0
2025-10-21,13,サンド寿司　サーモン,1142.61,1371,334.0,381632.0
2025-10-21,13,Ｆ伊之助のほわほわ大福,1142.61,1371,125.0,142826.0
2025-10-21,13,Ｆ水柱の水まんじゅう（ラ,1142.61,1371,149.0,170249.0
2025-10-21,13,◎マラサダ（マカダミアチ,1142.61,1371,147.0,167964.0
2025-10-21,13,専胡蝶しのぶの藤色メロン,1142.61,1371,165.0,188531.0
2025-10-21,13,◎Ｆボス　ラテ　４５０,1142.61,1371,139.0,158823.0
2025-10-21,13,新Ｅプリンター用インク青,1142.61,1371,,
2025-10-21,13,◎レモネードソーダ,1142.61,1371,186.0,212525.0
2025-10-21,13,翠ジンソーダ３５０,1142.61,1371,194.0,221666.0
2025-10-21,13,ＳＰＡ！（スパ！）,1142.61,1371,573.0,654716.0
2025-10-21,13,半熟たまご大盛冷しうどん,1142.61,1371,554.0,633006.0
2025-10-21,13,ライオンカフェオレ,1142.61,1371,208.0,237663.0
2025-10-21,13,台湾風まぜそば,1142.61,1371,599.0,684423.0
2025-10-21,13,週刊女性自身,1142.61,1371,500.0,571305.0
2025-10-21,13,週刊ゴルフダイジェスト,1142.61,1371,573.0,654716.0
2025-10-21,13,クア・アイナテリチキン,1142.61,1371,369.0,421623.0
2025-10-21,13,フライドサイミン,1142.61,1371,,
2025-10-21,13,週刊アサヒ芸能,1142.61,1371,564.0,644432.0
2025-10-21,13,マカダミアパンケーキ,1142.61,1371,323.0,369063.0
2025-10-21,13,ＦＬＡＳＨ　（フラッシュ,1142.61,1371,664.0,758693.0
2025-10-21,13,ミンティアグレープ,1142.61,1371,105.0,119974.0
2025-10-21,13,健康のど飴冷やし飴小袋,1142.61,1371,138.0,157680.0
2025-10-21,13,コアラのマーチいちご,1142.61,1371,164.0,187388.0
2025-10-21,13,◎ハムエッグデニッシュ２,1142.61,1371,135.0,154252.0
2025-10-21,13,週　刊　女　性,1142.61,1371,,
2025-10-21,13,透明プリン？マンゴー？,1142.61,1371,194.0,221666.0
2025-10-21,13,青ねぎと蒸し鶏のパスタ,1142.61,1371,462.0,527886.0
2025-10-21,13,２０品目のサラダ,1142.61,1371,276.0,315360.0
2025-10-21,13,ベロＭＰミントＸインテン,1142.61,1371,310.0,354209.0
2025-10-21,13,◎りんごカスタードデニ４,1142.61,1371,167.0,190816.0
2025-10-21,13,◎ハムチーズクロワッサン,1142.61,1371,135.0,154252.0
2025-10-21,13,紳士ショートＳ黒,1142.61,1371,390.0,445618.0
2025-10-21,13,ラインＳ２５夏の色白大,1142.61,1371,390.0,445618.0
2025-10-21,13,カルピスＰマンゴーピーチ,1142.61,1371,170.0,194244.0
2025-10-21,13,ブリーフ団イカ墨まぜそば,1142.61,1371,369.0,421623.0
2025-10-21,13,江頭　激辛豚骨ラーメン,1142.61,1371,369.0,421623.0
2025-10-21,13,ラークウルトラ１・１００,1142.61,1371,491.0,561022.0
2025-10-21,13,◎ひとくち濃厚梅だれせん,1142.61,1371,139.0,158823.0
2025-10-21,13,ミニチーズおかきガーリッ,1142.61,1371,150.0,171391.0
2025-10-21,13,◎瀬戸内レモンのドーナツ,1142.61,1371,139.0,158823.0
2025-10-21,13,キリン晴れ風３５０,1142.61,1371,216.0,246804.0
2025-10-21,13,Ｇファイトシャープ芯ＨＢ,1142.61,1371,200.0,228522.0
2025-10-21,13,最強王図鑑激闘バトルグミ,1142.61,1371,193.0,220524.0
2025-10-21,13,すっぱいぶどうグミ,1142.61,1371,100.0,114261.0
2025-10-21,13,レインコートＭ,1142.61,1371,687.0,784973.0
2025-10-21,13,オイコス　レモン＆ハニー,1142.61,1371,179.0,204527.0
2025-10-21,13,４５Ｌ半透明ゴミ袋,1142.61,1371,,
2025-10-21,13,レジ従業員金庫引継ノート,1142.61,1371,,
2025-10-21,13,◎生コッペパン（ハムカツ,1142.61,1371,167.0,190816.0
2025-10-21,13,振って塩こんぶキャベツ,1142.61,1371,221.0,252517.0
2025-10-21,13,センティアＦエメラルド,1142.61,1371,482.0,550738.0
2025-10-21,13,サンカット　ＵＶスプレー,1142.61,1371,798.0,911803.0
2025-10-21,13,抹茶シベリア３個入,1142.61,1371,230.0,262800.0
2025-10-21,13,ライト豆（ＵＣＣ）,1142.61,1371,,
2025-10-21,13,ターザン,1142.61,1371,728.0,831820.0
2025-10-21,13,ジャージー牛乳プリン,1142.61,1371,178.0,203385.0
2025-10-21,13,ＡｐｐｌｅＧＣ＿５千,1142.61,1371,5000.0,5713050.0
2025-10-21,13,ベロスピッフィーＳミント,1142.61,1371,291.0,332500.0
2025-10-21,13,センテＣシルバー１０Ｐ,1142.61,1371,4819.0,5506238.0
2025-10-21,13,電卓　１２桁,1142.61,1371,1280.0,1462541.0
2025-10-21,13,ライトニングイヤホン変換,1142.61,1371,1982.0,2264653.0
2025-10-21,13,ＦＲＩＤＡＹ（フライデー,1142.61,1371,710.0,811253.0
2025-10-21,13,オレンジページ,1142.61,1371,544.0,621580.0
2025-10-21,13,ミルクソースのシフォン,1142.61,1371,369.0,421623.0
2025-10-21,13,ネオチルドＭハイパー用,1142.61,1371,455.0,519888.0
2025-10-21,13,カーセンサー東日本版,1142.61,1371,,
2025-10-21,13,Ｗｅｄｇｅ（ウェッジ）,1142.61,1371,,
2025-10-21,13,週　刊　ポ　ス　ト,1142.61,1371,519.0,593015.0
2025-10-21,13,ＵＳＢーＣ用イヤホン黒,1142.61,1371,2164.0,2472608.0
2025-10-21,13,Ｎｅｗｔｏｎ（ニュートン,1142.61,1371,1082.0,1236304.0
2025-10-21,13,パリパリ麺サラダ,1142.61,1371,369.0,421623.0
2025-10-21,13,カーセンサー首都圏版,1142.61,1371,,
2025-10-21,13,新Ｅプリンター用インク赤,1142.61,1371,,
2025-10-21,13,新Ｅプリンター用インク黒,1142.61,1371,,
2025-10-21,13,ネオＢマスカット,1142.61,1371,455.0,519888.0
2025-10-21,13,ＩＱＯＳｉＯＢブルー,1142.61,1371,3619.0,4135106.0
2025-10-21,13,クール・ＢＯＸ,1142.61,1371,528.0,603298.0
2025-10-21,13,アルカリ水クリーナ－詰替,1142.61,1371,,
2025-10-21,13,やまがた県民手帳ブラック,1142.61,1371,500.0,571305.0
2025-10-21,13,ごまだれ冷し中華,1142.61,1371,554.0,633006.0
2025-10-21,13,Ｓスター７Ｂ,1142.61,1371,546.0,623865.0
2025-10-21,13,綾鷹　濃い緑茶　６５０,1142.61,1371,158.0,180532.0
2025-10-21,13,ＵＳＢ－Ｃ電池充電器,1142.61,1371,1710.0,1953863.0
2025-10-21,13,氷結無糖スモモ３５０,1142.61,1371,168.0,191958.0
2025-10-21,13,ゼロシュガーフリーチョコ,1142.61,1371,220.0,251374.0
2025-10-21,13,トッポ,1142.61,1371,209.0,238805.0
2025-10-21,13,コーヒーリッド黒Ｓ,1142.61,1371,,
2025-10-21,13,カフェカップＭ,1142.61,1371,,
2025-10-21,13,◎フルーツミックス５００,1142.61,1371,112.0,127972.0
2025-10-21,13,◎南高梅うす塩個食,1142.61,1371,131.0,149682.0
2025-10-21,13,◎南高梅はちみつ入個食,1142.61,1371,131.0,149682.0
2025-10-21,13,◎生コッペパン（厚ぎりと,1142.61,1371,230.0,262800.0
2025-10-21,13,綾鷹　６５０,1142.61,1371,158.0,180532.0
2025-10-21,13,サントリー天然水　５５０,1142.61,1371,118.0,134828.0
2025-10-21,13,烏龍茶　６００,1142.61,1371,158.0,180532.0
2025-10-21,13,鮭わかめおむすび,1142.61,1371,139.0,158823.0
2025-10-21,13,つぶグミＰ濃厚マンゴー,1142.61,1371,198.0,226237.0
2025-10-21,13,ケント・６・１００ＢＯＸ,1142.61,1371,473.0,540455.0
2025-10-21,13,４Ｄグミ旅路のマジックア,1142.61,1371,221.0,252517.0
2025-10-21,13,モチド富良野メロン味,1142.61,1371,171.0,195386.0
2025-10-21,13,三ツ矢　ひんやり和梨,1142.61,1371,160.0,182818.0
2025-10-21,13,備蓄米　２Ｋｇ,1142.61,1371,,
2025-10-21,13,◎生コッペパン（チョコバ,1142.61,1371,135.0,154252.0
2025-10-21,13,ビスコ発酵バター,1142.61,1371,156.0,178247.0
2025-10-21,13,銀座ライオンビヤ３５０,1142.61,1371,216.0,246804.0
2025-10-21,13,◎プリンみたいなパン,1142.61,1371,119.0,135971.0
2025-10-21,13,善逸たまごＢＯＸＤ２,1142.61,1371,425.0,485609.0
2025-10-21,13,炭治郎＆義勇おむ２,1142.61,1371,369.0,421623.0
2025-10-21,13,はみでたチキンカツバーガ,1142.61,1371,369.0,421623.0
2025-10-21,13,国チキンとゴーダとたまご,1142.61,1371,443.0,506176.0
2025-10-21,13,海苔監修　手巻たまごかけ,1142.61,1371,185.0,211383.0
2025-10-21,13,手巻ベーコン＆コーンマヨ,1142.61,1371,184.0,210240.0
2025-10-21,13,◎桃大福,1142.61,1371,147.0,167964.0
2025-10-21,13,まるで鶏皮のようなＰＣ,1142.61,1371,176.0,201099.0
2025-10-21,13,Ｌｉｐｔｏｎチャームグミ,1142.61,1371,350.0,399913.0
2025-10-21,13,◎サーターアンダギー６個,1142.61,1371,165.0,188531.0
2025-10-21,13,週　刊　現　代,1142.61,1371,546.0,623865.0
2025-10-21,13,７０Ｌ半透明ゴミ袋,1142.61,1371,,
2025-10-21,13,スウェディッシュキャンデ,1142.61,1371,498.0,569020.0
2025-10-21,13,一粒梅おむすび,1142.61,1371,241.0,275369.0
2025-10-21,13,大粒ラムネ強炭酸シュワコ,1142.61,1371,133.0,151967.0
2025-10-21,13,きりっと果実　ピンクＧＦ,1142.61,1371,159.0,181675.0
2025-10-21,13,サラダラップチキンサルサ,1142.61,1371,348.0,397628.0
2025-10-21,13,新旧両用）ペーパフィルタ,1142.61,1371,,
2025-10-21,13,くりーむパン　カスタード,1142.61,1371,260.0,297079.0
2025-10-21,13,◎桃パウンドケーキ,1142.61,1371,165.0,188531.0
2025-10-21,13,めっちゃふくらむフーセン,1142.61,1371,158.0,180532.0
2025-10-21,13,しゃりｉｎグミソーダ味,1142.61,1371,168.0,191958.0
2025-10-21,13,すだち明太クリームうどん,1142.61,1371,462.0,527886.0
2025-10-21,13,岩下の新生姜いなり寿司,1142.61,1371,185.0,211383.0
2025-10-21,13,◎のむヨーグルトメロン,1142.61,1371,195.0,222809.0
2025-10-21,13,レモンチーズケーキ,1142.61,1371,156.0,178247.0
2025-10-21,13,バター醤油パスタ,1142.61,1371,426.0,486752.0
2025-10-21,13,りんごの目覚め,1142.61,1371,276.0,315360.0
2025-10-21,13,ミンティア宮崎日向夏,1142.61,1371,105.0,119974.0
2025-10-21,13,生ラムネ玉,1142.61,1371,152.0,173677.0
2025-10-21,13,タリーズ　無糖ラテ,1142.61,1371,170.0,194244.0
2025-10-21,13,名札バッジ　２個入,1142.61,1371,,
2025-10-21,13,フエラムネサイダー第２弾,1142.61,1371,138.0,157680.0
2025-10-21,13,たべっ子水族館ソルティ,1142.61,1371,170.0,194244.0
2025-10-21,13,マーブルパウチ,1142.61,1371,215.0,245661.0
2025-10-21,13,ドリトス激辛ナチョチーズ,1142.61,1371,180.0,205670.0
2025-10-21,13,ピンクグレープフルーツア,1142.61,1371,186.0,212525.0
2025-10-21,13,野菜生活ベリーサラダ,1142.61,1371,113.0,129115.0
2025-10-21,13,フルーツこれ１本ビタミン,1142.61,1371,150.0,171391.0
2025-10-21,13,Ｙｏｕｎｇ　ｃｈａｍｐｉ,1142.61,1371,410.0,468470.0
2025-10-21,13,ゆず塩ラーメンサラダ,1142.61,1371,389.0,444475.0
2025-10-21,13,◎お好み焼＆塩焼そば,1142.61,1371,,
2025-10-21,13,牛スープの旨み盛岡風冷麺,1142.61,1371,536.0,612439.0
2025-10-21,13,冷し鶏天タルタルうどん,1142.61,1371,599.0,684423.0
2025-10-21,13,オレンジ,1142.61,1371,315.0,359922.0
2025-10-21,13,グレープフルーツ,1142.61,1371,276.0,315360.0
2025-10-21,13,ラインＳＣ白１９－２２,1142.61,1371,390.0,445618.0
2025-10-21,13,備蓄米　２ｋｇ,1142.61,1371,700.0,799827.0
2025-10-21,13,◎オクラわかめとろり豆腐,1142.61,1371,258.0,294793.0
2025-10-21,13,コロネクッキー,1142.61,1371,71.0,81125.0
2025-10-21,13,フルーツサラダヨーグルト,1142.61,1371,230.0,262800.0
2025-10-21,13,野菜生活１００オリジナル,1142.61,1371,113.0,129115.0
2025-10-21,13,クラッシュ蒟蒻畑りんご味,1142.61,1371,183.0,209098.0
2025-10-21,13,ビスコ,1142.61,1371,156.0,178247.0
2025-10-21,13,サラダチキンロール,1142.61,1371,399.0,455901.0
2025-10-21,13,グローＨプロサクラＥＤ,1142.61,1371,3619.0,4135106.0
2025-10-21,13,ザ・クレープチョコバナナ,1142.61,1371,249.0,284510.0
2025-10-21,13,こだわりカレー,1142.61,1371,367.0,419338.0
2025-10-21,13,コーヒーゼリーパフェ,1142.61,1371,313.0,357637.0
2025-10-21,13,チョコラＳＰ　グレフル＆,1142.61,1371,149.0,170249.0
2025-10-21,13,キレート　ＭＵＫＵＭＩ,1142.61,1371,158.0,180532.0
2025-10-21,13,ワンピカードＢＥＳＴ２,1142.61,1371,500.0,571305.0
2025-10-21,13,アスティーグ黒　Ｌ,1142.61,1371,600.0,685566.0
2025-10-21,13,慶弔サインペン（筆文字）,1142.61,1371,250.0,285652.0
2025-10-21,13,モンスターエナジー,1142.61,1371,213.0,243376.0
2025-10-21,13,ヒヤロン,1142.61,1371,180.0,205670.0
2025-10-21,13,ラインＳ２５夏の色白小,1142.61,1371,390.0,445618.0
2025-10-21,13,冷し鶏ねぎそば,1142.61,1371,599.0,684423.0
2025-10-21,13,０．０１ゼロワン,1142.61,1371,900.0,1028349.0
2025-10-21,13,イープラス　発券,1142.61,1371,165.0,188531.0
2025-10-21,13,ダブルフロマージュ　２個,1142.61,1371,426.0,486752.0
2025-10-21,13,ＵＳＢ－Ｃ１．２ｍ,1142.61,1371,1255.0,1433976.0
2025-10-21,13,サンドおむすび　豚焼肉,1142.61,1371,323.0,369063.0
2025-10-21,13,ハイチュウＰメロン,1142.61,1371,152.0,173677.0
2025-10-21,13,マッチビタミンみかん,1142.61,1371,150.0,171391.0
2025-10-21,13,◎ハムチーズエッグマフィ,1142.61,1371,156.0,178247.0
2025-10-21,13,直巻　炙り焼　牛タン,1142.61,1371,199.0,227379.0
2025-10-21,13,具だくさん炙り焼鶏つくね,1142.61,1371,213.0,243376.0
2025-10-21,13,コミック乱,1142.61,1371,546.0,623865.0
2025-10-21,13,カニカママカロニサラダ,1142.61,1371,239.0,273084.0
2025-10-21,13,じゅるるマンゴー,1142.61,1371,221.0,252517.0
2025-10-21,13,コク旨たまごサンド,1142.61,1371,276.0,315360.0
2025-10-21,13,むっち実グミオレンジ味,1142.61,1371,198.0,226237.0
2025-10-21,13,たまご海老ブロコリサンド,1142.61,1371,348.0,397628.0
2025-10-21,13,カンデミーナ電撃マスカッ,1142.61,1371,200.0,228522.0
2025-10-21,13,◎ホットサンド（ハム＆チ,1142.61,1371,158.0,180532.0
2025-10-21,13,ウィルキンソンＥＸグレプ,1142.61,1371,117.0,133685.0
2025-10-21,13,生茶ほうじ煎茶,1142.61,1371,158.0,180532.0
2025-10-21,13,サーモン寿司,1142.61,1371,237.0,270799.0
2025-10-21,13,フレンチクルーラーミルク,1142.61,1371,193.0,220524.0
2025-10-21,13,ちいかわステッカーグミ,1142.61,1371,180.0,205670.0
2025-10-21,13,激モロコシフライドアラレ,1142.61,1371,158.0,180532.0
2025-10-21,13,んぽちゃむグミ,1142.61,1371,180.0,205670.0
2025-10-21,13,じゃがりこ肉じゃがｂｉｔ,1142.61,1371,129.0,147397.0
2025-10-21,13,１９６レモン３５０,1142.61,1371,161.0,183960.0
2025-10-21,13,ねるねるねるねドリンク,1142.61,1371,276.0,315360.0
2025-10-21,13,ポケカ拡張ナイトワンダ,1142.61,1371,164.0,187388.0
2025-10-21,13,ホームパイチビムーホ,1142.61,1371,140.0,159965.0
2025-10-21,13,野菜生活Ｓベリー＆ざくろ,1142.61,1371,178.0,203385.0
2025-10-21,13,テリヤキチキンとたまご,1142.61,1371,332.0,379347.0
2025-10-21,13,スーパー大麦安曇野わさび,1142.61,1371,181.0,206812.0
2025-10-21,13,◎つぶつぶいちご蒸しＣ,1142.61,1371,135.0,154252.0
2025-10-21,13,鶏そぼろ野沢菜醤油パスタ,1142.61,1371,369.0,421623.0
2025-10-21,13,ヨーグレットグミブルーベ,1142.61,1371,140.0,159965.0
2025-10-21,13,冷し明太クリームうどん,1142.61,1371,445.0,508461.0
2025-10-21,13,◎ツイストサンド（カスタ,1142.61,1371,128.0,146254.0
2025-10-21,13,野菜食べよう冷しタンメン,1142.61,1371,554.0,633006.0
2025-10-21,13,ポケぷにソーダ,1142.61,1371,218.0,249089.0
2025-10-21,13,チョコチャンクスコーン,1142.61,1371,119.0,135971.0
2025-10-21,13,窯出しとろけるプリン,1142.61,1371,195.0,222809.0
2025-10-21,13,香ばし炒めの玉子炒飯,1142.61,1371,341.0,389630.0
2025-10-21,13,ＢＳおつまみ焼そば味スパ,1142.61,1371,136.0,155395.0
2025-10-21,13,ナイキ　ラバーグローブＬ,1142.61,1371,498.0,569020.0
2025-10-21,13,冷し担担麺,1142.61,1371,462.0,527886.0
2025-10-21,13,はちみつとりんごのケーキ,1142.61,1371,276.0,315360.0
2025-10-21,13,センテＦグリーン１０Ｐ,1142.61,1371,4819.0,5506238.0
2025-10-21,13,３種チーズのミートソース,1142.61,1371,599.0,684423.0
2025-10-21,13,ピュレフルーツりんご,1142.61,1371,268.0,306219.0
2025-10-21,13,巨峰大福（白こしあん）,1142.61,1371,188.0,214811.0
2025-10-21,13,すッパイチュウレモン味,1142.61,1371,127.0,145111.0
2025-10-21,13,てんこ盛弁当,1142.61,1371,598.0,683281.0
2025-10-21,13,ナイキ　ラバーグローブＭ,1142.61,1371,498.0,569020.0
2025-10-21,13,厚切りポテトペッパー,1142.61,1371,142.0,162251.0
2025-10-21,13,ハイチュウ人気ミックス,1142.61,1371,127.0,145111.0
2025-10-21,13,コロコロハイチュウ,1142.61,1371,127.0,145111.0
2025-10-21,13,黒わらび餅,1142.61,1371,178.0,203385.0
2025-10-21,13,メガシャキ,1142.61,1371,239.0,273084.0
2025-10-21,13,ポケカ拡張メガシンフォ,1142.61,1371,164.0,187388.0
2025-10-21,13,ポケカ拡張メガブレイブ,1142.61,1371,164.0,187388.0
2025-10-21,13,イープラス　入金,1142.61,1371,16455.0,18801648.0
2025-10-21,13,夏のミルクシュー,1142.61,1371,138.0,157680.0
2025-10-21,13,ふわしゅわスフレレモン,1142.61,1371,249.0,284510.0
2025-10-21,13,ラッキーＳベリーＳ,1142.61,1371,391.0,446761.0
2025-10-21,13,グローＨプロオニキスＰ,1142.61,1371,3619.0,4135106.0
2025-10-21,13,エボＴバナナＣＰＬＭ,1142.61,1371,500.0,571305.0
2025-10-21,13,エボＴベリーＣＰＬＭ,1142.61,1371,500.0,571305.0
2025-10-21,13,マウススプレークールＭ,1142.61,1371,251.0,286795.0
2025-10-21,13,おーいお茶緑茶　６００,1142.61,1371,158.0,180532.0
2025-10-21,13,◎のむヨーグルトパイン,1142.61,1371,158.0,180532.0
2025-10-21,13,ルーローハン風パスタサラ,1142.61,1371,417.0,476468.0
2025-10-21,13,１９６白桃３５０,1142.61,1371,161.0,183960.0
2025-10-21,13,履歴書用紙,1142.61,1371,309.0,353066.0
2025-10-21,13,メガライフガード　７００,1142.61,1371,150.0,171391.0
2025-10-21,13,１９６マスカット３５０,1142.61,1371,161.0,183960.0
2025-10-21,13,ケントＮＳダークＦ,1142.61,1371,500.0,571305.0
2025-10-21,13,ワンピデッキ　ティーチ,1142.61,1371,500.0,571305.0
2025-10-21,13,ソフト携帯吸殻入れ,1142.61,1371,273.0,311933.0
2025-10-21,13,リチウム５０００ｍＡｈ,1142.61,1371,2982.0,3407263.0
2025-10-21,13,ユニアリ　ワンパンマン,1142.61,1371,350.0,399913.0
2025-10-21,13,多当祝　御祝,1142.61,1371,87.0,99407.0
2025-10-21,13,碧Ａｏ海薫るＨＢ３５０,1142.61,1371,350.0,399913.0
2025-10-21,13,ポケピファンピカチュウ,1142.61,1371,3164.0,3615218.0
2025-10-21,13,タフグミビッグバンピーチ,1142.61,1371,238.0,271941.0
2025-10-21,13,もちっとガブリマスカット,1142.61,1371,143.0,163393.0
2025-10-21,13,ＭＶＰＧレギュウィズ６Ｐ,1142.61,1371,3273.0,3739763.0
2025-10-21,13,テリアＯパール１０Ｐ,1142.61,1371,5273.0,6024983.0
2025-10-21,13,ふんわりたまごのオムライ,1142.61,1371,276.0,315360.0
2025-10-21,13,韓国風海苔佃煮おむすび,1142.61,1371,147.0,167964.0
2025-10-21,13,ラークスーパー５,1142.61,1371,491.0,561022.0
2025-10-21,13,青しそ高菜おむすび,1142.61,1371,139.0,158823.0
2025-10-21,13,ツメキリ　Ｓ,1142.61,1371,480.0,548453.0
2025-10-21,13,ビタミン野菜,1142.61,1371,113.0,129115.0
2025-10-21,13,ポケぷにフルーツ,1142.61,1371,218.0,249089.0
2025-10-21,13,◎ジューシーソーセージパ,1142.61,1371,135.0,154252.0
2025-10-21,13,炙り豚焼肉マヨネーズ,1142.61,1371,276.0,315360.0
2025-10-21,13,おーいお茶濃い茶６００,1142.61,1371,158.0,180532.0
2025-10-21,13,細ーいじゃがビーサワクリ,1142.61,1371,164.0,187388.0
2025-10-21,13,テリアＢルビーＭ１０Ｐ,1142.61,1371,5273.0,6024983.0
2025-10-21,13,Ｃ１０００コラーゲン＆,1142.61,1371,147.0,167964.0
2025-10-21,13,カニカマの寿司,1142.61,1371,174.0,198814.0
2025-10-21,13,いかめしおむすび,1142.61,1371,258.0,294793.0
2025-10-21,13,モッチュ白桃味,1142.61,1371,148.0,169106.0
2025-10-21,13,テリアミント１０Ｐ,1142.61,1371,5273.0,6024983.0
2025-10-21,13,◎増量うす焼せんべい,1142.61,1371,147.0,167964.0
2025-10-21,13,ポテロング,1142.61,1371,162.0,185103.0
2025-10-21,13,カルピス　リンゴ＆洋梨,1142.61,1371,160.0,182818.0
2025-10-21,13,ごろごろゆでたまごサンド,1142.61,1371,369.0,421623.0
2025-10-21,13,◎ふんわりもっちパン（チ,1142.61,1371,128.0,146254.0
2025-10-21,13,ミンティアＢブラック,1142.61,1371,211.0,241091.0
2025-10-21,13,増量チキンパスタサラダ,1142.61,1371,369.0,421623.0
2025-10-21,13,島星シトラスエール３５０,1142.61,1371,306.0,349639.0
2025-10-21,13,アーモンド効果プロテイン,1142.61,1371,198.0,226237.0
2025-10-21,13,小枝チョコクッキーサンド,1142.61,1371,239.0,273084.0
2025-10-21,13,冷たい生パスタツナトマト,1142.61,1371,499.0,570162.0
2025-10-21,13,◎レアチーズデニッシュ,1142.61,1371,147.0,167964.0
2025-10-21,13,にゃんともチーズ塩バニラ,1142.61,1371,230.0,262800.0
2025-10-21,13,ザクザクやみつきクランキ,1142.61,1371,198.0,226237.0
2025-10-21,13,増量ロースかつカレー,1142.61,1371,555.0,634149.0
2025-10-21,13,＊Ｆハイキューまんじゅう,1142.61,1371,172.0,196529.0
2025-10-21,13,ペタグーソーダ,1142.61,1371,150.0,171391.0
2025-10-21,13,超急速２ｉｎ１Ｃ＆Ｌ１ｍ,1142.61,1371,2346.0,2680563.0
2025-10-21,13,トマトジュースプレミアム,1142.61,1371,148.0,169106.0
2025-10-21,13,玉子焼＆ハムサンド,1142.61,1371,323.0,369063.0
2025-10-21,13,２種チーズとハムサンド,1142.61,1371,323.0,369063.0
2025-10-21,13,かぶり寿司　甘辛そぼろマ,1142.61,1371,283.0,323359.0
2025-10-21,13,◎増量チョコビスケット,1142.61,1371,139.0,158823.0
2025-10-21,13,マーブル,1142.61,1371,184.0,210240.0
2025-10-21,13,ラーク・１００・ＢＯＸ,1142.61,1371,491.0,561022.0
2025-10-21,13,１９６無糖冷凍みかん３５,1142.61,1371,161.0,183960.0
2025-10-21,13,メビウスワン１００Ｂ１０,1142.61,1371,5273.0,6024983.0
2025-10-21,13,◎ミニメンチカツバーガ３,1142.61,1371,195.0,222809.0
2025-10-21,13,野菜マシマシ冷し中華,1142.61,1371,647.0,739269.0
2025-10-21,13,ミンティアＢＣマイルド,1142.61,1371,210.0,239948.0
2025-10-21,13,塩おむすび,1142.61,1371,129.0,147397.0
2025-10-21,13,ミンティアＢＦピーチ,1142.61,1371,211.0,241091.0
2025-10-21,13,ミンティアＢＦレモン,1142.61,1371,211.0,241091.0
2025-10-21,13,カロリーメイトチョコ,1142.61,1371,220.0,251374.0
2025-10-21,13,カロリーメイト　バニラ,1142.61,1371,220.0,251374.0
2025-10-21,13,ゼロプロテインチョコ,1142.61,1371,198.0,226237.0
2025-10-21,13,カントリーＭマロンケーキ,1142.61,1371,180.0,205670.0
2025-10-21,13,カンロザストロングソーダ,1142.61,1371,200.0,228522.0
2025-10-21,13,◎増量大盛たこ焼き,1142.61,1371,554.0,633006.0
2025-10-21,13,フリクション３スリムＢＫ,1142.61,1371,541.0,618152.0
2025-10-21,13,パイの実,1142.61,1371,237.0,270799.0
2025-10-21,13,ゼログラノーラチョコ,1142.61,1371,198.0,226237.0
2025-10-21,13,ペタグーグレープ,1142.61,1371,150.0,171391.0
2025-10-21,13,ＩＱＯＳｉＯＤバイオレ,1142.61,1371,3619.0,4135106.0
2025-10-21,13,テリアＢトロピカルＭ,1142.61,1371,528.0,603298.0
2025-10-21,13,カレーせんオリジナルスパ,1142.61,1371,138.0,157680.0
2025-10-21,13,花椒香る　麻婆焼そばＤ２,1142.61,1371,554.0,633006.0
2025-10-21,13,ジャパンタイムズ,1142.61,1371,273.0,311933.0
2025-10-21,13,たまごっち　めじるし２,1142.61,1371,300.0,342783.0
2025-10-21,13,ワンピカード　師弟の絆,1142.61,1371,200.0,228522.0
2025-10-21,13,アポロチョコレート,1142.61,1371,184.0,210240.0
2025-10-21,13,テリアＢフューシャＭ,1142.61,1371,528.0,603298.0
2025-10-21,13,勝馬,1142.61,1371,500.0,571305.0
2025-10-21,13,おむすび２個（鮭・昆布）,1142.61,1371,313.0,357637.0
2025-10-21,13,クッキークリームクレープ,1142.61,1371,332.0,379347.0
2025-10-21,13,きのこの山のジクカール,1142.61,1371,263.0,300506.0
2025-10-21,13,アーモンド・ブリーズ微糖,1142.61,1371,128.0,146254.0
2025-10-21,13,チーズあじカカールアーモ,1142.61,1371,230.0,262800.0
2025-10-21,13,◎増量かーるいチーズスナ,1142.61,1371,128.0,146254.0
2025-10-21,13,三ツ矢サイダー５００,1142.61,1371,160.0,182818.0
2025-10-21,13,栄養強化型　１日分の野菜,1142.61,1371,131.0,149682.0
2025-10-21,13,ぶどうきゃん,1142.61,1371,128.0,146254.0
2025-10-21,13,大きなロール焼そばたまご,1142.61,1371,369.0,421623.0
2025-10-21,13,シーザーパスタサラダ,1142.61,1371,389.0,444475.0
2025-10-21,13,納豆細巻寿司（５巻増量）,1142.61,1371,389.0,444475.0
2025-10-21,13,わさび海苔　野沢菜わさび,1142.61,1371,175.0,199957.0
2025-10-21,13,さばほぐしごはん,1142.61,1371,332.0,379347.0
2025-10-21,13,ねるねるねるねゼリー,1142.61,1371,276.0,315360.0
2025-10-21,13,たまごボーロっち２,1142.61,1371,350.0,399913.0
2025-10-21,13,グミだよ。ピーチフラッペ,1142.61,1371,166.0,189673.0
2025-10-21,13,◎３種フルーツとナッツ,1142.61,1371,165.0,188531.0
2025-10-21,13,◎でっかいカレーたまごパ,1142.61,1371,139.0,158823.0
2025-10-21,13,◎チョコバナナロール,1142.61,1371,156.0,178247.0
2025-10-21,13,シゲキックスグレープ,1142.61,1371,120.0,137113.0
2025-10-21,13,天使のグミ甘熟マンゴー味,1142.61,1371,170.0,194244.0
2025-10-21,13,かむかむレモン,1142.61,1371,150.0,171391.0
2025-10-21,13,梨スムージー,1142.61,1371,193.0,220524.0
2025-10-21,13,のむアサイーボウル,1142.61,1371,188.0,214811.0
2025-10-21,13,ミルキーバニラアイス味,1142.61,1371,170.0,194244.0
2025-10-21,13,ウェルチ　マスカットＳＰ,1142.61,1371,160.0,182818.0
2025-10-21,13,ゆず鶏だしミニ塩ラーメン,1142.61,1371,399.0,455901.0
2025-10-21,13,コク旨醤油だれの油そば,1142.61,1371,499.0,570162.0
2025-10-21,13,くりーむメロンパン,1142.61,1371,276.0,315360.0
2025-10-21,13,ネバネバと大根のサラダ,1142.61,1371,297.0,339355.0
2025-10-21,13,麻辣湯,1142.61,1371,248.0,283367.0
2025-10-21,13,ポケピファンワッカネズミ,1142.61,1371,3164.0,3615218.0
2025-10-21,13,シフォンマンゴー＆ピーチ,1142.61,1371,250.0,285652.0
2025-10-21,13,ふわもち生大福　きなこ,1142.61,1371,138.0,157680.0
2025-10-21,13,生クリームパイコロネ,1142.61,1371,204.0,233092.0
2025-10-21,13,コカ・コーラゼロ５００,1142.61,1371,170.0,194244.0
2025-10-21,13,ケント１・１００Ｂ１０Ｐ,1142.61,1371,4728.0,5402260.0
2025-10-21,13,生茶６００,1142.61,1371,158.0,180532.0
2025-10-21,13,アリィージェルＵＶミニ,1142.61,1371,1346.0,1537953.0
2025-10-21,13,ｉｎゼリーＥＮ　ブドウ糖,1142.61,1371,210.0,239948.0
2025-10-21,13,その他１０口座売上,1142.61,1371,228.0,260515.0
2025-10-21,13,優馬,1142.61,1371,591.0,675283.0
2025-10-21,13,◎増量しみチョココーン,1142.61,1371,147.0,167964.0
2025-10-21,13,◎クルーラーリングドー８,1142.61,1371,184.0,210240.0
2025-10-21,13,◎クラウンメロンパン,1142.61,1371,139.0,158823.0
2025-10-21,13,◎つぶあんぱん北海道小豆,1142.61,1371,121.0,138256.0
2025-10-21,13,大きなチーズカレーパン（,1142.61,1371,184.0,210240.0
2025-10-21,13,梅づくしおむすび,1142.61,1371,172.0,196529.0
2025-10-21,13,もち麦　枝豆ゆかり,1142.61,1371,163.0,186245.0
2025-10-21,13,青磯海苔　漬けサーモン,1142.61,1371,199.0,227379.0
2025-10-21,13,三ツ矢　特濃アップル,1142.61,1371,160.0,182818.0
2025-10-21,13,ＧＰｌａｙ１０００,1142.61,1371,1000.0,1142610.0
2025-10-21,13,堅あげ極味玉ねぎ黒胡椒,1142.61,1371,196.0,223952.0
2025-10-21,13,秋味３５０,1142.61,1371,216.0,246804.0
2025-10-21,13,黒チャーハンおむすび,1142.61,1371,175.0,199957.0
2025-10-21,13,トルティーヤケバブチキン,1142.61,1371,369.0,421623.0
2025-10-21,13,ピュアポテト濃いのり塩,1142.61,1371,155.0,177105.0
2025-10-21,13,マシマシ焼もろこしせん,1142.61,1371,148.0,169106.0
2025-10-21,13,増量　天使のチーズケーキ,1142.61,1371,230.0,262800.0
2025-10-21,13,ＩＱＯＳｉＯＳモデル,1142.61,1371,3619.0,4135106.0
2025-10-21,13,ｉｎゼリートリプルＥ,1142.61,1371,210.0,239948.0
2025-10-21,13,ＳＰＡＭむすび　玉子焼き,1142.61,1371,320.0,365635.0
2025-10-21,13,蒸し鶏ラー油ネギ冷うどん,1142.61,1371,499.0,570162.0
2025-10-21,13,大きな具材ミックスサント,1142.61,1371,399.0,455901.0
2025-10-21,13,手巻寿司　梅ゆかり納豆,1142.61,1371,189.0,215953.0
2025-10-21,13,大きいバウムクーヘン,1142.61,1371,221.0,252517.0
2025-10-21,13,パリジャン　ハム＆チーズ,1142.61,1371,350.0,399913.0
2025-10-21,13,大きいフィナンシェ,1142.61,1371,221.0,252517.0
2025-10-21,13,◎メロンクリームパン４,1142.61,1371,156.0,178247.0
2025-10-21,13,サンド寿司　まぐろたたき,1142.61,1371,332.0,379347.0
2025-10-21,13,白いたべっ子おさつバター,1142.61,1371,180.0,205670.0
2025-10-21,13,大きなたまごづくしサンド,1142.61,1371,369.0,421623.0
2025-10-21,13,ウィルキンソンマスカット,1142.61,1371,138.0,157680.0
2025-10-21,13,◎北海道メロンのコロネ,1142.61,1371,135.0,154252.0
2025-10-21,13,ミニプラグ用イヤホン,1142.61,1371,1528.0,1745908.0
2025-10-21,13,マスカットのど飴小袋,1142.61,1371,138.0,157680.0
2025-10-21,13,じゃがりこＬヤンニョム,1142.61,1371,218.0,249089.0
2025-10-21,13,カレーコロッケバ－ガ－（,1142.61,1371,167.0,190816.0
2025-10-21,13,檸檬堂白ぶどうレモン３５,1142.61,1371,160.0,182818.0
2025-10-21,13,増量麻婆豆腐ごはん,1142.61,1371,462.0,527886.0
2025-10-21,13,ファミマ・ザ・ナポリタン,1142.61,1371,406.0,463900.0
2025-10-21,13,フルーチェグミイチゴ,1142.61,1371,184.0,210240.0
2025-10-21,13,ガルボチョコパウチ,1142.61,1371,270.0,308505.0
2025-10-21,13,冷たいパスタチキンバジル,1142.61,1371,499.0,570162.0
2025-10-21,13,ポケピファンポッチャマ,1142.61,1371,3164.0,3615218.0
2025-10-21,13,チキングリル弁当,1142.61,1371,555.0,634149.0
2025-10-21,13,辛口回鍋肉焼そば,1142.61,1371,536.0,612439.0
2025-10-21,13,パステルのプリンマドレー,1142.61,1371,220.0,251374.0
2025-10-21,13,ピュアポテト塩と岩塩,1142.61,1371,155.0,177105.0
2025-10-21,13,いちごミルク,1142.61,1371,269.0,307362.0
2025-10-21,13,甘辛醤油たれ唐揚弁当,1142.61,1371,555.0,634149.0
2025-10-21,13,ワンピカード意志,1142.61,1371,200.0,228522.0
2025-10-21,13,ビオレトラベルセット,1142.61,1371,620.0,708418.0
2025-10-21,13,ノンオイル青じそドレッシ,1142.61,1371,28.0,31993.0
2025-10-21,13,◎プリンみたいなパンケー,1142.61,1371,138.0,157680.0
2025-10-21,13,１９６王林３５０,1142.61,1371,161.0,183960.0
2025-10-21,13,オイコス　プレーン加糖,1142.61,1371,179.0,204527.0
2025-10-21,13,ＩＱＯＳｉＤバイオレット,1142.61,1371,6346.0,7251003.0
2025-10-21,13,柿安監修　牛すきおむすび,1142.61,1371,258.0,294793.0
2025-10-21,13,ＧＩＮＯＮレモン３５０,1142.61,1371,167.0,190816.0
2025-10-21,13,◎ラベルレス天然水安曇箱,1142.61,1371,489.0,558736.0
2025-10-21,13,一番搾り糖質ゼロ３５０,1142.61,1371,216.0,246804.0
2025-10-21,13,オニポテスナック,1142.61,1371,248.0,283367.0
2025-10-21,13,しゃりｉｎグミみかん,1142.61,1371,168.0,191958.0
2025-10-21,13,ググッタＳマスカット味,1142.61,1371,199.0,227379.0
2025-10-21,13,とろみーグミぶどう味,1142.61,1371,184.0,210240.0
2025-10-21,13,果汁グミシチリアレモン,1142.61,1371,152.0,173677.0
2025-10-21,13,◎ベーコン＆チーズデニッ,1142.61,1371,158.0,180532.0
2025-10-21,13,桃マカロン,1142.61,1371,249.0,284510.0
2025-10-21,13,梅蒸し鶏あったかそうめん,1142.61,1371,399.0,455901.0
2025-10-21,13,千里眼　ニンニクまぜそば,1142.61,1371,647.0,739269.0
2025-10-21,13,ナッツフルーツカッサータ,1142.61,1371,258.0,294793.0
2025-10-21,13,ＳＤブラックピンク３５０,1142.61,1371,216.0,246804.0
2025-10-21,13,大きな　鮭マヨと生たらこ,1142.61,1371,276.0,315360.0
2025-10-21,13,クリーミーほうじ茶ラテ,1142.61,1371,181.0,206812.0
2025-10-21,13,ハムカツサンド,1142.61,1371,297.0,339355.0
2025-10-21,13,◎たまご蒸しパン４個入,1142.61,1371,172.0,196529.0
2025-10-21,13,しゃりぷにょ梅グミ,1142.61,1371,170.0,194244.0
2025-10-21,13,もちゅグミ温州みかん味,1142.61,1371,184.0,210240.0
2025-10-21,13,むちもっちバナナグミ,1142.61,1371,180.0,205670.0
2025-10-21,13,プリン！？シュー,1142.61,1371,138.0,157680.0
2025-10-21,13,◎ジュワっとしたチーズ塩,1142.61,1371,139.0,158823.0
2025-10-21,13,たっぷりハムサンド,1142.61,1371,323.0,369063.0
2025-10-21,13,野菜生活マスカット,1142.61,1371,118.0,134828.0
2025-10-21,13,◎たっぷりマロンクリーム,1142.61,1371,147.0,167964.0
2025-10-21,13,◎生スコーン６個入（スイ,1142.61,1371,172.0,196529.0
2025-10-21,13,モンブランのサンダー,1142.61,1371,50.0,57130.0
2025-10-21,13,にじピグチップスうすしお,1142.61,1371,230.0,262800.0
2025-10-21,13,◎バウムクーヘン（４）,1142.61,1371,239.0,273084.0
2025-10-21,13,ブルーベリーサンド,1142.61,1371,195.0,222809.0
2025-10-21,13,ハガキフリー,1142.61,1371,200.0,228522.0
2025-10-21,13,ＢＩＯ　ブルーベリーミッ,1142.61,1371,168.0,191958.0
2025-10-21,13,半熟玉子冷ぶっかけうどん,1142.61,1371,399.0,455901.0
2025-10-21,13,ヴイックスのど飴シトラス,1142.61,1371,238.0,271941.0
2025-10-21,13,多当　　御見舞,1142.61,1371,87.0,99407.0
2025-10-21,13,しゃり蔵ザクザクッラー油,1142.61,1371,120.0,137113.0
2025-10-21,13,赤肉メロンミルク,1142.61,1371,267.0,305077.0
2025-10-21,13,完熟トマトベーコンパスタ,1142.61,1371,536.0,612439.0
2025-10-21,13,ＰＧスイートチリＳ缶,1142.61,1371,168.0,191958.0
2025-10-21,13,唐揚巻（マヨネーズ付）,1142.61,1371,462.0,527886.0
2025-10-21,13,クリーム＆コーヒーゼリー,1142.61,1371,135.0,154252.0
2025-10-21,13,ＵＳＢ－Ｃ電池式６本,1142.61,1371,1800.0,2056698.0
2025-10-21,13,甜面醤の旨ジャージャー麺,1142.61,1371,499.0,570162.0
2025-10-21,13,パリジャンサンドチキンべ,1142.61,1371,350.0,399913.0
2025-10-21,13,ケントＮＳスムースＦ,1142.61,1371,500.0,571305.0
2025-10-21,13,スパイシーチキン野菜サラ,1142.61,1371,554.0,633006.0
2025-10-21,13,充電器５０００ｍＡｈ,1142.61,1371,2982.0,3407263.0
2025-10-21,13,キャラパキ発掘恐竜,1142.61,1371,110.0,125687.0
2025-10-21,13,食べマスおぱんちゅうさぎ,1142.61,1371,350.0,399913.0
2025-10-21,13,海老マヨネーズおむすび,1142.61,1371,239.0,273084.0
2025-10-21,13,さけるグミハロウィン,1142.61,1371,120.0,137113.0
2025-10-21,13,◎シャルドネ香るティー,1142.61,1371,110.0,125687.0
2025-10-21,13,スニッカーズハーフＳアー,1142.61,1371,158.0,180532.0
2025-10-21,13,大きな　肉そぼろ卵黄ソー,1142.61,1371,297.0,339355.0
2025-10-21,13,ヱビス和奏３５０,1142.61,1371,272.0,310790.0
2025-10-21,13,タフグミＰＲＯローヤル,1142.61,1371,359.0,410197.0
2025-10-21,13,ヴァルトメンソールＣＬ,1142.61,1371,528.0,603298.0
2025-10-21,13,グロー・ヒーロ・ルビー,1142.61,1371,3619.0,4135106.0
2025-10-21,13,◎サクサク食感のミニチ５,1142.61,1371,184.0,210240.0
2025-10-21,13,ＧＯＤＩＶＡドリンク,1142.61,1371,397.0,453616.0
2025-10-21,13,伝説のケバブ風味ポテトＣ,1142.61,1371,193.0,220524.0
2025-10-21,13,北海道なまらでっかいシュ,1142.61,1371,315.0,359922.0
2025-10-21,13,クラッシュ蒟蒻畑みかん味,1142.61,1371,183.0,209098.0
2025-10-21,13,ＦＭオリジナル安食ロール,1142.61,1371,369.0,421623.0
2025-10-21,13,レッツハロウィンつぶグミ,1142.61,1371,158.0,180532.0
2025-10-21,13,◎ピリ辛明太フランス（か,1142.61,1371,135.0,154252.0
2025-10-21,13,◎和風ツナパン,1142.61,1371,135.0,154252.0
2025-10-21,13,ハラペーニョチキンチェダ,1142.61,1371,443.0,506176.0
2025-10-21,13,全粒粉サラダチキンとハム,1142.61,1371,369.0,421623.0
2025-10-21,13,◎ピスタチオいちごケーキ,1142.61,1371,230.0,262800.0
2025-10-21,13,焼ベーコン寿司,1142.61,1371,230.0,262800.0
2025-10-21,13,ちいかわ黒猫ミニバッグ,1142.61,1371,1000.0,1142610.0
2025-10-21,13,ごろっと白桃ケーキ,1142.61,1371,297.0,339355.0
2025-10-21,13,さくふわきなこもちぼーる,1142.61,1371,150.0,171391.0
2025-10-21,13,◎白生コッペパン（レアチ,1142.61,1371,153.0,174819.0
2025-10-21,13,秋のフルーツこれ一本,1142.61,1371,118.0,134828.0
2025-10-21,13,◎キャラメルバニラメロン,1142.61,1371,172.0,196529.0
2025-10-21,13,３１マスコットつきグミ２,1142.61,1371,350.0,399913.0
2025-10-21,13,◎ショコラクッキー,1142.61,1371,212.0,242233.0
2025-10-21,13,ピュレグミＰふじりんご,1142.61,1371,180.0,205670.0
2025-10-21,13,たぬきおむすび,1142.61,1371,138.0,157680.0
2025-10-21,13,わた雪みたいなレアチーズ,1142.61,1371,315.0,359922.0
2025-10-21,13,スイートポテトスティック,1142.61,1371,212.0,242233.0
2025-10-21,13,ハリボープリマヴェーラ,1142.61,1371,198.0,226237.0
2025-10-21,13,ザバスミルクキャラメル,1142.61,1371,222.0,253659.0
2025-10-21,13,パーラメントＥＸＬ１００,1142.61,1371,564.0,644432.0
2025-10-21,13,チャーシュー冷しまぜそば,1142.61,1371,599.0,684423.0
2025-10-21,13,氷結無糖ゆずＳＰ３５０,1142.61,1371,168.0,191958.0
2025-10-21,13,スティックモンブラン,1142.61,1371,249.0,284510.0
2025-10-21,13,１９６無糖ピンクＧＦ３５,1142.61,1371,161.0,183960.0
2025-10-21,13,◎アールグレイクロワッサ,1142.61,1371,172.0,196529.0
2025-10-21,13,ラーメン荘　豚ラーメン,1142.61,1371,647.0,739269.0
2025-10-21,13,◎ハムチーズデニッシュ４,1142.61,1371,184.0,210240.0
2025-10-21,13,ヴァルトダークタバコ,1142.61,1371,528.0,603298.0
2025-10-21,13,ヴァルトメロンクリック,1142.61,1371,528.0,603298.0
2025-10-21,13,ドラキュラへんしんグミ,1142.61,1371,350.0,399913.0
2025-10-21,13,わさびいなり寿司,1142.61,1371,178.0,203385.0
2025-10-21,13,ちいかわ花占いグミ,1142.61,1371,230.0,262800.0
2025-10-21,13,ねぎ塩チキン醤油まぶし飯,1142.61,1371,555.0,634149.0
2025-10-21,13,紫いもミルクティー,1142.61,1371,190.0,217096.0
2025-10-21,13,ＢＳラーメン柿の種ミック,1142.61,1371,110.0,125687.0
2025-10-21,13,焼まろん,1142.61,1371,215.0,245661.0
2025-10-21,13,ウィルキンソンＥＸ　ＧＦ,1142.61,1371,117.0,133685.0
2025-10-21,13,ミンティア瀬戸田レモン,1142.61,1371,105.0,119974.0
2025-10-21,13,北海道リッチミルクプリン,1142.61,1371,399.0,455901.0
2025-10-21,13,焼ほし芋,1142.61,1371,195.0,222809.0
2025-10-21,13,冷しすだちおろしうどん,1142.61,1371,510.0,582731.0
2025-10-21,13,テリヤキチキンのサラダ,1142.61,1371,397.0,453616.0
2025-10-21,13,和牛カラムーチョわさび,1142.61,1371,155.0,177105.0
2025-10-21,13,きのことベーコンのドリア,1142.61,1371,526.0,601013.0
2025-10-21,13,ｂｉｔｌｏｔガンダム,1142.61,1371,680.0,776975.0
2025-10-21,13,ポケカメガゲンガーｅｘ,1142.61,1371,1637.0,1870453.0
2025-10-21,13,ポケカメガディアンシー,1142.61,1371,1637.0,1870453.0
2025-10-21,13,◎トマトコンソメスープ,1142.61,1371,350.0,399913.0
2025-10-21,13,◎４種きのこクリームスー,1142.61,1371,426.0,486752.0
2025-10-21,13,Ａｐｐｌｅチャージ,1142.61,1371,10500.0,11997405.0
2025-10-21,13,ＨＷ変顔キャンディ,1142.61,1371,400.0,457044.0
2025-10-21,13,週末版ジャパンタイムズ,1142.61,1371,364.0,415910.0
2025-10-21,13,魚ギョッと釣りグミ,1142.61,1371,70.0,79983.0
2025-10-21,13,じゃりむちグミピーチＳ,1142.61,1371,175.0,199957.0
2025-10-21,13,スターバックス　ブラック,1142.61,1371,168.0,191958.0
2025-10-21,13,フリスクＦＦみかん,1142.61,1371,278.0,317646.0
2025-10-21,13,アップルパンチ３５０,1142.61,1371,161.0,183960.0
2025-10-21,13,山ちゃん監修　海老天むす,1142.61,1371,276.0,315360.0
2025-10-21,13,スヌーピークッキーサンド,1142.61,1371,369.0,421623.0
2025-10-21,13,◎塩バターケーキタルト,1142.61,1371,147.0,167964.0
2025-10-21,13,ＳＰＡＭ　玉子焼き明太子,1142.61,1371,369.0,421623.0
2025-10-21,13,ヴァルトＩメンソールＣＬ,1142.61,1371,528.0,603298.0
2025-10-21,13,スターバックスカフェラテ,1142.61,1371,178.0,203385.0
2025-10-21,13,グローＨＧブラック,1142.61,1371,1346.0,1537953.0
2025-10-21,13,ガイコツグミグレープ味,1142.61,1371,230.0,262800.0
2025-10-21,13,モンストロマーブルガム,1142.61,1371,100.0,114261.0
2025-10-21,13,ぷっちょ袋ＨＷアソート,1142.61,1371,210.0,239948.0
2025-10-21,13,宇都宮線・高崎線チップス,1142.61,1371,156.0,178247.0
2025-10-21,13,つくねおむすび,1142.61,1371,276.0,315360.0
2025-10-21,13,ヴァルトＩベリークリック,1142.61,1371,528.0,603298.0
2025-10-21,13,おーいお茶濃茶ストロング,1142.61,1371,158.0,180532.0
2025-10-21,13,ちぎれるブリオッシュパン,1142.61,1371,147.0,167964.0
2025-10-21,13,鮭金ごまおむすび,1142.61,1371,139.0,158823.0
2025-10-21,13,ピュレグミラ・フランス,1142.61,1371,150.0,171391.0
2025-10-21,13,チュッパサワーバイトグミ,1142.61,1371,158.0,180532.0
2025-10-21,13,味付海苔　ベーコンマヨ,1142.61,1371,184.0,210240.0
2025-10-21,13,バナナカスタードブリュレ,1142.61,1371,350.0,399913.0
2025-10-21,13,◎生コッペパン（オムナポ,1142.61,1371,184.0,210240.0
2025-10-21,13,◎伊右衛門　濃い緑茶,1142.61,1371,121.0,138256.0
2025-10-21,13,チョコクリームたい焼き,1142.61,1371,176.0,201099.0
2025-10-21,13,専スヌーピーチョコドーナ,1142.61,1371,156.0,178247.0
2025-10-21,13,ヴァルトベリークリック,1142.61,1371,528.0,603298.0
2025-10-21,13,鶏天うどん,1142.61,1371,599.0,684423.0
2025-10-21,13,チキンカツサンド,1142.61,1371,399.0,455901.0
2025-10-21,13,ルーシーのレモネード,1142.61,1371,184.0,210240.0
2025-10-21,13,ブルガリアＹＯさくらんぼ,1142.61,1371,195.0,222809.0
2025-10-21,13,たべっ子ラムネみかん,1142.61,1371,150.0,171391.0
2025-10-21,13,さつまりこ焼きいも,1142.61,1371,185.0,211383.0
2025-10-21,13,◎焦がしバターのクロワッ,1142.61,1371,121.0,138256.0
2025-10-21,13,モッチ生ドーナツ生チョコ,1142.61,1371,184.0,210240.0
2025-10-21,13,カンデミーナＳＰベスト,1142.61,1371,200.0,228522.0
2025-10-21,13,ＦチャーリーＢロール,1142.61,1371,165.0,188531.0
2025-10-21,13,ルックア・ラ・モード,1142.61,1371,200.0,228522.0
2025-10-21,13,ルックホワイトラバーズ,1142.61,1371,200.0,228522.0
2025-10-21,13,くりーむパン　和栗,1142.61,1371,269.0,307362.0
2025-10-21,13,Ｐルックシャインマスカッ,1142.61,1371,270.0,308505.0
2025-10-21,13,海老とブロッコリーロール,1142.61,1371,369.0,421623.0
2025-10-21,13,かぶり寿司　旨辛唐揚げ巻,1142.61,1371,283.0,323359.0
2025-10-21,13,Ｐルック生キャラメル,1142.61,1371,270.0,308505.0
2025-10-21,13,来来亭監修　冷し中華,1142.61,1371,554.0,633006.0
2025-10-21,13,野菜生活Ｓアサイーバナナ,1142.61,1371,178.0,203385.0
2025-10-21,13,ポテトＣ感謝のほたてしお,1142.61,1371,157.0,179390.0
2025-10-21,13,ぷっちょＳＴ有田みかん,1142.61,1371,118.0,134828.0
2025-10-21,13,ａｍｉ活ゼリーピングレ味,1142.61,1371,210.0,239948.0
2025-10-21,13,ベーコンとレタスのサラダ,1142.61,1371,332.0,379347.0
2025-10-21,13,カカオ味わうショコララテ,1142.61,1371,230.0,262800.0
2025-10-21,13,スッパイマンちいかわ一番,1142.61,1371,200.0,228522.0
2025-10-21,13,天津あんかけ焼そば,1142.61,1371,554.0,633006.0
2025-10-21,13,ヴァルトミントクリック,1142.61,1371,528.0,603298.0
2025-10-21,13,生パスタ　カルボナーラ,1142.61,1371,499.0,570162.0
2025-10-21,13,プルームオーラＪブラック,1142.61,1371,2710.0,3096473.0
2025-10-21,13,帆立と鰹の昆布水つけ麺,1142.61,1371,600.0,685566.0
2025-10-21,13,秋のフルーツスムージー,1142.61,1371,193.0,220524.0
2025-10-21,13,Ｗ・Ｃホワイト５・１０Ｐ,1142.61,1371,4910.0,5610215.0
2025-10-21,13,ＧＰｌａｙ１００００,1142.61,1371,10000.0,11426100.0
2025-10-21,13,白身フライごはん,1142.61,1371,276.0,315360.0
2025-10-21,13,カルピス　Ｐグレープ,1142.61,1371,170.0,194244.0
2025-10-21,13,◎なすトマトソースグラタ,1142.61,1371,508.0,580446.0
2025-10-21,13,０１：ＢＥ：ＦＩＲＳＴ,1142.61,1371,0.0,0.0
2025-10-21,13,コミック乱ツインズ,1142.61,1371,528.0,603298.0
2025-10-21,13,いなり寿司５ヶ入,1142.61,1371,443.0,506176.0
2025-10-21,13,◎根菜入つくね和風スープ,1142.61,1371,406.0,463900.0
2025-10-21,13,もち明太チーズドリア,1142.61,1371,491.0,561022.0
2025-10-21,13,シングルモルト山崎１８０,1142.61,1371,1950.0,2228090.0
2025-10-21,13,グミチョコボールぶどう味,1142.61,1371,199.0,227379.0
2025-10-21,13,Ｈ綾鷹,1142.61,1371,128.0,146254.0
2025-10-21,13,Ｈ伊右衛門５００,1142.61,1371,138.0,157680.0
2025-10-21,13,堅あげポテト鬼旨ブラック,1142.61,1371,190.0,217096.0
2025-10-21,13,三陸産わかめおむすび,1142.61,1371,139.0,158823.0
2025-10-21,13,大きな　チキンとタルタル,1142.61,1371,304.0,347353.0
2025-10-21,13,サンドおむすび炙り焼チキ,1142.61,1371,352.0,402199.0
2025-10-21,13,ベースブレッドさつまいも,1142.61,1371,260.0,297079.0
2025-10-21,13,伊右衛門　京都サイダー,1142.61,1371,158.0,180532.0
2025-10-21,13,紅はるかのスイートポテト,1142.61,1371,264.0,301649.0
2025-10-21,13,スイートポテトロール,1142.61,1371,276.0,315360.0
2025-10-21,13,◎どかっと満足パン（ベー,1142.61,1371,230.0,262800.0
2025-10-21,13,掘って発見スイートポテト,1142.61,1371,341.0,389630.0
2025-10-21,13,メントスＤＵＯブラッドオ,1142.61,1371,163.0,186245.0
2025-10-21,13,カジッテミカン＆レモン,1142.61,1371,228.0,260515.0
2025-10-21,13,大盛！野菜スティック,1142.61,1371,369.0,421623.0
2025-10-21,13,スーパー大麦　梅ひじき,1142.61,1371,175.0,199957.0
2025-10-21,13,野菜生活北海道メロン,1142.61,1371,138.0,157680.0
2025-10-21,13,おーいお茶濃い茶１Ｌ,1142.61,1371,176.0,201099.0
2025-10-21,13,カジッテグレープ＆マスカ,1142.61,1371,228.0,260515.0
2025-10-21,13,生パスタ海老トマトクリム,1142.61,1371,508.0,580446.0
2025-10-21,13,◎スイートポテトタルトデ,1142.61,1371,158.0,180532.0
2025-10-21,13,青磯海苔　まぐろたたき,1142.61,1371,199.0,227379.0
2025-10-21,13,◎スイートポテト蒸しケ４,1142.61,1371,176.0,201099.0
2025-10-21,13,まいたけおこわ,1142.61,1371,185.0,211383.0
2025-10-21,13,◎どかっとパン（テリマヨ,1142.61,1371,135.0,154252.0
2025-10-21,13,鎌倉コロッケサンド,1142.61,1371,297.0,339355.0
2025-10-21,13,◎生フランスパン（おいも,1142.61,1371,156.0,178247.0
2025-10-21,13,◎おいものパウンドケーキ,1142.61,1371,167.0,190816.0
2025-10-21,13,ワイルドターキーＨＢ３５,1142.61,1371,238.0,271941.0
2025-10-21,13,サラダチキンのサラダ,1142.61,1371,239.0,273084.0
2025-10-21,13,ハムチーズとツナサンド,1142.61,1371,323.0,369063.0
2025-10-21,13,◎はちみつすいーとぽてと,1142.61,1371,176.0,201099.0
2025-10-21,13,ロリポップＣちいかわ黒猫,1142.61,1371,300.0,342783.0
2025-10-21,13,◎おいものマドレーヌ,1142.61,1371,167.0,190816.0
2025-10-21,13,シャンゴ監修　ベスビオ,1142.61,1371,582.0,664999.0
2025-10-21,13,ポケカ拡張　ロケット団,1142.61,1371,164.0,187388.0
2025-10-21,13,手巻寿司　３種のねばねば,1142.61,1371,190.0,217096.0
2025-10-21,13,グミチョコボール苺,1142.61,1371,199.0,227379.0
2025-10-21,13,増量３色そぼろ＆チキン南,1142.61,1371,580.0,662714.0
2025-10-21,13,◎紅はるかのおいもチップ,1142.61,1371,198.0,226237.0
2025-10-21,13,お手軽！冷しぶっかけそば,1142.61,1371,276.0,315360.0
2025-10-21,13,極上はちみつ紅茶Ｃ小袋,1142.61,1371,125.0,142826.0
2025-10-21,13,福かまど　べこ餅,1142.61,1371,165.0,188531.0
2025-10-21,13,ねぎたっぷり！豚肉そば,1142.61,1371,554.0,633006.0
2025-10-21,13,ヱビスビール３５０,1142.61,1371,254.0,290223.0
2025-10-21,13,Ｃ玄米プラス　アーモンド,1142.61,1371,180.0,205670.0
2025-10-21,13,お月見タルト　カスタード,1142.61,1371,276.0,315360.0
2025-10-21,13,爽健美茶　６００,1142.61,1371,158.0,180532.0
2025-10-21,13,鳴門金時ラテ,1142.61,1371,267.0,305077.0
2025-10-21,13,ｉｎゼリーＶカロリーゼロ,1142.61,1371,210.0,239948.0
2025-10-21,13,ヘパリーゼＷハイパー,1142.61,1371,380.0,434192.0
2025-10-21,13,増量特製ダレの炙り焼牛カ,1142.61,1371,625.0,714131.0
2025-10-21,13,増量明太海苔弁当,1142.61,1371,555.0,634149.0
2025-10-21,13,ヤクルトＹ１０００,1142.61,1371,150.0,171391.0
2025-10-21,13,クラッシュ蒟蒻畑ぶどう味,1142.61,1371,183.0,209098.0
2025-10-21,13,ブルガリアＹＯブルーベ,1142.61,1371,168.0,191958.0
2025-10-21,13,ビューティチャージハニー,1142.61,1371,548.0,626150.0
2025-10-21,13,ミックスアイスプラス,1142.61,1371,464.0,530171.0
2025-10-21,13,ＡｐｐｌｅＧＣ＿１万,1142.61,1371,10000.0,11426100.0
2025-10-21,13,馬サブロー,1142.61,1371,500.0,571305.0
2025-10-21,13,コロロ二十世紀梨,1142.61,1371,148.0,169106.0
2025-10-21,13,海老とあさりのスパゲティ,1142.61,1371,499.0,570162.0
2025-10-21,13,ライフガード５００,1142.61,1371,150.0,171391.0
2025-10-21,13,ブロックロス　ユニコーン,1142.61,1371,1700.0,1942437.0
2025-10-21,13,Ｈジョージア　カフェラテ,1142.61,1371,148.0,169106.0
2025-10-21,13,サッポロラガービール３５,1142.61,1371,216.0,246804.0
2025-10-21,13,手巻　チャーシューマヨ,1142.61,1371,185.0,211383.0
2025-10-21,13,大きなおむすび　鮭昆布,1142.61,1371,239.0,273084.0
2025-10-21,13,だし醤油まぶし飯海苔佃煮,1142.61,1371,156.0,178247.0
2025-10-21,13,忍者めし鉄の鎧グレープ味,1142.61,1371,160.0,182818.0
2025-10-21,13,ＢＳラーメン丸銀だこ,1142.61,1371,160.0,182818.0
2025-10-21,13,フェットチーネマスカット,1142.61,1371,112.0,127972.0
2025-10-21,13,ラインＳ２５秋の色黒小,1142.61,1371,390.0,445618.0
2025-10-21,13,ミルクブッセ,1142.61,1371,93.0,106263.0
2025-10-21,13,コーヒーブッセ,1142.61,1371,93.0,106263.0
2025-10-21,13,Ｈ伊右衛門焙じ茶,1142.61,1371,138.0,157680.0
2025-10-21,13,Ｈジョージア　ブラック,1142.61,1371,138.0,157680.0
2025-10-21,13,カフェオレクリームサンド,1142.61,1371,121.0,138256.0
2025-10-21,13,キレートレモンクエン酸,1142.61,1371,175.0,199957.0
2025-10-21,13,チョコパイとろ甘キャラメ,1142.61,1371,138.0,157680.0
2025-10-21,13,午後フルーツティ白ぶどう,1142.61,1371,158.0,180532.0
2025-10-21,13,午後フルーツティオレンジ,1142.61,1371,158.0,180532.0
2025-10-21,13,チョコパイほろ苦ダークカ,1142.61,1371,138.0,157680.0
2025-10-21,13,ガルボほろにがブラックＰ,1142.61,1371,175.0,199957.0
2025-10-21,13,スイートポテト＆ホイップ,1142.61,1371,348.0,397628.0
2025-10-21,13,白玉入りお芋のどら焼き,1142.61,1371,195.0,222809.0
2025-10-21,13,ピザサンド　さつまいも,1142.61,1371,306.0,349639.0
2025-10-21,13,カフェラッテクリーミーラ,1142.61,1371,181.0,206812.0
2025-10-21,13,ふわしゅわショコラスフレ,1142.61,1371,258.0,294793.0
2025-10-21,13,◎クロワッサンワッフル,1142.61,1371,167.0,190816.0
2025-10-21,13,ジャックジンジャーＨＢ３,1142.61,1371,210.0,239948.0
2025-10-21,13,たまご＆海老ブロサンド,1142.61,1371,348.0,397628.0
2025-10-21,13,◎チーズインてりやきバー,1142.61,1371,184.0,210240.0
2025-10-21,13,のむココナッツ杏仁,1142.61,1371,276.0,315360.0
2025-10-21,13,たまごっち　まんまる焼き,1142.61,1371,232.0,265086.0
2025-10-21,13,大粒ラムネ濃い果実ぶどう,1142.61,1371,133.0,151967.0
2025-10-21,13,ブロックロスジークアクス,1142.61,1371,1700.0,1942437.0
2025-10-21,13,サンド寿司サーモンチーズ,1142.61,1371,332.0,379347.0
2025-10-21,13,ダースミルク,1142.61,1371,191.0,218239.0
2025-10-21,13,ショコラキャラメルタルト,1142.61,1371,230.0,262800.0
2025-10-21,13,大きなつくねの醤油パスタ,1142.61,1371,510.0,582731.0
2025-10-21,13,コーンのバター醤油パスタ,1142.61,1371,426.0,486752.0
2025-10-21,13,◎グリルＣヨシダテリヤキ,1142.61,1371,232.0,265086.0
2025-10-21,13,スプバレ豊潤ラガー３５０,1142.61,1371,245.0,279939.0
2025-10-21,13,ハリボーハッピーグレープ,1142.61,1371,198.0,226237.0
2025-10-21,13,野菜を食べよう　タンメン,1142.61,1371,554.0,633006.0
2025-10-21,13,たべっ子グミグレープ＆マ,1142.61,1371,200.0,228522.0
2025-10-21,13,バヤリース果実のど飴,1142.61,1371,220.0,251374.0
2025-10-21,13,豚焼肉弁当（マヨネーズ付,1142.61,1371,499.0,570162.0
2025-10-21,13,ｈａｎａキンモクセイ,1142.61,1371,698.0,797542.0
2025-10-21,13,ちいかわひやキャラ,1142.61,1371,280.0,319931.0
2025-10-21,13,４Ｄグミサンリオキャラ,1142.61,1371,180.0,205670.0
2025-10-21,13,オイコス　ピーチ,1142.61,1371,189.0,215953.0
2025-10-21,13,サンリオグミチュアチャー,1142.61,1371,350.0,399913.0
2025-10-21,13,ブラックサンダー至福のバ,1142.61,1371,60.0,68557.0
2025-10-21,13,その他４口座売上,1142.61,1371,164.0,187388.0
2025-10-21,13,１日分Ｖゼリーピーチ,1142.61,1371,218.0,249089.0
2025-10-21,13,うるおいトラベルセット,1142.61,1371,1680.0,1919585.0
2025-10-21,13,ポップアップス！ハチワレ,1142.61,1371,390.0,445618.0
2025-10-21,13,ポップアップス！うさぎ,1142.61,1371,390.0,445618.0
2025-10-21,13,コロロ巨峰,1142.61,1371,148.0,169106.0
2025-10-21,13,◎ロングデニッシュ（バタ,1142.61,1371,121.0,138256.0
2025-10-21,13,麻辣湯（はるさめ麺）,1142.61,1371,554.0,633006.0
2025-10-21,13,◎ふくちゃん豚骨どんぶり,1142.61,1371,297.0,339355.0
2025-10-21,13,ポケカ拡張インフェルノ,1142.61,1371,164.0,187388.0
2025-10-21,13,５種チーズのドリア,1142.61,1371,499.0,570162.0
2025-10-21,13,新金封　結ちどり,1142.61,1371,500.0,571305.0
2025-10-21,13,チップスターＳバター味,1142.61,1371,158.0,180532.0
2025-10-21,13,レンジかき揚げそば,1142.61,1371,462.0,527886.0
2025-10-21,13,モッチュＳマスカット,1142.61,1371,148.0,169106.0
2025-10-21,13,まるごと和なしのど飴小袋,1142.61,1371,128.0,146254.0
2025-10-21,13,ガルボ紫いもＰＫＰ,1142.61,1371,175.0,199957.0
2025-10-21,13,クランキーＰＪストロベリ,1142.61,1371,175.0,199957.0
2025-10-21,13,漬けぶりおむすび,1142.61,1371,249.0,284510.0
2025-10-21,13,ライオンコーヒーブラック,1142.61,1371,168.0,191958.0
2025-10-21,13,ライオンコーヒカフェオレ,1142.61,1371,178.0,203385.0
2025-10-21,13,◎芋きんつば,1142.61,1371,184.0,210240.0
2025-10-21,13,たっぷりコーンマヨネーズ,1142.61,1371,297.0,339355.0
2025-10-21,13,◎肉たっぷり７種具材豚汁,1142.61,1371,369.0,421623.0
2025-10-21,13,Ｐガーナトリュフキャラメ,1142.61,1371,325.0,371348.0
2025-10-21,13,マミー風味シュークリーム,1142.61,1371,167.0,190816.0
2025-10-21,13,背徳　月見台湾風まぜそば,1142.61,1371,647.0,739269.0
2025-10-21,13,メキシカンチキン雑穀,1142.61,1371,462.0,527886.0
2025-10-21,13,森永れん乳風味クレープ,1142.61,1371,239.0,273084.0
2025-10-21,13,◎ふわもち食感のメープル,1142.61,1371,135.0,154252.0
2025-10-21,13,ライトニング電池充電器,1142.61,1371,2164.0,2472608.0
2025-10-21,13,大きな　月見おむすびマヨ,1142.61,1371,304.0,347353.0
2025-10-21,13,あなご寿司,1142.61,1371,255.0,291366.0
2025-10-21,13,とろ生おいもチーズケーキ,1142.61,1371,230.0,262800.0
2025-10-21,13,きつねおむすび,1142.61,1371,147.0,167964.0
2025-10-21,13,チキンチェダーたまご,1142.61,1371,452.0,516460.0
2025-10-21,13,◎ミニベーコンピザパン４,1142.61,1371,212.0,242233.0
2025-10-21,13,◎ミルクツイスト３本入,1142.61,1371,144.0,164536.0
2025-10-21,13,◎ルイボスティー６００,1142.61,1371,110.0,125687.0
2025-10-21,13,野菜生活青森りんご,1142.61,1371,118.0,134828.0
2025-10-21,13,専おかず全部乗せ！お弁当,1142.61,1371,323.0,369063.0
2025-10-21,13,１９６無糖３種の果実３５,1142.61,1371,161.0,183960.0
2025-10-21,13,◎生コッペパン（モンブラ,1142.61,1371,135.0,154252.0
2025-10-21,13,月見うさぎ,1142.61,1371,90.0,102835.0
2025-10-21,13,◎芋あん豆大福,1142.61,1371,165.0,188531.0
2025-10-21,13,エナジーの塊,1142.61,1371,199.0,227379.0
2025-10-21,13,ちいかわチャームグミ,1142.61,1371,380.0,434192.0
2025-10-21,13,◎ロングスティックパン（,1142.61,1371,158.0,180532.0
2025-10-21,13,いちごドーナツ棒１本,1142.61,1371,74.0,84553.0
2025-10-21,13,マカダミアチョコ沖縄黒糖,1142.61,1371,333.0,380489.0
2025-10-21,13,カフェラッテ,1142.61,1371,181.0,206812.0
2025-10-21,13,グミっちょ夕張メロン,1142.61,1371,238.0,271941.0
2025-10-21,13,◎ボロネーゼ風ラザニア,1142.61,1371,369.0,421623.0
2025-10-21,13,ガパオまぜごはん,1142.61,1371,163.0,186245.0
2025-10-21,13,今治ＴＨ斜ＳＴ　Ｔ紺,1142.61,1371,600.0,685566.0
2025-10-21,13,ＳＤドライクリスタル３５,1142.61,1371,216.0,246804.0
2025-10-21,13,◎ふわふわアソートリン４,1142.61,1371,193.0,220524.0
2025-10-21,13,月見チーズバーガー,1142.61,1371,399.0,455901.0
2025-10-21,13,厚切りロースカツサンド,1142.61,1371,426.0,486752.0
2025-10-21,13,きのこの山ポケットパック,1142.61,1371,161.0,183960.0
2025-10-21,13,暴君ハバネロ１５０粒ハバ,1142.61,1371,176.0,201099.0
2025-10-21,13,Ｈ午後の紅茶ミルクティー,1142.61,1371,159.0,181675.0
2025-10-21,13,たけのこの里ＰＫＰ,1142.61,1371,161.0,183960.0
2025-10-21,14,しらすおむすび,1142.61,1371,165.0,188531.0
2025-10-21,14,Ｍアーモンドチョコレート,1142.61,1371,305.0,348496.0
2025-10-21,14,龍角散ののどすっきりタブ,1142.61,1371,200.0,228522.0
2025-10-21,14,忍者めし鋼グレープ味,1142.61,1371,148.0,169106.0
2025-10-21,14,◎もちもちくるみパン,1142.61,1371,128.0,146254.0
2025-10-21,14,ｉｎゼリーエネルギー,1142.61,1371,210.0,239948.0
2025-10-21,14,◎白生クロワッサン（ダブ,1142.61,1371,156.0,178247.0
2025-10-21,14,モンスター　リッパー,1142.61,1371,213.0,243376.0
2025-10-21,14,◎レモン香るティーソーダ,1142.61,1371,130.0,148539.0
2025-10-21,14,カルピス　ひんやりライチ,1142.61,1371,160.0,182818.0
2025-10-21,14,カルピスウォーター５００,1142.61,1371,160.0,182818.0
2025-10-21,14,トロピカーナアップル,1142.61,1371,120.0,137113.0
2025-10-21,14,ミンティアＢカルピス,1142.61,1371,211.0,241091.0
2025-10-21,14,◎ボディＰレモンミント,1142.61,1371,350.0,399913.0
2025-10-21,14,薬用リップスティック,1142.61,1371,299.0,341640.0
2025-10-21,14,さらさらシートクール,1142.61,1371,295.0,337070.0
2025-10-21,14,◎のむＹＧアサイーボウル,1142.61,1371,184.0,210240.0
2025-10-21,14,Ｚｅｒｏシート携帯,1142.61,1371,328.0,374776.0
2025-10-21,14,レッドブルエナジー２５０,1142.61,1371,198.0,226237.0
2025-10-21,14,ペパーミント１００ＭＬ,1142.61,1371,200.0,228522.0
2025-10-21,14,ヘアリングゴム黒,1142.61,1371,200.0,228522.0
2025-10-21,14,１日分鉄分のむヨーグルト,1142.61,1371,145.0,165678.0
2025-10-21,14,ザバスミルクココア風味,1142.61,1371,181.0,206812.0
2025-10-21,14,イーラインマスクベージュ,1142.61,1371,299.0,341640.0
2025-10-21,14,ブルガリアＹＯ　苺,1142.61,1371,158.0,180532.0
2025-10-21,14,◎カフェラテレギュラー,1142.61,1371,181.0,206812.0
2025-10-21,14,金のミルクキャンディ,1142.61,1371,221.0,252517.0
2025-10-21,14,ミンティアＢリフレッシュ,1142.61,1371,211.0,241091.0
2025-10-21,14,邪払のど飴,1142.61,1371,258.0,294793.0
2025-10-21,14,◎生コッペパン（たまご）,1142.61,1371,128.0,146254.0
2025-10-21,14,キレートクエン酸ゼリー,1142.61,1371,210.0,239948.0
2025-10-21,14,◎もっち歩き（チョコ）,1142.61,1371,125.0,142826.0
2025-10-21,14,ミンティアワイルド＆クー,1142.61,1371,105.0,119974.0
2025-10-21,14,アーモンドＣ香ばしＰＪ,1142.61,1371,175.0,199957.0
2025-10-21,14,ミンティアＢクリスタル,1142.61,1371,211.0,241091.0
2025-10-21,14,ブラックＴひとくちサイズ,1142.61,1371,120.0,137113.0
2025-10-21,14,ジャムグミいちご,1142.61,1371,182.0,207955.0
2025-10-21,14,ぷにキャラグミちいかわ,1142.61,1371,218.0,249089.0
2025-10-21,14,ソルベットグミ白桃味,1142.61,1371,140.0,159965.0
2025-10-21,14,つぶグミカタイソーダ,1142.61,1371,168.0,191958.0
2025-10-21,14,たべっ子グミパイナップル,1142.61,1371,200.0,228522.0
2025-10-21,14,おとうふくんグミ,1142.61,1371,161.0,183960.0
2025-10-21,14,あの日夢見た雲グミ,1142.61,1371,171.0,195386.0
2025-10-21,14,ピュレグミなつももソーダ,1142.61,1371,150.0,171391.0
2025-10-21,14,ポケぷに,1142.61,1371,218.0,249089.0
2025-10-21,14,龍角散のど飴ｍａｘＳＴ,1142.61,1371,160.0,182818.0
2025-10-21,14,忍者めし巨峰,1142.61,1371,125.0,142826.0
2025-10-21,14,即攻元気ゼリー,1142.61,1371,204.0,233092.0
2025-10-21,14,龍角散のど飴スティック,1142.61,1371,140.0,159965.0
2025-10-21,14,のど飴,1142.61,1371,124.0,141684.0
2025-10-21,14,忍者めし鋼マスカット味,1142.61,1371,148.0,169106.0
2025-10-21,14,◎ドライマンゴー,1142.61,1371,276.0,315360.0
2025-10-21,14,◎カリカリ梅無着色小袋,1142.61,1371,184.0,210240.0
2025-10-21,14,大粒ラムネ,1142.61,1371,133.0,151967.0
2025-10-21,14,牛乳パン,1142.61,1371,230.0,262800.0
2025-10-21,14,１本満足プロテイン　ＷＴ,1142.61,1371,171.0,195386.0
2025-10-21,14,シルキータッチ大きめ,1142.61,1371,398.0,454759.0
2025-10-21,14,スマートカラーグレー,1142.61,1371,566.0,646717.0
2025-10-21,14,◎しっとりやわらか食パ６,1142.61,1371,158.0,180532.0
2025-10-21,14,◎ファミマ・ザ・クリーム,1142.61,1371,128.0,146254.0
2025-10-21,14,たまごサンド,1142.61,1371,265.0,302792.0
2025-10-21,14,具だくさん！チキン南蛮,1142.61,1371,221.0,252517.0
2025-10-21,14,具だくさん！チャーシュー,1142.61,1371,215.0,245661.0
2025-10-21,14,キャメＭマスカットＰＬ,1142.61,1371,455.0,519888.0
2025-10-21,14,◎ソフトなチーズクリーム,1142.61,1371,135.0,154252.0
2025-10-21,14,キャメＭベリープルーム,1142.61,1371,455.0,519888.0
2025-10-21,14,◎バタークロワッサンメロ,1142.61,1371,147.0,167964.0
2025-10-21,14,キャメＭコールドプルーム,1142.61,1371,455.0,519888.0
2025-10-21,14,◎チョコチップスナック６,1142.61,1371,135.0,154252.0
2025-10-21,14,◎ファミマ・ザ・メロンパ,1142.61,1371,128.0,146254.0
2025-10-21,14,ラーククラシックＭ,1142.61,1371,491.0,561022.0
2025-10-21,14,ラッキーＥＸカット１４,1142.61,1371,428.0,489037.0
2025-10-21,14,ラッキーＢチルベリー８,1142.61,1371,428.0,489037.0
2025-10-21,14,◎生コッペパン（コロッケ,1142.61,1371,167.0,190816.0
2025-10-21,14,ラッキーストライク,1142.61,1371,564.0,644432.0
2025-10-21,14,◎生コッペパン（焼きそば,1142.61,1371,167.0,190816.0
2025-10-21,14,ラッキーシガリロＳライト,1142.61,1371,428.0,489037.0
2025-10-21,14,◎白生コッペパン（トリプ,1142.61,1371,147.0,167964.0
2025-10-21,14,◎ひと口もち食感チーズ（,1142.61,1371,149.0,170249.0
2025-10-21,14,マルボロ・メン８Ｂ,1142.61,1371,546.0,623865.0
2025-10-21,14,◎もっちパン（ミート＆チ,1142.61,1371,121.0,138256.0
2025-10-21,14,◎お肉たっぷりメンチカツ,1142.61,1371,184.0,210240.0
2025-10-21,14,◎天然水新潟県津南６００,1142.61,1371,110.0,125687.0
2025-10-21,14,◎ミニクリームパン５個入,1142.61,1371,149.0,170249.0
2025-10-21,14,◎ジャスミン茶６００,1142.61,1371,110.0,125687.0
2025-10-21,14,クリームたい焼きカスター,1142.61,1371,165.0,188531.0
2025-10-21,14,アスティーグ肌　Ｍ,1142.61,1371,600.0,685566.0
2025-10-21,14,◎のむヨーグルトプレーン,1142.61,1371,149.0,170249.0
2025-10-21,14,ルーロー飯おむすび,1142.61,1371,194.0,221666.0
2025-10-21,14,グリーンダカラ,1142.61,1371,141.0,161108.0
2025-10-21,14,ウィルキンソン　タンサン,1142.61,1371,112.0,127972.0
2025-10-21,14,チョコラＢＢハイパー,1142.61,1371,380.0,434192.0
2025-10-21,14,◎発酵バター香るチョコク,1142.61,1371,147.0,167964.0
2025-10-21,14,◎ダブルチョコデニッシュ,1142.61,1371,128.0,146254.0
2025-10-21,14,ウコンの力ドリンク,1142.61,1371,191.0,218239.0
2025-10-21,14,リポビタンＤ,1142.61,1371,164.0,187388.0
2025-10-21,14,◎ゴロゴロチョコのクッキ,1142.61,1371,138.0,157680.0
2025-10-21,14,ジョージア　カフェモカ,1142.61,1371,168.0,191958.0
2025-10-21,14,ジョージア　カフェラテ,1142.61,1371,159.0,181675.0
2025-10-21,14,◎しっとりケーキ（チョコ,1142.61,1371,135.0,154252.0
2025-10-21,14,ジョージア　ブラック,1142.61,1371,149.0,170249.0
2025-10-21,14,◎白生フランスパン（つぶ,1142.61,1371,156.0,178247.0
2025-10-21,14,◎天然水長野県安曇野２Ｌ,1142.61,1371,112.0,127972.0
2025-10-21,14,午後の紅茶　レモンティー,1142.61,1371,160.0,182818.0
2025-10-21,14,◎緑茶６００,1142.61,1371,110.0,125687.0
2025-10-21,14,◎ぶどうぱん（シュガーマ,1142.61,1371,128.0,146254.0
2025-10-21,14,◎麦茶６００,1142.61,1371,110.0,125687.0
2025-10-21,14,健康ミネラルむぎ茶,1142.61,1371,158.0,180532.0
2025-10-21,14,◎生スコーン６個入,1142.61,1371,172.0,196529.0
2025-10-21,14,◎アップル香るジャスミン,1142.61,1371,110.0,125687.0
2025-10-21,14,塩バター揚げ焼きくりーむ,1142.61,1371,276.0,315360.0
2025-10-21,14,マルボロ・メン１２Ｂ,1142.61,1371,546.0,623865.0
2025-10-21,14,専ＵＦＯ大盛焼そばパンガ,1142.61,1371,276.0,315360.0
2025-10-21,14,じゃがりこチーズ,1142.61,1371,185.0,211383.0
2025-10-21,14,◎冷やし胡瓜一本漬,1142.61,1371,172.0,196529.0
2025-10-21,14,◎タンスティックレモン,1142.61,1371,184.0,210240.0
2025-10-21,14,メビウスＥＸＬ,1142.61,1371,528.0,603298.0
2025-10-21,14,メビウスＬ,1142.61,1371,528.0,603298.0
2025-10-21,14,メビウスＳＬ１００Ｂ,1142.61,1371,528.0,603298.0
2025-10-21,14,焙煎ごまドレッシング,1142.61,1371,33.0,37706.0
2025-10-21,14,◎半熟ゆでたまご１個,1142.61,1371,98.0,111976.0
2025-10-21,14,ポケカ拡張　ホワイト,1142.61,1371,264.0,301649.0
2025-10-21,14,テリアスムースレギュラー,1142.61,1371,528.0,603298.0
2025-10-21,14,高菜の寿司,1142.61,1371,176.0,201099.0
2025-10-21,14,レジ袋弁当大バイオマス,1142.61,1371,5.0,5713.0
2025-10-21,14,ホープ１０,1142.61,1371,273.0,311933.0
2025-10-21,14,手巻　紀州南高梅,1142.61,1371,158.0,180532.0
2025-10-21,14,手巻　真昆布,1142.61,1371,158.0,180532.0
2025-10-21,14,大きな　僕の梅おかか,1142.61,1371,297.0,339355.0
2025-10-21,14,味付海苔　おかか味噌,1142.61,1371,161.0,183960.0
2025-10-21,14,増量　手巻　紅しゃけ,1142.61,1371,195.0,222809.0
2025-10-21,14,増量　手巻　辛子明太子,1142.61,1371,195.0,222809.0
2025-10-21,14,大きな　昆布とツナマヨ,1142.61,1371,269.0,307362.0
2025-10-21,14,手巻　たらこマヨネーズ,1142.61,1371,188.0,214811.0
2025-10-21,14,豚バラしょうゆ,1142.61,1371,276.0,315360.0
2025-10-21,14,サンドおむすび　牛カルビ,1142.61,1371,328.0,374776.0
2025-10-21,14,手巻　紅しゃけ,1142.61,1371,195.0,222809.0
2025-10-21,14,レジ袋１２号バイオマス,1142.61,1371,3.0,3428.0
2025-10-21,14,ピース・ライト・ＢＯＸ,1142.61,1371,546.0,623865.0
2025-10-21,14,ピアニシモ・アリア・メン,1142.61,1371,519.0,593015.0
2025-10-21,14,◎海鮮スティック明太マヨ,1142.61,1371,167.0,190816.0
2025-10-21,14,センティアＩブラック,1142.61,1371,482.0,550738.0
2025-10-21,14,冷し明太とろろうどん,1142.61,1371,508.0,580446.0
2025-10-21,14,冷したぬきうどん,1142.61,1371,399.0,455901.0
2025-10-21,14,ゆず冷し鶏塩おろしうどん,1142.61,1371,526.0,601013.0
2025-10-21,14,テリアイエローメンソール,1142.61,1371,528.0,603298.0
2025-10-21,14,テリアサンパール,1142.61,1371,528.0,603298.0
2025-10-21,14,テリアシャインパール,1142.61,1371,528.0,603298.0
2025-10-21,14,マルボロ・ボックス,1142.61,1371,546.0,623865.0
2025-10-21,14,シーチキン＆コーンサラダ,1142.61,1371,249.0,284510.0
2025-10-21,14,ケントエス１・１００Ｂ,1142.61,1371,455.0,519888.0
2025-10-21,14,ローストチキンパスタサラ,1142.61,1371,369.0,421623.0
2025-10-21,14,エボルタＮＥＯ単４－４Ｐ,1142.61,1371,659.0,752980.0
2025-10-21,14,ライトニング１．２ｍ,1142.61,1371,1800.0,2056698.0
2025-10-21,14,ＣＲバーナーライター,1142.61,1371,190.0,217096.0
2025-10-21,14,耐風ビニール傘７０,1142.61,1371,862.0,984930.0
2025-10-21,14,ダブルシュー,1142.61,1371,172.0,196529.0
2025-10-21,14,デイリースポーツ東日本,1142.61,1371,146.0,166821.0
2025-10-21,14,冷やして食べるバウム,1142.61,1371,167.0,190816.0
2025-10-21,14,マカロンチョコパッション,1142.61,1371,267.0,305077.0
2025-10-21,14,日刊ゲンダイ,1142.61,1371,164.0,187388.0
2025-10-21,14,日本経済新聞,1142.61,1371,182.0,207955.0
2025-10-21,14,ＡｍａｚｏｎＶＡＲ,1142.61,1371,10000.0,11426100.0
2025-10-21,14,２種のキンパ,1142.61,1371,510.0,582731.0
2025-10-21,14,セブンスター,1142.61,1371,546.0,623865.0
2025-10-21,14,セブンスター・ＢＯＸ,1142.61,1371,546.0,623865.0
2025-10-21,14,手巻　辛子明太子,1142.61,1371,195.0,222809.0
2025-10-21,14,カロリーＭハーフ　バニラ,1142.61,1371,110.0,125687.0
2025-10-21,14,手巻シーチキンマヨネーズ,1142.61,1371,165.0,188531.0
2025-10-21,14,直巻　和風ツナマヨネーズ,1142.61,1371,149.0,170249.0
2025-10-21,14,テリアブラックＭ１０Ｐ,1142.61,1371,5273.0,6024983.0
2025-10-21,14,アサヒ生ビール３５０,1142.61,1371,216.0,246804.0
2025-10-21,14,スーパードライ３５０,1142.61,1371,216.0,246804.0
2025-10-21,14,さばと青じそおむすび,1142.61,1371,139.0,158823.0
2025-10-21,14,テリアＯパール,1142.61,1371,528.0,603298.0
2025-10-21,14,ポケカ拡張　ブラック,1142.61,1371,264.0,301649.0
2025-10-21,14,ポケカ拡張　バトルＰ,1142.61,1371,164.0,187388.0
2025-10-21,14,サラサクリップ　黒,1142.61,1371,99.0,113118.0
2025-10-21,14,ＬＩＢＥＲＡミルク,1142.61,1371,277.0,316503.0
2025-10-21,14,◎しみチョココーン,1142.61,1371,147.0,167964.0
2025-10-21,14,◎チョコシュー,1142.61,1371,128.0,146254.0
2025-10-21,14,もち麦　鮭ひじきしそ風味,1142.61,1371,163.0,186245.0
2025-10-21,14,◎こだわりのフロランタン,1142.61,1371,184.0,210240.0
2025-10-21,14,◎もちもちレモンドーナツ,1142.61,1371,149.0,170249.0
2025-10-21,14,◎濃厚ミルクドーナツ,1142.61,1371,100.0,114261.0
2025-10-21,14,◎焼たまごカレートースト,1142.61,1371,167.0,190816.0
2025-10-21,14,スイートサンダーいちご,1142.61,1371,60.0,68557.0
2025-10-21,14,ブラックサンダー,1142.61,1371,41.0,46847.0
2025-10-21,14,◎大きいウインナー,1142.61,1371,153.0,174819.0
2025-10-21,14,◎大きいあらびきチョリソ,1142.61,1371,153.0,174819.0
2025-10-21,14,パウダー２５０％ハッピー,1142.61,1371,120.0,137113.0
2025-10-21,14,◎ベーコンチーズオニオン,1142.61,1371,149.0,170249.0
2025-10-21,14,Ｆグレイシアラムネわらび,1142.61,1371,156.0,178247.0
2025-10-21,14,じゃがりこサラダ,1142.61,1371,185.0,211383.0
2025-10-21,14,ミンティアコールドスマッ,1142.61,1371,105.0,119974.0
2025-10-21,14,直巻　とり五目,1142.61,1371,165.0,188531.0
2025-10-21,14,ラッキーＳメンソール,1142.61,1371,391.0,446761.0
2025-10-21,14,ラッキーＳダークＭ,1142.61,1371,391.0,446761.0
2025-10-21,14,直巻　明太子マヨネーズ,1142.61,1371,165.0,188531.0
2025-10-21,14,直巻　焼しゃけ,1142.61,1371,158.0,180532.0
2025-10-21,14,レジ袋,1142.61,1371,3.0,3428.0
2025-10-21,14,１９６ＳＴゼロＷレモン３,1142.61,1371,161.0,183960.0
2025-10-21,14,角ハイボール３５０,1142.61,1371,219.0,250232.0
2025-10-21,14,氷結レモン３５０,1142.61,1371,168.0,191958.0
2025-10-21,14,生ハム寿司,1142.61,1371,212.0,242233.0
2025-10-21,14,テリアブラックパープルＭ,1142.61,1371,528.0,603298.0
2025-10-21,14,テリアブラックメンソール,1142.61,1371,528.0,603298.0
2025-10-21,14,手巻寿司　納豆,1142.61,1371,184.0,210240.0
2025-10-21,14,テリアミント,1142.61,1371,528.0,603298.0
2025-10-21,14,手巻寿司　シーチキンマヨ,1142.61,1371,167.0,190816.0
2025-10-21,14,テリアメンソール,1142.61,1371,528.0,603298.0
2025-10-21,14,テリアリッチレギュラー,1142.61,1371,528.0,603298.0
2025-10-21,14,テリアリビエラパール,1142.61,1371,528.0,603298.0
2025-10-21,14,テリアレギュラー,1142.61,1371,528.0,603298.0
2025-10-21,14,鮭はらみおむすび,1142.61,1371,258.0,294793.0
2025-10-21,14,助六寿司,1142.61,1371,482.0,550738.0
2025-10-21,14,テリアＢルビーＭ,1142.61,1371,528.0,603298.0
2025-10-21,14,ネオアークティックＭ,1142.61,1371,455.0,519888.0
2025-10-21,14,高菜たくあんおむすび,1142.61,1371,135.0,154252.0
2025-10-21,14,ラッキーＳダークタバコ,1142.61,1371,391.0,446761.0
2025-10-21,14,◎ハムチーズマヨネーズ２,1142.61,1371,135.0,154252.0
2025-10-21,14,ＭＶコールドＭプルーム,1142.61,1371,455.0,519888.0
2025-10-21,14,まるで桃みたいなケーキ,1142.61,1371,276.0,315360.0
2025-10-21,14,クリームワッフルクッキー,1142.61,1371,260.0,297079.0
2025-10-21,14,調製豆乳,1142.61,1371,105.0,119974.0
2025-10-21,14,テリアパープルメンソール,1142.61,1371,528.0,603298.0
2025-10-21,14,テリアバランスドＲ,1142.61,1371,528.0,603298.0
2025-10-21,14,野菜一日これ一本,1142.61,1371,113.0,129115.0
2025-10-21,14,◎デニッシュブレッド３枚,1142.61,1371,156.0,178247.0
2025-10-21,14,センティアＳバイオレット,1142.61,1371,482.0,550738.0
2025-10-21,14,◎バタークロワッサンメ３,1142.61,1371,156.0,178247.0
2025-10-21,14,センティアＩパープル,1142.61,1371,482.0,550738.0
2025-10-21,14,◎ファミマの牛乳５００,1142.61,1371,175.0,199957.0
2025-10-21,14,サブレサンドバニライチゴ,1142.61,1371,332.0,379347.0
2025-10-21,14,冷しニンニクまぜそば,1142.61,1371,647.0,739269.0
2025-10-21,14,ＳＰＡＭ　タコスミート,1142.61,1371,315.0,359922.0
2025-10-21,14,ＳＰＡＭ　ツナマヨネーズ,1142.61,1371,266.0,303934.0
2025-10-21,14,不明,1142.61,1371,164.0,187388.0
2025-10-21,14,レジ袋４５号バイオマス,1142.61,1371,7.0,7998.0
2025-10-21,14,鮭ほぐし飯（和風だしごは,1142.61,1371,338.0,386202.0
2025-10-21,14,天タレおむすび,1142.61,1371,138.0,157680.0
2025-10-21,14,植物生のスパイシーカレー,1142.61,1371,146.0,166821.0
2025-10-21,14,赤飯おむすび,1142.61,1371,165.0,188531.0
2025-10-21,14,レジ袋２０号バイオマス,1142.61,1371,5.0,5713.0
2025-10-21,14,鶏のうまみ！鶏そぼろ弁当,1142.61,1371,320.0,365635.0
2025-10-21,14,冷しビャンビャン麺,1142.61,1371,510.0,582731.0
2025-10-21,14,ラッキーＳＲタバコ１０Ｐ,1142.61,1371,3910.0,4467605.0
2025-10-21,14,野沢菜いなり寿司,1142.61,1371,179.0,204527.0
2025-10-21,14,国産チキン彩り野菜うどん,1142.61,1371,554.0,633006.0
2025-10-21,14,手巻寿司　ねぎとろ（青ま,1142.61,1371,230.0,262800.0
2025-10-21,14,かぶり寿司　唐揚げ巻,1142.61,1371,283.0,323359.0
2025-10-21,14,塩こんぶおむすび,1142.61,1371,139.0,158823.0
2025-10-21,14,サンド寿司　まぐろたくあ,1142.61,1371,334.0,381632.0
2025-10-21,14,冷たい生パスタ海老トマト,1142.61,1371,499.0,570162.0
2025-10-21,14,ジューシーハムサンド,1142.61,1371,297.0,339355.0
2025-10-21,14,ラッキーＳリッチタバコ,1142.61,1371,391.0,446761.0
2025-10-21,14,テリヤキチキンとたまごＳ,1142.61,1371,323.0,369063.0
2025-10-21,14,ラッキーＳベリーＭ,1142.61,1371,391.0,446761.0
2025-10-21,14,ラッキーＳトロピカルＳ,1142.61,1371,391.0,446761.0
2025-10-21,14,３種チーズとハムのサンド,1142.61,1371,323.0,369063.0
2025-10-21,14,ベコンレタストマトサンド,1142.61,1371,369.0,421623.0
2025-10-21,14,ネオＢベリーハイパー用,1142.61,1371,455.0,519888.0
2025-10-21,14,チキン南蛮サンド,1142.61,1371,369.0,421623.0
2025-10-21,14,ミックスサンド,1142.61,1371,276.0,315360.0
2025-10-21,14,鶏焼肉のバインミー,1142.61,1371,369.0,421623.0
2025-10-21,14,シーチキン＆たまごサラダ,1142.61,1371,239.0,273084.0
2025-10-21,14,棒棒鶏風サラダ,1142.61,1371,406.0,463900.0
2025-10-21,14,和風ドレッシング,1142.61,1371,33.0,37706.0
2025-10-21,14,シャキシャキレタスサンド,1142.61,1371,297.0,339355.0
2025-10-21,14,サメジマブルーソーダ味,1142.61,1371,178.0,203385.0
2025-10-21,14,蒸鶏とねぎのトマトパスタ,1142.61,1371,462.0,527886.0
2025-10-21,14,大きなおむすび唐揚げマヨ,1142.61,1371,290.0,331357.0
2025-10-21,14,本まぐろわさび醤油おむす,1142.61,1371,280.0,319931.0
2025-10-21,14,◎ベーコンペッパーマヨ,1142.61,1371,121.0,138256.0
2025-10-21,14,メビウス,1142.61,1371,528.0,603298.0
2025-10-21,14,シャインマスカットのど飴,1142.61,1371,105.0,119974.0
2025-10-21,14,ぷっちょＳＴメガコーラ,1142.61,1371,118.0,134828.0
2025-10-21,14,ハイチュウグレープ,1142.61,1371,127.0,145111.0
2025-10-21,14,ハイライトメンソール,1142.61,1371,473.0,540455.0
2025-10-21,14,ハイチュウＰシャインマス,1142.61,1371,152.0,173677.0
2025-10-21,14,センティアＦグリーン,1142.61,1371,482.0,550738.0
2025-10-21,14,ハイライト,1142.61,1371,473.0,540455.0
2025-10-21,14,ハイチュウＰ巨峰,1142.61,1371,152.0,173677.0
2025-10-21,14,キャメルクラフトＭ５,1142.61,1371,410.0,468470.0
2025-10-21,14,アメスピＯＭ１,1142.61,1371,382.0,436477.0
2025-10-21,14,アメスピＯＭライト,1142.61,1371,382.0,436477.0
2025-10-21,14,コロロシャインマスカット,1142.61,1371,148.0,169106.0
2025-10-21,14,コーラアップ,1142.61,1371,242.0,276512.0
2025-10-21,14,アメスピライト,1142.61,1371,382.0,436477.0
2025-10-21,14,ハイチュウＰヨーグルト,1142.61,1371,152.0,173677.0
2025-10-21,14,ＭＶスムースＲプルーム,1142.61,1371,455.0,519888.0
2025-10-21,14,◎しみ旨フレンチトースト,1142.61,1371,144.0,164536.0
2025-10-21,14,ＭＶシトラスＯＰプルーム,1142.61,1371,455.0,519888.0
2025-10-21,14,◎もちっとつぶあんドーナ,1142.61,1371,125.0,142826.0
2025-10-21,14,◎ミニフレンチトースト４,1142.61,1371,172.0,196529.0
2025-10-21,14,センティアＤブロンズ,1142.61,1371,482.0,550738.0
2025-10-21,14,センティアＣジェイド,1142.61,1371,482.0,550738.0
2025-10-21,14,センティアクリアシルバー,1142.61,1371,482.0,550738.0
2025-10-21,14,専ＵＦＯプチ焼そばパン４,1142.61,1371,212.0,242233.0
2025-10-21,14,ケントＴＲメンソール,1142.61,1371,437.0,499321.0
2025-10-21,14,◎北海道メロンパン,1142.61,1371,125.0,142826.0
2025-10-21,14,ケントＴメンソール,1142.61,1371,437.0,499321.0
2025-10-21,14,◎生コッペパン（あんバタ,1142.61,1371,135.0,154252.0
2025-10-21,14,◎白生コッペパン（カスタ,1142.61,1371,128.0,146254.0
2025-10-21,14,マルボロ・ブラックＭ８,1142.61,1371,546.0,623865.0
2025-10-21,14,ＭＶＰＧレギュラーウィズ,1142.61,1371,546.0,623865.0
2025-10-21,14,ＭＶＰＧメンソールウィズ,1142.61,1371,546.0,623865.0
2025-10-21,14,ＭＶＧレッドＭウィズ,1142.61,1371,546.0,623865.0
2025-10-21,14,◎ふんわりホットケーキ２,1142.61,1371,128.0,146254.0
2025-10-21,14,◎完熟バナナパンケーキ,1142.61,1371,138.0,157680.0
2025-10-21,14,ＭＶベリーＯＰプルーム,1142.61,1371,455.0,519888.0
2025-10-21,14,◎いちごのクロワッサン（,1142.61,1371,147.0,167964.0
2025-10-21,14,ＭＶブラックＣＭプルーム,1142.61,1371,455.0,519888.0
2025-10-21,14,タフグミグレーピーパンチ,1142.61,1371,238.0,271941.0
2025-10-21,14,はちみつカリンのど飴,1142.61,1371,124.0,141684.0
2025-10-21,14,メビウスワン,1142.61,1371,528.0,603298.0
2025-10-21,14,メビウスＥ１　１００Ｓ,1142.61,1371,455.0,519888.0
2025-10-21,14,◎スーパーＣＨ無糖レモ３,1142.61,1371,119.0,135971.0
2025-10-21,14,おむすびおかずＳ（昆・ツ,1142.61,1371,434.0,495893.0
2025-10-21,14,特撰　白角水割　２５０,1142.61,1371,175.0,199957.0
2025-10-21,14,茉莉花ジャスミン茶割ＪＪ,1142.61,1371,181.0,206812.0
2025-10-21,14,檸檬堂夏のラムネとレモン,1142.61,1371,160.0,182818.0
2025-10-21,14,手巻寿司　サーモン（青ま,1142.61,1371,230.0,262800.0
2025-10-21,14,本搾りライム３５０,1142.61,1371,168.0,191958.0
2025-10-21,14,未来のレサワオリジナル３,1142.61,1371,271.0,309647.0
2025-10-21,14,ルイボスティーハイ３４０,1142.61,1371,181.0,206812.0
2025-10-21,14,手巻寿司　青しそ納豆,1142.61,1371,190.0,217096.0
2025-10-21,14,◎スーパーＣＨグレフル３,1142.61,1371,119.0,135971.0
2025-10-21,14,大関　佳撰ワンカップ,1142.61,1371,219.0,250232.0
2025-10-21,14,金麦３５０,1142.61,1371,180.0,205670.0
2025-10-21,14,いなり寿司３ヶ入,1142.61,1371,276.0,315360.0
2025-10-21,14,ザプレミアムモルツ３５０,1142.61,1371,254.0,290223.0
2025-10-21,14,黒ラベル３５０,1142.61,1371,216.0,246804.0
2025-10-21,14,炙り焼辛子明太子おむすび,1142.61,1371,251.0,286795.0
2025-10-21,14,◎パン・オ・ショコラ４個,1142.61,1371,184.0,210240.0
2025-10-21,14,６種具材の冷し中華,1142.61,1371,536.0,612439.0
2025-10-21,14,センティアＦパープル,1142.61,1371,482.0,550738.0
2025-10-21,14,キシリトール粒フレッシュ,1142.61,1371,178.0,203385.0
2025-10-21,14,大粒ラムネＲすっぱレモン,1142.61,1371,133.0,151967.0
2025-10-21,14,マルボロアイスＢ・Ｍ８,1142.61,1371,546.0,623865.0
2025-10-21,14,マルボロアイスＢ・Ｍ５,1142.61,1371,546.0,623865.0
2025-10-21,14,ベロＭＰＭインテンス,1142.61,1371,291.0,332500.0
2025-10-21,14,◎黒胡椒香るチーズフラン,1142.61,1371,184.0,210240.0
2025-10-21,14,ケント・１・１００ＢＯＸ,1142.61,1371,473.0,540455.0
2025-10-21,14,◎ファミマ・ザ・カレーパ,1142.61,1371,139.0,158823.0
2025-10-21,14,ケントエス・スパーク１,1142.61,1371,455.0,519888.0
2025-10-21,14,◎手巻きソーセージドーナ,1142.61,1371,158.0,180532.0
2025-10-21,14,マルボロゴールドＢ,1142.61,1371,546.0,623865.0
2025-10-21,14,キシリトール粒グレープ,1142.61,1371,178.0,203385.0
2025-10-21,14,キシリトール粒ライムミン,1142.61,1371,178.0,203385.0
2025-10-21,14,Ｗ・Ｃ・ホワイト・５,1142.61,1371,491.0,561022.0
2025-10-21,14,メビＰＭＯＰＰ１１００,1142.61,1371,528.0,603298.0
2025-10-21,14,メビウスＳＬ,1142.61,1371,528.0,603298.0
2025-10-21,14,フリスクＦＦマスカット,1142.61,1371,278.0,317646.0
2025-10-21,14,ヨーグレットミニ,1142.61,1371,150.0,171391.0
2025-10-21,14,メビウスＥＭＯＰＰ５Ｓ,1142.61,1371,455.0,519888.0
2025-10-21,14,メロンソーダアップ,1142.61,1371,242.0,276512.0
2025-10-21,14,ラムネアップ,1142.61,1371,242.0,276512.0
2025-10-21,14,サンスポ（サンケ,1142.61,1371,164.0,187388.0
2025-10-21,14,コンパクトＳ２４．５ｃｍ,1142.61,1371,230.0,262800.0
2025-10-21,14,忍者めしラムネ,1142.61,1371,125.0,142826.0
2025-10-21,14,週刊少年ジャンプ,1142.61,1371,282.0,322216.0
2025-10-21,14,男梅グミ,1142.61,1371,143.0,163393.0
2025-10-21,14,週　刊　文　春,1142.61,1371,464.0,530171.0
2025-10-21,14,◎ドライみかん,1142.61,1371,276.0,315360.0
2025-10-21,14,ヤングマガジン,1142.61,1371,464.0,530171.0
2025-10-21,14,◎ドライりんご,1142.61,1371,276.0,315360.0
2025-10-21,14,◎５種のナッツ＆フルーツ,1142.61,1371,198.0,226237.0
2025-10-21,14,◎おしゃぶり昆布,1142.61,1371,172.0,196529.0
2025-10-21,14,ＢＩＣ電子ライター,1142.61,1371,170.0,194244.0
2025-10-21,14,◎やみつき種ぬき干し梅,1142.61,1371,175.0,199957.0
2025-10-21,14,コンパクトＳ２１．５ｃｍ,1142.61,1371,230.0,262800.0
2025-10-21,14,◎除菌ハンディＷティシュ,1142.61,1371,164.0,187388.0
2025-10-21,14,コカ・コーラ　３００,1142.61,1371,110.0,125687.0
2025-10-21,14,◎みるくバターまんじゅう,1142.61,1371,144.0,164536.0
2025-10-21,14,◎パイまんじゅうつぶあん,1142.61,1371,153.0,174819.0
2025-10-21,14,ピュレグミＰ白桃,1142.61,1371,180.0,205670.0
2025-10-21,14,ピュレグミＰマスカット,1142.61,1371,180.0,205670.0
2025-10-21,14,ピュレグミグレープ味,1142.61,1371,150.0,171391.0
2025-10-21,14,◎紅はるかの熟成干し芋,1142.61,1371,260.0,297079.0
2025-10-21,14,龍角散ののどすっきり飴袋,1142.61,1371,280.0,319931.0
2025-10-21,14,まい塩あめ小袋,1142.61,1371,138.0,157680.0
2025-10-21,14,今治ＴＨドット,1142.61,1371,600.0,685566.0
2025-10-21,14,ハンカチＳＴ,1142.61,1371,600.0,685566.0
2025-10-21,14,婦人ショートＳ白,1142.61,1371,390.0,445618.0
2025-10-21,14,ひざ下２足ヌードベージュ,1142.61,1371,500.0,571305.0
2025-10-21,14,邪払のど飴小袋,1142.61,1371,119.0,135971.0
2025-10-21,14,◎ばんそうこうＭサイズ,1142.61,1371,362.0,413625.0
2025-10-21,14,プリッツ旨サラダ,1142.61,1371,131.0,149682.0
2025-10-21,14,◎チョコマシュマロ,1142.61,1371,139.0,158823.0
2025-10-21,14,◎ミニバタークッキー,1142.61,1371,128.0,146254.0
2025-10-21,14,シルキータッチふつう,1142.61,1371,398.0,454759.0
2025-10-21,14,◎練乳はちみつドーナツ,1142.61,1371,147.0,167964.0
2025-10-21,14,◎こだわりのマドレーヌ,1142.61,1371,147.0,167964.0
2025-10-21,14,ソフトタンポンコンパクト,1142.61,1371,282.0,322216.0
2025-10-21,14,◎こだわりのワッフル,1142.61,1371,144.0,164536.0
2025-10-21,14,今治ＴＨＳＴ／青橙,1142.61,1371,600.0,685566.0
2025-10-21,14,ジェットスリーム０．５,1142.61,1371,150.0,171391.0
2025-10-21,14,リングメモＡ７Ｂ罫,1142.61,1371,208.0,237663.0
2025-10-21,14,ハリボーハッピーコーラ,1142.61,1371,198.0,226237.0
2025-10-21,14,東スポ（東京スポーツ）,1142.61,1371,164.0,187388.0
2025-10-21,14,ドデカミンＢＩＧ,1142.61,1371,149.0,170249.0
2025-10-21,14,今治ＴＨネイビーＭＩＸ,1142.61,1371,600.0,685566.0
2025-10-21,14,◎ミニ羊羹　煉,1142.61,1371,91.0,103978.0
2025-10-21,14,ペプシコーラ　６００,1142.61,1371,130.0,148539.0
2025-10-21,14,無香料ケープ　ＳＨ　小,1142.61,1371,300.0,342783.0
2025-10-21,14,◎贅沢バウムクーヘン,1142.61,1371,202.0,230807.0
2025-10-21,14,◎とろけるチョコミントＣ,1142.61,1371,139.0,158823.0
2025-10-21,14,◎４種のフルーツケーキ,1142.61,1371,156.0,178247.0
2025-10-21,14,バナナバウムクーヘン,1142.61,1371,139.0,158823.0
2025-10-21,14,さらさらシートせっけん,1142.61,1371,295.0,337070.0
2025-10-21,14,ベースブレッドシナモン,1142.61,1371,260.0,297079.0
2025-10-21,14,ビオレふくだけＣうるおい,1142.61,1371,341.0,389630.0
2025-10-21,14,ベースブレッドチョコ,1142.61,1371,260.0,297079.0
2025-10-21,14,ベースブレッドメープル,1142.61,1371,260.0,297079.0
2025-10-21,14,天然水きりっとヨグ,1142.61,1371,159.0,181675.0
2025-10-21,14,Ｆリーフィアロールケーキ,1142.61,1371,165.0,188531.0
2025-10-21,14,梅のり巻,1142.61,1371,142.0,162251.0
2025-10-21,14,耐風ビニール傘６５,1142.61,1371,705.0,805540.0
2025-10-21,14,ＣＷワンタッチ開閉折傘,1142.61,1371,2014.0,2301217.0
2025-10-21,14,レインコートＬ,1142.61,1371,687.0,784973.0
2025-10-21,14,アクオグリーンミント,1142.61,1371,170.0,194244.0
2025-10-21,14,アクオクリアブルーミント,1142.61,1371,170.0,194244.0
2025-10-21,14,◎春雨スープ担々麺味,1142.61,1371,167.0,190816.0
2025-10-21,14,◎とん汁,1142.61,1371,167.0,190816.0
2025-10-21,14,Ｆレモンクリームのロール,1142.61,1371,153.0,174819.0
2025-10-21,14,クリアクリーントラベル,1142.61,1371,323.0,369063.0
2025-10-21,14,◎濃厚チョコパウンド,1142.61,1371,213.0,243376.0
2025-10-21,14,モンスターエナジーボトル,1142.61,1371,297.0,339355.0
2025-10-21,14,おっとっとうすしお味,1142.61,1371,131.0,149682.0
2025-10-21,14,チップスターＳうすしお味,1142.61,1371,144.0,164536.0
2025-10-21,14,アクエリアス５００,1142.61,1371,160.0,182818.0
2025-10-21,14,チップスターＳコンソメ味,1142.61,1371,144.0,164536.0
2025-10-21,14,サントリー天然水　２Ｌ,1142.61,1371,131.0,149682.0
2025-10-21,14,天然水１Ｌ,1142.61,1371,168.0,191958.0
2025-10-21,14,◎キャラメルコーン,1142.61,1371,119.0,135971.0
2025-10-21,14,◎ＢＳラーメン丸チキン味,1142.61,1371,119.0,135971.0
2025-10-21,14,◎天然水新潟県津南３７０,1142.61,1371,100.0,114261.0
2025-10-21,14,ＳＯＹＪＯＹ　黒ゴマ,1142.61,1371,125.0,142826.0
2025-10-21,14,◎きんつば,1142.61,1371,158.0,180532.0
2025-10-21,14,ウェルチ　１房分のぶどう,1142.61,1371,160.0,182818.0
2025-10-21,14,天然水きりっと果実,1142.61,1371,159.0,181675.0
2025-10-21,14,玉ねぎせん,1142.61,1371,158.0,180532.0
2025-10-21,14,贅沢保湿ポケットＴ,1142.61,1371,169.0,193101.0
2025-10-21,14,◎チョコミントタルト,1142.61,1371,176.0,201099.0
2025-10-21,14,◎チョコミントロール,1142.61,1371,167.0,190816.0
2025-10-21,14,◎水に流せるポケットＴ,1142.61,1371,133.0,151967.0
2025-10-21,14,◎紀州南高梅茎わかめ,1142.61,1371,158.0,180532.0
2025-10-21,14,◎種ぬきはちみつ干し梅,1142.61,1371,158.0,180532.0
2025-10-21,14,今治ＴＨ２５夏の色白,1142.61,1371,600.0,685566.0
2025-10-21,14,１本満足シリアルチョコ,1142.61,1371,152.0,173677.0
2025-10-21,14,１本満足シリアルブラック,1142.61,1371,152.0,173677.0
2025-10-21,14,爽健美茶３００,1142.61,1371,110.0,125687.0
2025-10-21,14,おーいお茶緑茶　３５０,1142.61,1371,110.0,125687.0
2025-10-21,14,１本満足シリアルホワイト,1142.61,1371,152.0,173677.0
2025-10-21,14,伊右衛門特茶,1142.61,1371,170.0,194244.0
2025-10-21,14,ヘルシア緑茶　３５０ｍｌ,1142.61,1371,180.0,205670.0
2025-10-21,14,Ｃ玄米ブラン　ブルーベリ,1142.61,1371,155.0,177105.0
2025-10-21,14,クラフトボスイタリアーノ,1142.61,1371,159.0,181675.0
2025-10-21,14,Ｃ玄米ブランメープル,1142.61,1371,155.0,177105.0
2025-10-21,14,モーニングマアムバニラ,1142.61,1371,130.0,148539.0
2025-10-21,14,◎玄米茶　６００,1142.61,1371,110.0,125687.0
2025-10-21,14,◎台湾烏龍茶　６００,1142.61,1371,110.0,125687.0
2025-10-21,14,ｉｎゼリーマルチビタミン,1142.61,1371,210.0,239948.0
2025-10-21,14,Ｃ１０００ビタミンレモン,1142.61,1371,130.0,148539.0
2025-10-21,14,◎ピーチマンゴールイボス,1142.61,1371,110.0,125687.0
2025-10-21,14,オロナミンＣ,1142.61,1371,135.0,154252.0
2025-10-21,14,ヘパリーゼＷ,1142.61,1371,276.0,315360.0
2025-10-21,14,い・ろ・は・す５４０,1142.61,1371,118.0,134828.0
2025-10-21,14,カロリＭハーフチーズ味,1142.61,1371,110.0,125687.0
2025-10-21,14,クラフトボス　ミルクラテ,1142.61,1371,166.0,189673.0
2025-10-21,14,伊右衛門　６００,1142.61,1371,158.0,180532.0
2025-10-21,14,午後の紅茶　ミルクティー,1142.61,1371,160.0,182818.0
2025-10-21,14,◎オレンジ香アールグレイ,1142.61,1371,110.0,125687.0
2025-10-21,14,きのこベーコン醤油パスタ,1142.61,1371,434.0,495893.0
2025-10-21,14,小岩井　Ｔｈｅカフェオレ,1142.61,1371,159.0,181675.0
2025-10-21,14,おーいお茶濃く香るほうじ,1142.61,1371,158.0,180532.0
2025-10-21,14,クラフトボスブラック,1142.61,1371,149.0,170249.0
2025-10-21,14,ウィルキンソン　レモン,1142.61,1371,112.0,127972.0
2025-10-21,14,クラフトボス　ラテ,1142.61,1371,159.0,181675.0
2025-10-21,14,除菌アルコールタオル,1142.61,1371,238.0,271941.0
2025-10-21,14,１００％　オレンジ,1142.61,1371,168.0,191958.0
2025-10-21,14,カルピス　ザ　リッチ,1142.61,1371,160.0,182818.0
2025-10-21,14,フェイシャルペーパー,1142.61,1371,250.0,285652.0
2025-10-21,14,ｉｎバーザクザクビター,1142.61,1371,170.0,194244.0
2025-10-21,14,ｉｎバー　ベイクドチョコ,1142.61,1371,170.0,194244.0
2025-10-21,14,カシミヤＥＸポケット,1142.61,1371,162.0,185103.0
2025-10-21,14,カロリＭハーフチョコ,1142.61,1371,110.0,125687.0
2025-10-21,14,アイルＣＲ電子ライター,1142.61,1371,159.0,181675.0
2025-10-21,14,カロリーＭハーフフルーツ,1142.61,1371,110.0,125687.0
2025-10-21,14,◎有機栽培の恵み天津甘栗,1142.61,1371,165.0,188531.0
2025-10-21,14,アクエリアス　９５０,1142.61,1371,166.0,189673.0
2025-10-21,14,はだおもい２３ｃｍ,1142.61,1371,253.0,289080.0
2025-10-21,14,コンパクトＳ３０．５ｃｍ,1142.61,1371,230.0,262800.0
2025-10-21,14,イーラインマスクピンク,1142.61,1371,299.0,341640.0
2025-10-21,14,プリングルズサワクリＳ,1142.61,1371,158.0,180532.0
2025-10-21,14,スタイルフィットグレー,1142.61,1371,410.0,468470.0
2025-10-21,14,スタイルフィットＯＬ,1142.61,1371,410.0,468470.0
2025-10-21,14,じゃがビーバターしょうゆ,1142.61,1371,164.0,187388.0
2025-10-21,14,ストロングサワーＣオニオ,1142.61,1371,155.0,177105.0
2025-10-21,14,超快適マスクふつう,1142.61,1371,350.0,399913.0
2025-10-21,14,超快適マスクやや大きめ,1142.61,1371,350.0,399913.0
2025-10-21,14,超快適マスク小さめ,1142.61,1371,350.0,399913.0
2025-10-21,14,７ＤＡＹＳマスク大きめ,1142.61,1371,298.0,340498.0
2025-10-21,14,◎香ばしいバタピー,1142.61,1371,167.0,190816.0
2025-10-21,14,フリクションノックＢＫ,1142.61,1371,230.0,262800.0
2025-10-21,14,◎薫製したうずらたまご,1142.61,1371,249.0,284510.0
2025-10-21,14,富士通ＰＲＥ　単４－４Ｐ,1142.61,1371,528.0,603298.0
2025-10-21,14,◎素焼きミックスナッツ,1142.61,1371,360.0,411340.0
2025-10-21,14,◎ＰＣ濃いめのり塩,1142.61,1371,139.0,158823.0
2025-10-21,14,◎ハンディウェットティシ,1142.61,1371,117.0,133685.0
2025-10-21,14,グリーンダカラ麦茶６８０,1142.61,1371,148.0,169106.0
2025-10-21,14,◎ジュワっとした塩バター,1142.61,1371,130.0,148539.0
2025-10-21,14,ベースブレッドミルク,1142.61,1371,260.0,297079.0
2025-10-21,14,メビウス・ワン・ＢＯＸ,1142.61,1371,528.0,603298.0
2025-10-21,14,カントリーＭミニバニラ,1142.61,1371,121.0,138256.0
2025-10-21,14,ミニたべっ子塩バター味,1142.61,1371,160.0,182818.0
2025-10-21,14,ｅ－ｍａのどグレープ小袋,1142.61,1371,118.0,134828.0
2025-10-21,14,金のミルク小袋,1142.61,1371,138.0,157680.0
2025-10-21,14,塩分チャージタブ小袋塩レ,1142.61,1371,140.0,159965.0
2025-10-21,14,ネオＣＬタバコハイパー用,1142.61,1371,455.0,519888.0
2025-10-21,14,キャメルクラフト６,1142.61,1371,410.0,468470.0
2025-10-21,14,ＭＶＧパープルＭウィズ,1142.61,1371,546.0,623865.0
2025-10-21,14,ＭＶアップルＯＰプルーム,1142.61,1371,455.0,519888.0
2025-10-21,14,ＭＶシャープＣＭプルーム,1142.61,1371,455.0,519888.0
2025-10-21,14,◎チョコチップクッキー,1142.61,1371,128.0,146254.0
2025-10-21,14,ＭＶディープＲプルーム,1142.61,1371,455.0,519888.0
2025-10-21,14,◎ちいさなオールレーズン,1142.61,1371,128.0,146254.0
2025-10-21,14,◎ガトーショコラ風チョコ,1142.61,1371,165.0,188531.0
2025-10-21,14,ＭＶペア―ＯＰプルーム,1142.61,1371,455.0,519888.0
2025-10-21,14,ベースブレッドこしあん,1142.61,1371,276.0,315360.0
2025-10-21,14,ベースブレッドオレンジ,1142.61,1371,276.0,315360.0
2025-10-21,14,◎スティックサラミ,1142.61,1371,110.0,125687.0
2025-10-21,14,◎おつまみイカフライ,1142.61,1371,110.0,125687.0
2025-10-21,14,週刊　モーニング,1142.61,1371,428.0,489037.0
2025-10-21,14,ジャパンニューズ,1142.61,1371,137.0,156538.0
2025-10-21,14,スポーツ報知東日本,1142.61,1371,164.0,187388.0
2025-10-21,14,東京新聞,1142.61,1371,128.0,146254.0
2025-10-21,14,毎日新聞,1142.61,1371,146.0,166821.0
2025-10-21,14,茨城新聞,1142.61,1371,137.0,156538.0
2025-10-21,14,堅ぶつ揚げとうもろこし味,1142.61,1371,128.0,146254.0
2025-10-21,14,ガルボつぶ練り苺ＰＫＰ,1142.61,1371,175.0,199957.0
2025-10-21,14,テリアフュージョンＭ,1142.61,1371,528.0,603298.0
2025-10-21,14,テリアブラックイエローＭ,1142.61,1371,528.0,603298.0
2025-10-21,14,チョコあーんぱん袋,1142.61,1371,121.0,138256.0
2025-10-21,14,産経新聞,1142.61,1371,128.0,146254.0
2025-10-21,14,タフグミ梅マニア,1142.61,1371,238.0,271941.0
2025-10-21,14,テリアトロピカルＭ,1142.61,1371,528.0,603298.0
2025-10-21,14,ＡｐｐｌｅＧＣ＿ＶＡＲ,1142.61,1371,3250.0,3713482.0
2025-10-21,14,ラッキーＥＸカット６,1142.61,1371,428.0,489037.0
2025-10-21,14,キャメルリッチプルーム,1142.61,1371,455.0,519888.0
2025-10-21,14,ソイチキン根菜ラップ,1142.61,1371,369.0,421623.0
2025-10-21,14,ガルボポケットパック,1142.61,1371,175.0,199957.0
2025-10-21,14,クランキーＰＪクランチＣ,1142.61,1371,175.0,199957.0
2025-10-21,14,センティアＴイエロー,1142.61,1371,482.0,550738.0
2025-10-21,14,◎カリカリ梅赤小袋,1142.61,1371,184.0,210240.0
2025-10-21,14,一番搾りホワイト３５０,1142.61,1371,216.0,246804.0
2025-10-21,14,未来のレサワプレーン３４,1142.61,1371,271.0,309647.0
2025-10-21,14,ガーナザクほろ塩ミルＰＪ,1142.61,1371,177.0,202242.0
2025-10-21,14,ひとくちルマンド,1142.61,1371,162.0,185103.0
2025-10-21,14,センティアＳゴールド,1142.61,1371,482.0,550738.0
2025-10-21,14,スニッカーズピーナッツ,1142.61,1371,150.0,171391.0
2025-10-21,14,◎こだわりのフィナンシェ,1142.61,1371,135.0,154252.0
2025-10-21,14,ツナたまごサンド,1142.61,1371,246.0,281082.0
2025-10-21,14,ちびサワーズドリンクアソ,1142.61,1371,211.0,241091.0
2025-10-21,14,メントスグレープ,1142.61,1371,120.0,137113.0
2025-10-21,14,スッパイスッパイマン大作,1142.61,1371,139.0,158823.0
2025-10-21,14,ミンティアＢ濃苺,1142.61,1371,211.0,241091.0
2025-10-21,14,シゲキックス梅ソルト味,1142.61,1371,120.0,137113.0
2025-10-21,14,植物生まれマスカットグミ,1142.61,1371,148.0,169106.0
2025-10-21,14,ザ・クレープ　生チョコ,1142.61,1371,230.0,262800.0
2025-10-21,14,さけるチーズプレーン,1142.61,1371,141.0,161108.0
2025-10-21,14,ナカミグミもも味,1142.61,1371,168.0,191958.0
2025-10-21,14,◎生コッペパン（ツナ＆ポ,1142.61,1371,149.0,170249.0
2025-10-21,14,◎いちごモッチ,1142.61,1371,139.0,158823.0
2025-10-21,14,◎アップルクリームデニッ,1142.61,1371,135.0,154252.0
2025-10-21,14,◎たっぷりクリームデニッ,1142.61,1371,116.0,132543.0
2025-10-21,14,クロレッツＸＰ　オリジナ,1142.61,1371,180.0,205670.0
2025-10-21,14,ミンティアドライハード,1142.61,1371,105.0,119974.0
2025-10-21,14,ミンティアＢシャイニーピ,1142.61,1371,211.0,241091.0
2025-10-21,14,果汁グミぶどう,1142.61,1371,152.0,173677.0
2025-10-21,14,ピュレグミレモン味,1142.61,1371,150.0,171391.0
2025-10-21,14,◎サラダチキンＳハーブ,1142.61,1371,172.0,196529.0
2025-10-21,14,◎グリルチキンＢＰ,1142.61,1371,221.0,252517.0
2025-10-21,14,野菜生活シークヮーサー,1142.61,1371,118.0,134828.0
2025-10-21,14,トマトジュース食塩無添加,1142.61,1371,113.0,129115.0
2025-10-21,14,エッセンシャルズ鉄分,1142.61,1371,152.0,173677.0
2025-10-21,14,エッセンシャルズビタミン,1142.61,1371,152.0,173677.0
2025-10-21,14,ネクターピーチティー,1142.61,1371,193.0,220524.0
2025-10-21,14,◎カフェラテ　砂糖不使用,1142.61,1371,181.0,206812.0
2025-10-21,14,のむフルーチェイチゴ,1142.61,1371,249.0,284510.0
2025-10-21,14,◎のむヨーグルトいちご,1142.61,1371,162.0,185103.0
2025-10-21,14,ＯＡＴＳＩＤＥプレーン,1142.61,1371,128.0,146254.0
2025-10-21,14,激シゲキックスソーダ,1142.61,1371,120.0,137113.0
2025-10-21,14,◎サラダチキンＳスモーク,1142.61,1371,172.0,196529.0
2025-10-21,14,ブレンドＳ,1142.61,1371,135.0,154252.0
2025-10-21,14,◎グリルチキンやきとり,1142.61,1371,221.0,252517.0
2025-10-21,14,アイスコーヒーＳ,1142.61,1371,135.0,154252.0
2025-10-21,14,◎おつまみかまぼこチーズ,1142.61,1371,173.0,197672.0
2025-10-21,14,◎豆腐と枝豆のひじき和え,1142.61,1371,239.0,273084.0
2025-10-21,14,◎特製ダレの味付けたまご,1142.61,1371,304.0,347353.0
2025-10-21,14,豚しゃぶのパスタサラダ,1142.61,1371,369.0,421623.0
2025-10-21,14,豚しゃぶおろしパスタサラ,1142.61,1371,369.0,421623.0
2025-10-21,14,彩りサラダチキンサンド,1142.61,1371,399.0,455901.0
2025-10-21,14,ゆでたまご＆ハムミックス,1142.61,1371,323.0,369063.0
2025-10-21,14,焦がし醤油風グリルチキン,1142.61,1371,369.0,421623.0
2025-10-21,14,ラッキーＥＸカット１０,1142.61,1371,428.0,489037.0
2025-10-21,14,◎チョコツイスト３本入,1142.61,1371,144.0,164536.0
2025-10-21,14,生ハムとルッコラ,1142.61,1371,462.0,527886.0
2025-10-21,14,◎生コッペパン（ダブルピ,1142.61,1371,135.0,154252.0
2025-10-21,14,おいしい牛乳２００ＭＬ,1142.61,1371,133.0,151967.0
2025-10-21,14,◎白生クリームパン（ダブ,1142.61,1371,147.0,167964.0
2025-10-21,14,◎炙りいかそうめん,1142.61,1371,193.0,220524.0
2025-10-21,14,Ｗ・Ｃホワイト１・１００,1142.61,1371,491.0,561022.0
2025-10-21,14,チップスターＳ梅しそ味,1142.61,1371,158.0,180532.0
2025-10-21,14,◎フランクロール,1142.61,1371,184.0,210240.0
2025-10-21,14,メビＰメンＯＰＰ８,1142.61,1371,528.0,603298.0
2025-10-21,14,今治ＴＨ千鳥,1142.61,1371,600.0,685566.0
2025-10-21,14,つかめる実験！ふしぎ玉,1142.61,1371,180.0,205670.0
2025-10-21,14,三次元マスクふつう,1142.61,1371,350.0,399913.0
2025-10-21,14,メビウスＥＸＬＢ,1142.61,1371,528.0,603298.0
2025-10-21,14,グミチョコ苺,1142.61,1371,233.0,266228.0
2025-10-21,14,マカダミアＰＪカラメリゼ,1142.61,1371,175.0,199957.0
2025-10-21,14,たべっ子ラムネレモン味,1142.61,1371,150.0,171391.0
2025-10-21,14,ポテトＣおたくのマヨ味,1142.61,1371,190.0,217096.0
2025-10-21,14,ケントＮＳインテンスリＦ,1142.61,1371,500.0,571305.0
2025-10-21,14,メビウスＥＭＯＰＰ１Ｓ,1142.61,1371,455.0,519888.0
2025-10-21,14,３色そぼろ＆チキン南蛮弁,1142.61,1371,580.0,662714.0
2025-10-21,14,海苔巻おかき,1142.61,1371,228.0,260515.0
2025-10-21,14,レジ袋４５号,1142.61,1371,7.0,7998.0
2025-10-21,14,◎マシマシ紅しょうがせん,1142.61,1371,119.0,135971.0
2025-10-21,14,◎おこめチップスのりしお,1142.61,1371,249.0,284510.0
2025-10-21,14,メビウス１・１００ＢＯＸ,1142.61,1371,528.0,603298.0
2025-10-21,14,◎ミニクッキー,1142.61,1371,128.0,146254.0
2025-10-21,14,グリーンガム,1142.61,1371,138.0,157680.0
2025-10-21,14,◎黒ごまミニアスパラガス,1142.61,1371,119.0,135971.0
2025-10-21,14,健康のど飴梅小袋,1142.61,1371,128.0,146254.0
2025-10-21,14,メビＰメンＯＰＰ５,1142.61,1371,528.0,603298.0
2025-10-21,14,富士通ＰＲＥ　単３－４Ｐ,1142.61,1371,528.0,603298.0
2025-10-21,14,オリオンドラフト３５０,1142.61,1371,216.0,246804.0
2025-10-21,14,週刊少年マガジン,1142.61,1371,364.0,415910.0
2025-10-21,14,ｉｎバープロテインバニラ,1142.61,1371,170.0,194244.0
2025-10-21,14,◎ひとくちこしあん大福５,1142.61,1371,156.0,178247.0
2025-10-21,14,ミルク餅,1142.61,1371,130.0,148539.0
2025-10-21,14,◎有明産の海苔,1142.61,1371,121.0,138256.0
2025-10-21,14,まるごとりんごのど飴小袋,1142.61,1371,128.0,146254.0
2025-10-21,14,キットカットバー,1142.61,1371,140.0,159965.0
2025-10-21,14,グミだよ。レモネード味,1142.61,1371,166.0,189673.0
2025-10-21,14,カンデミーナＷ電撃ライチ,1142.61,1371,200.0,228522.0
2025-10-21,14,◎スパイシービーフジャー,1142.61,1371,156.0,178247.0
2025-10-21,14,ＢＳラーメンおつまみ,1142.61,1371,131.0,149682.0
2025-10-21,14,ケントトゥルータバコ,1142.61,1371,437.0,499321.0
2025-10-21,14,フェットチーネＰピーチパ,1142.61,1371,148.0,169106.0
2025-10-21,14,◎超暴君ハバネロ,1142.61,1371,128.0,146254.0
2025-10-21,14,◎ノアールミニ,1142.61,1371,119.0,135971.0
2025-10-21,14,スティックのりＰＩＴ,1142.61,1371,232.0,265086.0
2025-10-21,14,ケントＴリッチタバコ,1142.61,1371,437.0,499321.0
2025-10-21,14,クロレッツＸＰシャープミ,1142.61,1371,180.0,205670.0
2025-10-21,14,クールループド,1142.61,1371,455.0,519888.0
2025-10-21,14,ラーク・マイルド・ＢＯＸ,1142.61,1371,491.0,561022.0
2025-10-21,14,週　刊　プ　ロ　レ　ス,1142.61,1371,573.0,654716.0
2025-10-21,14,◎しっとりバウムクーヘン,1142.61,1371,167.0,190816.0
2025-10-21,14,◎つぶあんどら焼き,1142.61,1371,144.0,164536.0
2025-10-21,14,今治ＴＨドット／黒青,1142.61,1371,600.0,685566.0
2025-10-21,14,アメスピＯＬゴールド,1142.61,1371,382.0,436477.0
2025-10-21,14,ビッグ　コミック,1142.61,1371,437.0,499321.0
2025-10-21,14,グランドジャンプ,1142.61,1371,437.0,499321.0
2025-10-21,14,◎ばかうけたっぷり青のり,1142.61,1371,110.0,125687.0
2025-10-21,14,ニベアディープモイスチャ,1142.61,1371,533.0,609011.0
2025-10-21,14,ホロチャージホロライブＧ,1142.61,1371,260.0,297079.0
2025-10-21,14,トロピカーナオレンジ,1142.61,1371,150.0,171391.0
2025-10-21,14,１本満足プロテインチョコ,1142.61,1371,171.0,195386.0
2025-10-21,14,プロテインバー　チョコ,1142.61,1371,180.0,205670.0
2025-10-21,14,堅あげポテトうすしお味,1142.61,1371,179.0,204527.0
2025-10-21,14,氷結グレープフルーツ３５,1142.61,1371,168.0,191958.0
2025-10-21,14,読売新聞,1142.61,1371,164.0,187388.0
2025-10-21,14,週刊ベースボール,1142.61,1371,564.0,644432.0
2025-10-21,14,明治Ｒ－１ドリンク,1142.61,1371,149.0,170249.0
2025-10-21,14,◎瀬戸内レモンピール,1142.61,1371,167.0,190816.0
2025-10-21,14,雑貨（雑誌便）,1142.61,1371,2490.0,2845099.0
2025-10-21,14,マルボロ・メン４Ｂ,1142.61,1371,546.0,623865.0
2025-10-21,14,Ｗ・Ｃレッド８・ＢＯＸ,1142.61,1371,491.0,561022.0
2025-10-21,14,ネオＢワイルドベリー,1142.61,1371,455.0,519888.0
2025-10-21,14,ポリッピーしお味,1142.61,1371,120.0,137113.0
2025-10-21,14,特撰月餅,1142.61,1371,140.0,159965.0
2025-10-21,14,ＭＶＰＧフローズンウィズ,1142.61,1371,546.0,623865.0
2025-10-21,14,ふわもち生大福　コーヒー,1142.61,1371,138.0,157680.0
2025-10-21,14,ラー油四川風麻婆焼そば,1142.61,1371,499.0,570162.0
2025-10-21,14,サラサクリップ　赤,1142.61,1371,99.0,113118.0
2025-10-21,14,エボコールドＭ　ＰＬＭ,1142.61,1371,500.0,571305.0
2025-10-21,14,べスティＥＸ首振り,1142.61,1371,100.0,114261.0
2025-10-21,14,野菜スティック味噌マヨ,1142.61,1371,276.0,315360.0
2025-10-21,14,冷たい明太カルボナーラ,1142.61,1371,499.0,570162.0
2025-10-21,14,フレッシュ野菜サラダ,1142.61,1371,199.0,227379.0
2025-10-21,14,ミニチーズおかきお好み焼,1142.61,1371,147.0,167964.0
2025-10-21,14,メビウスＥＯＰＰ８,1142.61,1371,455.0,519888.0
2025-10-21,14,週刊少年サンデー,1142.61,1371,346.0,395343.0
2025-10-21,14,セロテープ小巻直線カッタ,1142.61,1371,220.0,251374.0
2025-10-21,14,メビウスＢ,1142.61,1371,528.0,603298.0
2025-10-21,14,洗顔シート　石けんの香り,1142.61,1371,246.0,281082.0
2025-10-21,14,ラーク・ＢＯＸ,1142.61,1371,491.0,561022.0
2025-10-21,14,日刊ゲンダイ　通常版,1142.61,1371,164.0,187388.0
2025-10-21,14,ＡｐｐｌｅＧＣ　ＶＡＲ,1142.61,1371,5000.0,5713050.0
2025-10-21,14,ＭＶマスカットＯＰＰＬＭ,1142.61,1371,455.0,519888.0
2025-10-21,14,タフグミｍｉｎｉデュオ,1142.61,1371,238.0,271941.0
2025-10-21,14,フェイシャルＰアイス,1142.61,1371,250.0,285652.0
2025-10-21,14,パリジャンサンドハムチズ,1142.61,1371,323.0,369063.0
2025-10-21,14,レインボーキューブグミ,1142.61,1371,198.0,226237.0
2025-10-21,14,冷しとろろそば,1142.61,1371,508.0,580446.0
2025-10-21,14,メビウス１００Ｂ,1142.61,1371,528.0,603298.0
2025-10-21,14,◎グリルチキン梅しそ,1142.61,1371,221.0,252517.0
2025-10-21,14,午後の紅茶　ストレート,1142.61,1371,160.0,182818.0
2025-10-21,14,ネオアイスドＭハイパー,1142.61,1371,455.0,519888.0
2025-10-21,14,じゃがりこＬ明太もんじゃ,1142.61,1371,218.0,249089.0
2025-10-21,14,◎ふんわりカステラ,1142.61,1371,119.0,135971.0
2025-10-21,14,プロテインピーナッツバタ,1142.61,1371,249.0,284510.0
2025-10-21,14,ＭＶアロマＲプルーム,1142.61,1371,473.0,540455.0
2025-10-21,14,さけるチーズとうがらし味,1142.61,1371,141.0,161108.0
2025-10-21,14,◎麻辣花生,1142.61,1371,128.0,146254.0
2025-10-21,14,無限そら豆濃塩ポーク,1142.61,1371,158.0,180532.0
2025-10-21,14,ＡｐｐｌｅＧＣ１．５千,1142.61,1371,1500.0,1713915.0
2025-10-21,14,冷シート　フローラル,1142.61,1371,462.0,527886.0
2025-10-21,14,ポカリスエット５００,1142.61,1371,150.0,171391.0
2025-10-21,14,ポッキーチョコレート,1142.61,1371,207.0,236520.0
2025-10-21,14,メビウスＥ６　１００Ｓ,1142.61,1371,455.0,519888.0
2025-10-21,14,オイコス　ストロベリー,1142.61,1371,189.0,215953.0
2025-10-21,14,センティアＣグリーン,1142.61,1371,482.0,550738.0
2025-10-21,14,デイリースポーツ,1142.61,1371,146.0,166821.0
2025-10-21,14,ハムレタスたまごサンド,1142.61,1371,265.0,302792.0
2025-10-21,14,◎高地栽培バナナ１本,1142.61,1371,130.0,148539.0
2025-10-21,14,ＣＷ晴雨兼用ミニ折傘,1142.61,1371,2014.0,2301217.0
2025-10-21,14,濃い大満足みかん,1142.61,1371,239.0,273084.0
2025-10-21,14,塩分チャージタブレッツ,1142.61,1371,238.0,271941.0
2025-10-21,14,ケントＴベリーブースト,1142.61,1371,437.0,499321.0
2025-10-21,14,朝日新聞,1142.61,1371,164.0,187388.0
2025-10-21,14,１９６無糖Ｗパイン３５,1142.61,1371,161.0,183960.0
2025-10-21,14,ケントＮＳブライトタバコ,1142.61,1371,500.0,571305.0
2025-10-21,14,◎グリルチキンゆず七味,1142.61,1371,221.0,252517.0
2025-10-21,14,エボベリーＣＲ　ＰＬＭ,1142.61,1371,500.0,571305.0
2025-10-21,14,メビウスＳＬＢ,1142.61,1371,528.0,603298.0
2025-10-21,14,エボディープＲ　ＰＬＭ,1142.61,1371,500.0,571305.0
2025-10-21,14,ＳｐｏｒｔｓＧｒａｐｈｉ,1142.61,1371,746.0,852387.0
2025-10-21,14,少年チャンピオン,1142.61,1371,364.0,415910.0
2025-10-21,14,紳士リブＳ黒,1142.61,1371,390.0,445618.0
2025-10-21,14,文庫,1142.61,1371,600.0,685566.0
2025-10-21,14,ヤング　ジャンプ,1142.61,1371,428.0,489037.0
2025-10-21,14,フリスクペパーミント,1142.61,1371,235.0,268513.0
2025-10-21,14,テリアルビーレギュラー,1142.61,1371,528.0,603298.0
2025-10-21,14,週　刊　新　潮,1142.61,1371,464.0,530171.0
2025-10-21,14,◎２種の醤油仕上げ柿ピー,1142.61,1371,167.0,190816.0
2025-10-21,14,三次元マスク大きめ,1142.61,1371,350.0,399913.0
2025-10-21,14,顔体用シート　ゴミポケ,1142.61,1371,280.0,319931.0
2025-10-21,14,炙り焼　鳥めし弁当,1142.61,1371,526.0,601013.0
2025-10-21,14,今治ＴＨ　ハート,1142.61,1371,637.0,727843.0
2025-10-21,14,スポニチ東日本,1142.61,1371,164.0,187388.0
2025-10-21,14,ざるそば,1142.61,1371,417.0,476468.0
2025-10-21,14,◎塩揚げ餅,1142.61,1371,128.0,146254.0
2025-10-21,14,ラッキーＳベリーＢ,1142.61,1371,391.0,446761.0
2025-10-21,14,◎チョコチップスコーン,1142.61,1371,149.0,170249.0
2025-10-21,14,週　刊　実　話,1142.61,1371,519.0,593015.0
2025-10-21,14,チ－ズインカレ－ハンバ－,1142.61,1371,184.0,210240.0
2025-10-21,14,マルボロミディアムＢＯＸ,1142.61,1371,546.0,623865.0
2025-10-21,14,ＧＰｌａｙバリアブル,1142.61,1371,3000.0,3427830.0
2025-10-21,14,ソフトワン使い切り１回分,1142.61,1371,121.0,138256.0
2025-10-21,14,ソルティライチ,1142.61,1371,163.0,186245.0
2025-10-21,14,果汁グミ弾力プラスいちご,1142.61,1371,225.0,257087.0
2025-10-21,14,綴じノートＢ５Ａ罫,1142.61,1371,208.0,237663.0
2025-10-21,14,ニッカン東日本（日刊スポ,1142.61,1371,164.0,187388.0
2025-10-21,14,クリニカハミガキ　ミニ,1142.61,1371,91.0,103978.0
2025-10-21,14,アメリカヘアピン,1142.61,1371,280.0,319931.0
2025-10-21,14,午後の紅茶おいしい無糖,1142.61,1371,158.0,180532.0
2025-10-21,14,折りたたみセットコーム,1142.61,1371,491.0,561022.0
2025-10-21,14,極冷感　フリージア,1142.61,1371,462.0,527886.0
2025-10-21,14,回転焼（抹茶あん）２個入,1142.61,1371,147.0,167964.0
2025-10-21,14,冷しぶっかけ豚肉うどん,1142.61,1371,554.0,633006.0
2025-10-21,14,クリニカトラベルセット,1142.61,1371,330.0,377061.0
2025-10-21,14,かっぱえびせん鳴門の塩,1142.61,1371,158.0,180532.0
2025-10-21,14,プレミアムルック清水白桃,1142.61,1371,270.0,308505.0
2025-10-21,14,ポテトチップス大人の夏味,1142.61,1371,158.0,180532.0
2025-10-21,14,フリスクＣＢフレッシュＭ,1142.61,1371,278.0,317646.0
2025-10-21,14,◎あたりめ　小,1142.61,1371,147.0,167964.0
2025-10-21,14,ハッピーターンスパイス,1142.61,1371,120.0,137113.0
2025-10-21,14,◎チョコマカダミアクッキ,1142.61,1371,184.0,210240.0
2025-10-21,14,アイスコーヒーＭ,1142.61,1371,223.0,254802.0
2025-10-21,14,Ｆ謹製塩豆大福,1142.61,1371,167.0,190816.0
2025-10-21,14,◎トルティーヤＣタコス味,1142.61,1371,128.0,146254.0
2025-10-21,14,ミニ冷し中華,1142.61,1371,369.0,421623.0
2025-10-21,14,競馬ブック,1142.61,1371,500.0,571305.0
2025-10-21,14,週刊　漫画タイムス,1142.61,1371,364.0,415910.0
2025-10-21,14,ＢＳおつまみ激辛チキン,1142.61,1371,136.0,155395.0
2025-10-21,14,東スポ競馬特別版,1142.61,1371,228.0,260515.0
2025-10-21,14,キャメルクラフト１２,1142.61,1371,410.0,468470.0
2025-10-21,14,メビウスＳＴ１　１００,1142.61,1371,528.0,603298.0
2025-10-21,14,アロンアルフア速効多用途,1142.61,1371,501.0,572448.0
2025-10-21,14,◎風味が豊かなチーズ鱈小,1142.61,1371,172.0,196529.0
2025-10-21,14,ライトニング用イヤホン,1142.61,1371,3255.0,3719196.0
2025-10-21,14,ＭＶＭミントＭプルーム,1142.61,1371,455.0,519888.0
2025-10-21,14,◎春雨スープかきたま,1142.61,1371,167.0,190816.0
2025-10-21,14,ピアニシモ・プレシアメン,1142.61,1371,519.0,593015.0
2025-10-21,14,ハイマッキー　太字　黒,1142.61,1371,136.0,155395.0
2025-10-21,14,ミックスアイス,1142.61,1371,464.0,530171.0
2025-10-21,14,コミック,1142.61,1371,520.0,594157.0
2025-10-21,14,海味鮮,1142.61,1371,120.0,137113.0
2025-10-21,14,漫　画　ゴラク,1142.61,1371,500.0,571305.0
2025-10-21,14,ビッグコミックオリジナル,1142.61,1371,437.0,499321.0
2025-10-21,14,もっちりクリームロール,1142.61,1371,313.0,357637.0
2025-10-21,14,塩チョコタルト,1142.61,1371,258.0,294793.0
2025-10-21,14,雑誌（地元発行紙）,1142.61,1371,228.0,260515.0
2025-10-21,14,アクアリッチ　エッセンス,1142.61,1371,880.0,1005497.0
2025-10-21,14,ベロブリージーマンゴーＭ,1142.61,1371,291.0,332500.0
2025-10-21,14,噛むブレスケアレモン,1142.61,1371,385.0,439905.0
2025-10-21,14,月刊　少年マガジン,1142.61,1371,637.0,727843.0
2025-10-21,14,マッキー　極細　黒,1142.61,1371,111.0,126830.0
2025-10-21,14,ネオＢレッドフルーツ,1142.61,1371,455.0,519888.0
2025-10-21,14,技のこだ割り濃厚醤油,1142.61,1371,138.0,157680.0
2025-10-21,14,さけるチーズスモーク味,1142.61,1371,141.0,161108.0
2025-10-21,14,冷シート　無香,1142.61,1371,462.0,527886.0
2025-10-21,14,大盛　明太子スパゲティ,1142.61,1371,554.0,633006.0
2025-10-21,14,ブレンドＭ,1142.61,1371,204.0,233092.0
2025-10-21,14,スポーツ報知,1142.61,1371,164.0,187388.0
2025-10-21,14,日刊スポーツ,1142.61,1371,164.0,187388.0
2025-10-21,14,競馬エイト,1142.61,1371,591.0,675283.0
2025-10-21,14,ゼロチョコレートクリスプ,1142.61,1371,220.0,251374.0
2025-10-21,14,◎ドライもも,1142.61,1371,276.0,315360.0
2025-10-21,14,メビウスＥＸＬ１００Ｂ,1142.61,1371,528.0,603298.0
2025-10-21,14,キャメルクラフト１,1142.61,1371,410.0,468470.0
2025-10-21,14,今治ＴＨＣグラデーション,1142.61,1371,600.0,685566.0
2025-10-21,14,今治ＴＨ　ストライプＢＧ,1142.61,1371,637.0,727843.0
2025-10-21,14,テリアメンソール１０Ｐ,1142.61,1371,5273.0,6024983.0
2025-10-21,14,オイコスドリンク　カフェ,1142.61,1371,248.0,283367.0
2025-10-21,14,明治ヨーグルトＲ－１,1142.61,1371,144.0,164536.0
2025-10-21,14,ネオＢマスカッット,1142.61,1371,455.0,519888.0
2025-10-21,14,夏ポテト紀州の南高梅味,1142.61,1371,179.0,204527.0
2025-10-21,14,ＧＰｌａｙ５０００,1142.61,1371,5000.0,5713050.0
2025-10-21,14,スパッシュラムネレモン,1142.61,1371,147.0,167964.0
2025-10-21,14,ラッキーＳトロピカルＢ,1142.61,1371,391.0,446761.0
2025-10-21,14,スフレ・プリン,1142.61,1371,306.0,349639.0
2025-10-21,14,スポーツニッポン,1142.61,1371,164.0,187388.0
2025-10-21,14,エボルタＮＥＯ単３－４Ｐ,1142.61,1371,659.0,752980.0
2025-10-21,14,アスティーグ肌　Ｌ,1142.61,1371,600.0,685566.0
2025-10-21,14,消しゴム　ＭＯＮＯ,1142.61,1371,110.0,125687.0
2025-10-21,14,キャップ付鉛筆３Ｐ,1142.61,1371,180.0,205670.0
2025-10-21,14,ケント・１・ＫＳ・ＢＯＸ,1142.61,1371,473.0,540455.0
2025-10-21,14,スーパーグリップシャープ,1142.61,1371,100.0,114261.0
2025-10-21,14,ショートＳ灰緑／白小,1142.61,1371,390.0,445618.0
2025-10-21,14,ソルティグレフルグミ,1142.61,1371,184.0,210240.0
2025-10-21,14,うまイチュウ青りんご味,1142.61,1371,127.0,145111.0
2025-10-21,14,ペタグーシャインマスカッ,1142.61,1371,150.0,171391.0
2025-10-21,14,クールマイルド・ＢＯＸ,1142.61,1371,528.0,603298.0
2025-10-21,14,マロッシュラムネ味,1142.61,1371,159.0,181675.0
2025-10-21,14,アポロマイスタイル,1142.61,1371,247.0,282225.0
2025-10-21,14,◎夏のベイクドチーズＣ,1142.61,1371,138.0,157680.0
2025-10-21,14,パイの実レアチーズケーキ,1142.61,1371,238.0,271941.0
2025-10-21,14,ビッグコミックスピリッツ,1142.61,1371,464.0,530171.0
2025-10-21,14,塩キャラメルプリン,1142.61,1371,230.0,262800.0
2025-10-21,14,クロレッツＸＰ　クリアミ,1142.61,1371,180.0,205670.0
2025-10-21,14,ライトニング電池式６本,1142.61,1371,2346.0,2680563.0
2025-10-21,14,多当仏　御霊前,1142.61,1371,87.0,99407.0
2025-10-21,14,テリヤキチキンたまごコぺ,1142.61,1371,323.0,369063.0
2025-10-21,14,ワンピデッキシャンクス,1142.61,1371,500.0,571305.0
2025-10-21,14,◎ばんそうこう３サイズ,1142.61,1371,362.0,413625.0
2025-10-21,14,◎塩キャラメルケーキタ３,1142.61,1371,167.0,190816.0
2025-10-21,14,Ｃボス　地中海スカッシュ,1142.61,1371,166.0,189673.0
2025-10-21,14,マッチ　５００,1142.61,1371,150.0,171391.0
2025-10-21,14,テリアスムースＲ１０Ｐ,1142.61,1371,5273.0,6024983.0
2025-10-21,14,こだわり酒場のレモン３５,1142.61,1371,161.0,183960.0
2025-10-21,14,狩人めしエナジードリンク,1142.61,1371,125.0,142826.0
2025-10-21,14,サントリー生ビール３５０,1142.61,1371,212.0,242233.0
2025-10-21,14,北海道生ビール３５０,1142.61,1371,216.0,246804.0
2025-10-21,14,◎やわらか燻製さきいか,1142.61,1371,184.0,210240.0
2025-10-21,14,◎とうふとわかめ,1142.61,1371,121.0,138256.0
2025-10-21,14,青磯海苔　まぐろたくあん,1142.61,1371,187.0,213668.0
2025-10-21,14,ザバスチョコレート２００,1142.61,1371,205.0,234235.0
2025-10-21,14,大粒ラムネアイスボックス,1142.61,1371,161.0,183960.0
2025-10-21,14,男梅サワー梅涼し３５０,1142.61,1371,187.0,213668.0
2025-10-21,14,もち麦　新生姜とわかめ,1142.61,1371,163.0,186245.0
2025-10-21,14,紳士くるぶし丈Ｓ黒,1142.61,1371,390.0,445618.0
2025-10-21,14,ショートＳ灰緑／白大,1142.61,1371,390.0,445618.0
2025-10-21,14,漬け真鯛おむすび,1142.61,1371,260.0,297079.0
2025-10-21,14,こってり炒飯おむすび,1142.61,1371,166.0,189673.0
2025-10-21,14,手巻寿司　ばくだん納豆,1142.61,1371,207.0,236520.0
2025-10-21,14,茶流彩彩　コーン茶,1142.61,1371,110.0,125687.0
2025-10-21,14,◎どかっとベーコンチーズ,1142.61,1371,139.0,158823.0
2025-10-21,14,ＢＩＧあらびきソーセージ,1142.61,1371,150.0,171391.0
2025-10-21,14,◎クランベリー＆チーズク,1142.61,1371,147.0,167964.0
2025-10-21,14,◎塩バターパン（チョコク,1142.61,1371,156.0,178247.0
2025-10-21,14,３種のミックスサンド,1142.61,1371,298.0,340498.0
2025-10-21,14,ネオＢトロピカルハイパー,1142.61,1371,455.0,519888.0
2025-10-21,14,ブラックＴココナッツ小袋,1142.61,1371,128.0,146254.0
2025-10-21,14,ぷっちょＳＴ瀬戸内レモン,1142.61,1371,118.0,134828.0
2025-10-21,14,みんなのレモネード,1142.61,1371,212.0,242233.0
2025-10-21,14,オレンジもちとろクリーム,1142.61,1371,184.0,210240.0
2025-10-21,14,まるごとバナナ,1142.61,1371,260.0,297079.0
2025-10-21,14,８×４ロールオンせっけん,1142.61,1371,641.0,732413.0
2025-10-21,14,ノンシュガー塩果実キャン,1142.61,1371,211.0,241091.0
2025-10-21,14,◎ふんわりとしたパンケ８,1142.61,1371,172.0,196529.0
2025-10-21,14,つくね＆鶏そぼろごはん,1142.61,1371,313.0,357637.0
2025-10-21,14,ＩＱＯＳｉＯＭブラック,1142.61,1371,3619.0,4135106.0
2025-10-21,14,◎焼きカレーパン３個入,1142.61,1371,184.0,210240.0
2025-10-21,14,プライドポテト神戸ビーフ,1142.61,1371,168.0,191958.0
2025-10-21,14,堅あげ焼きとうもろこし,1142.61,1371,179.0,204527.0
2025-10-21,14,◎Ｆボスブラック　４５０,1142.61,1371,130.0,148539.0
2025-10-21,14,コアラのマーチ練乳ミルク,1142.61,1371,177.0,202242.0
2025-10-21,14,ＰＧスパイシーチキンＳ缶,1142.61,1371,168.0,191958.0
2025-10-21,14,ハニーミルクティー,1142.61,1371,230.0,262800.0
2025-10-21,14,果汁グミすいか,1142.61,1371,152.0,173677.0
2025-10-21,14,カスタムプラスＥＸ首振り,1142.61,1371,398.0,454759.0
2025-10-21,14,ツナとたまごサンド,1142.61,1371,265.0,302792.0
2025-10-21,14,◎塩チョコフィナンシェ,1142.61,1371,167.0,190816.0
2025-10-21,14,大盛豚肉とねぎの塩焼そば,1142.61,1371,554.0,633006.0
2025-10-21,14,純連冷し味噌ラーメン,1142.61,1371,599.0,684423.0
2025-10-21,14,フルーツの沼メロン＆白桃,1142.61,1371,230.0,262800.0
2025-10-21,14,トルティーヤ豚生姜ハムチ,1142.61,1371,369.0,421623.0
2025-10-21,14,ぷっちょイカゲーム第二弾,1142.61,1371,193.0,220524.0
2025-10-21,14,Ｗ・Ｃホワイト３ＢＯＸ,1142.61,1371,491.0,561022.0
2025-10-21,14,毎日新聞（１都６県静０１,1142.61,1371,,
2025-10-21,14,東京スポーツ（１都６県静,1142.61,1371,,
2025-10-21,14,東京新聞（１都６県静０１,1142.61,1371,,
2025-10-21,14,スポーツ報知（関東東北北,1142.61,1371,,
2025-10-21,14,日刊ゲンダイ（１都６県静,1142.61,1371,,
2025-10-21,14,納豆細巻寿司（２巻増量）,1142.61,1371,389.0,444475.0
2025-10-21,14,ＪＴニューヨーク（旧：ヘ,1142.61,1371,,
2025-10-21,14,読売新聞（１都６県静０１,1142.61,1371,,
2025-10-21,14,日本経済新聞（静０５）,1142.61,1371,,
2025-10-21,14,朝日新聞（宮山梨静０５以,1142.61,1371,,
2025-10-21,14,ＴｈｅＪａｐａｎＮｅｗｓ,1142.61,1371,,
2025-10-21,14,産経新聞（宮山梨静０５以,1142.61,1371,,
2025-10-21,14,プロテインキャラメル,1142.61,1371,249.0,284510.0
2025-10-21,14,キャメルクラフトＭＢ５,1142.61,1371,410.0,468470.0
2025-10-21,14,◎どかっとテリマヨチキン,1142.61,1371,135.0,154252.0
2025-10-21,14,スポニチ（山梨静０５以外,1142.61,1371,,
2025-10-21,14,デイリースポーツ（１都６,1142.61,1371,,
2025-10-21,14,サンスポ（山梨静０５以外,1142.61,1371,,
2025-10-21,14,日刊スポ（山梨静０５以外,1142.61,1371,,
2025-10-21,14,婦人リブＳ白,1142.61,1371,390.0,445618.0
2025-10-21,14,◎こだわりのバタークッキ,1142.61,1371,239.0,273084.0
2025-10-21,14,Ｆはちみつ＆マーガリンの,1142.61,1371,147.0,167964.0
2025-10-21,14,男梅シート,1142.61,1371,200.0,228522.0
2025-10-21,14,ＧＰｌａｙ３０００,1142.61,1371,3000.0,3427830.0
2025-10-21,14,Ｓスター１０Ｂ,1142.61,1371,546.0,623865.0
2025-10-21,14,オイコス　パッションフル,1142.61,1371,189.0,215953.0
2025-10-21,14,コーヒー用氷Ｓ,1142.61,1371,,
2025-10-21,14,◎冷スープかぼちゃと人参,1142.61,1371,332.0,379347.0
2025-10-21,14,ＣＷ晴雨兼用スリム折傘,1142.61,1371,2014.0,2301217.0
2025-10-21,14,セブンスター１０Ｐ,1142.61,1371,5455.0,6232938.0
2025-10-21,14,フライドチキン＆ハンバー,1142.61,1371,555.0,634149.0
2025-10-21,14,ケントエス・スパーク５,1142.61,1371,455.0,519888.0
2025-10-21,14,Ｃ玄米ブラン贅沢ミルク,1142.61,1371,180.0,205670.0
2025-10-21,14,Ｃ玄米ブラン　カカオ,1142.61,1371,155.0,177105.0
2025-10-21,14,ブルガリアＹＯマスカット,1142.61,1371,185.0,211383.0
2025-10-21,14,激辛韓国風焼そば,1142.61,1371,510.0,582731.0
2025-10-21,14,◎フルーツＣ塩レモン,1142.61,1371,276.0,315360.0
2025-10-21,14,沖縄黒糖のブラウにゃー,1142.61,1371,220.0,251374.0
2025-10-21,14,カントリーＭ塩バニラアイ,1142.61,1371,145.0,165678.0
2025-10-21,14,シングルモルト白州１８０,1142.61,1371,1950.0,2228090.0
2025-10-21,14,週刊ＴＶガイド（関東版）,1142.61,1371,,
2025-10-21,14,その他３口座売上,1142.61,1371,649.0,741554.0
2025-10-21,14,竹箸　５００膳,1142.61,1371,,
2025-10-21,14,ＴＶＬＩＦＥ　首都圏版,1142.61,1371,,
2025-10-21,14,コーヒー用氷Ｍ,1142.61,1371,,
2025-10-21,14,ａｎａｎ（アンアン）,1142.61,1371,,
2025-10-21,14,コーヒーリッドＭ,1142.61,1371,,
2025-10-21,14,今治ＴＨフジＲ２５,1142.61,1371,637.0,727843.0
2025-10-21,14,ストローレスリッド,1142.61,1371,,
2025-10-21,14,しあわせ素肌ミニ夜用,1142.61,1371,162.0,185103.0
2025-10-21,14,ニンフィアゼリードリンク,1142.61,1371,249.0,284510.0
2025-10-21,14,新・値下シール３０円,1142.61,1371,,
2025-10-21,14,ＣＷ折りたたみ耐風傘,1142.61,1371,2014.0,2301217.0
2025-10-21,14,サンデー毎日,1142.61,1371,600.0,685566.0
2025-10-21,14,カフェカップＳ,1142.61,1371,,
2025-10-21,14,塩分チャージタブ小袋,1142.61,1371,140.0,159965.0
2025-10-21,14,週刊　女性セブン,1142.61,1371,482.0,550738.0
2025-10-21,14,第１０７回全国高校野球選,1142.61,1371,,
2025-10-21,14,お泊まりスキンケアセット,1142.61,1371,380.0,434192.0
2025-10-21,14,楽天ギフトバリアブル,1142.61,1371,10500.0,11997405.0
2025-10-21,14,ＡＥＲＡ（アエラ）,1142.61,1371,591.0,675283.0
2025-10-21,14,なめらか食感水ようかん,1142.61,1371,158.0,180532.0
2025-10-21,14,トマトベーコンパスタサラ,1142.61,1371,389.0,444475.0
2025-10-21,14,ベ　ス　ト　カ　ー,1142.61,1371,537.0,613582.0
2025-10-21,14,ポケカ拡張ステラ,1142.61,1371,164.0,187388.0
2025-10-21,14,ベロＢマンゴーＭ５Ｐ,1142.61,1371,1455.0,1662498.0
2025-10-21,14,明太マヨいか天,1142.61,1371,130.0,148539.0
2025-10-21,14,マウスＷクリア８０ＭＬ,1142.61,1371,200.0,228522.0
2025-10-21,14,こんがりパンポタージュ,1142.61,1371,170.0,194244.0
2025-10-21,14,クラフトテープ　１巻,1142.61,1371,,
2025-10-21,14,タリーズブラック３９０,1142.61,1371,158.0,180532.0
2025-10-21,14,アルバトロス・ビュー,1142.61,1371,,
2025-10-21,14,テリアレギュラー１０Ｐ,1142.61,1371,5273.0,6024983.0
2025-10-21,14,発注レジ袋１２号バイオマ,1142.61,1371,,
2025-10-21,14,ショコラ＆ホイップパイ,1142.61,1371,239.0,273084.0
2025-10-21,14,ビッグコミックスペリオー,1142.61,1371,464.0,530171.0
2025-10-21,14,ネイビーやまがた県民手帳,1142.61,1371,500.0,571305.0
2025-10-21,14,塩レモンクッキーシュー,1142.61,1371,204.0,233092.0
2025-10-21,14,アスティーグ黒　Ｍ,1142.61,1371,600.0,685566.0
2025-10-21,14,しょうが香る冷し薬味そば,1142.61,1371,,
2025-10-21,14,明太海苔弁当,1142.61,1371,555.0,634149.0
2025-10-21,14,東京スポーツ競馬特別版,1142.61,1371,,
2025-10-21,14,夏ポテト対馬の浜御塩味,1142.61,1371,179.0,204527.0
2025-10-21,14,優馬（関東山形福島）,1142.61,1371,,
2025-10-21,14,日刊競馬（関東山形福島）,1142.61,1371,,
2025-10-21,14,勝馬（関東山形福島）,1142.61,1371,,
2025-10-21,14,競友（関東福島）,1142.61,1371,,
2025-10-21,14,競馬エイト（関東福島）,1142.61,1371,,
2025-10-21,14,競馬ブック（関東山形福島,1142.61,1371,,
2025-10-21,14,馬サブロー（１都６県宮城,1142.61,1371,,
2025-10-21,14,研究（関東山形福島）,1142.61,1371,,
2025-10-21,14,リルＨリキッドＣ,1142.61,1371,73.0,83411.0
2025-10-21,14,ネックバンドイヤホン　黒,1142.61,1371,3164.0,3615218.0
2025-10-21,14,天使のチーズケーキ,1142.61,1371,230.0,262800.0
2025-10-21,14,プレジデント,1142.61,1371,,
2025-10-21,14,ＰＯＳレジロール５０巻,1142.61,1371,,
2025-10-21,14,ペーパータオルＢＳ,1142.61,1371,,
2025-10-21,14,ＪＴオンサンデー（旧：ジ,1142.61,1371,,
2025-10-21,14,コーヒーフレッシュ,1142.61,1371,,
2025-10-21,14,ダーク豆（ＵＣＣ）,1142.61,1371,,
2025-10-21,14,ピース（２０本）,1142.61,1371,546.0,623865.0
2025-10-21,14,２５０円スポーツ,1142.61,1371,228.0,260515.0
2025-10-21,14,ワンピデッキ緑黄ヤマト,1142.61,1371,500.0,571305.0
2025-10-21,14,ワンピデッキ紫黒ルフィ,1142.61,1371,500.0,571305.0
2025-10-21,14,婦人クルーＳ黒,1142.61,1371,390.0,445618.0
2025-10-21,14,ワンピデッキ　バギー,1142.61,1371,500.0,571305.0
2025-10-21,14,ハミガキハブラシセット,1142.61,1371,448.0,511889.0
2025-10-21,14,ＬストライクＢ,1142.61,1371,564.0,644432.0
2025-10-21,14,備蓄米１Ｋｇ,1142.61,1371,,
2025-10-21,14,ｉｎバー　ベイクドビター,1142.61,1371,170.0,194244.0
2025-10-21,14,２ＷＡＹマーカーピンク,1142.61,1371,180.0,205670.0
2025-10-21,14,ガムシロップ,1142.61,1371,,
2025-10-21,14,備蓄米　１ｋｇ,1142.61,1371,360.0,411340.0
2025-10-21,14,堅ぶつ旨塩,1142.61,1371,128.0,146254.0
2025-10-21,14,◎人気のミックスナッツ,1142.61,1371,360.0,411340.0
2025-10-21,14,うるおいさらっとジェル,1142.61,1371,248.0,283367.0
2025-10-21,14,ワンピデッキジュエリー,1142.61,1371,500.0,571305.0
2025-10-21,14,Ｃボス　フルーツエード,1142.61,1371,143.0,163393.0
2025-10-21,14,紅茶花伝　ミルクティー,1142.61,1371,155.0,177105.0
2025-10-21,14,週刊　プレイボーイ,1142.61,1371,591.0,675283.0
2025-10-21,14,今治ＴＨ２５春の色白,1142.61,1371,600.0,685566.0
2025-10-21,14,週　刊　大　衆,1142.61,1371,437.0,499321.0
2025-10-21,14,サクレグミレモン＆梨,1142.61,1371,208.0,237663.0
2025-10-21,14,つぶ塩梅,1142.61,1371,158.0,180532.0
2025-10-21,14,パーラメント１００ＢＯＸ,1142.61,1371,564.0,644432.0
2025-10-21,14,あの夏のラムネグミ,1142.61,1371,167.0,190816.0
2025-10-21,14,濃厚カスタードシュー,1142.61,1371,156.0,178247.0
2025-10-21,14,オレンジパンチ３５０,1142.61,1371,161.0,183960.0
2025-10-21,14,全粒粉サラダチキンたまご,1142.61,1371,369.0,421623.0
2025-10-21,14,パリジャン３種ミート,1142.61,1371,348.0,397628.0
2025-10-21,14,センテＩブラック１０Ｐ,1142.61,1371,4819.0,5506238.0
2025-10-21,14,炭火焼うなぎおむすび,1142.61,1371,369.0,421623.0
2025-10-21,14,海鮮サラダおむすび,1142.61,1371,147.0,167964.0
2025-10-21,14,おろしタツタ弁当（わかめ,1142.61,1371,598.0,683281.0
2025-10-21,14,ビーフハンバーグのロコモ,1142.61,1371,647.0,739269.0
2025-10-21,14,ＳＰＡＭ　玉子焼き,1142.61,1371,313.0,357637.0
2025-10-21,14,週刊　東洋経済,1142.61,1371,864.0,987215.0
2025-10-21,14,エ　コ　ノ　ミ　ス　ト,1142.61,1371,,
2025-10-21,14,テリアリッチＲ１０Ｐ,1142.61,1371,5273.0,6024983.0
2025-10-21,14,ＹＯＵＮＧ　ＫＩＮＧ（ヤ,1142.61,1371,464.0,530171.0
2025-10-21,14,野菜生活巨峰,1142.61,1371,118.0,134828.0
2025-10-21,14,ブーストバイツ,1142.61,1371,240.0,274226.0
2025-10-21,14,専炭治郎の抹茶クリームロ,1142.61,1371,158.0,180532.0
2025-10-21,14,銀鮭と煮物の幕の内弁当,1142.61,1371,555.0,634149.0
2025-10-21,14,鬼滅の刃フルーツオレ,1142.61,1371,249.0,284510.0
2025-10-21,14,アサイーボウルドリンク,1142.61,1371,249.0,284510.0
2025-10-21,14,◎生スコーン６個入（チー,1142.61,1371,172.0,196529.0
2025-10-21,14,サンド寿司　サーモン,1142.61,1371,334.0,381632.0
2025-10-21,14,Ｆ伊之助のほわほわ大福,1142.61,1371,125.0,142826.0
2025-10-21,14,Ｆ水柱の水まんじゅう（ラ,1142.61,1371,149.0,170249.0
2025-10-21,14,◎マラサダ（マカダミアチ,1142.61,1371,147.0,167964.0
2025-10-21,14,専胡蝶しのぶの藤色メロン,1142.61,1371,165.0,188531.0
2025-10-21,14,◎Ｆボス　ラテ　４５０,1142.61,1371,139.0,158823.0
2025-10-21,14,新Ｅプリンター用インク青,1142.61,1371,,
2025-10-21,14,◎レモネードソーダ,1142.61,1371,186.0,212525.0
2025-10-21,14,翠ジンソーダ３５０,1142.61,1371,194.0,221666.0
2025-10-21,14,ＳＰＡ！（スパ！）,1142.61,1371,573.0,654716.0
2025-10-21,14,半熟たまご大盛冷しうどん,1142.61,1371,554.0,633006.0
2025-10-21,14,ライオンカフェオレ,1142.61,1371,208.0,237663.0
2025-10-21,14,台湾風まぜそば,1142.61,1371,599.0,684423.0
2025-10-21,14,週刊女性自身,1142.61,1371,500.0,571305.0
2025-10-21,14,週刊ゴルフダイジェスト,1142.61,1371,573.0,654716.0
2025-10-21,14,クア・アイナテリチキン,1142.61,1371,369.0,421623.0
2025-10-21,14,フライドサイミン,1142.61,1371,,
2025-10-21,14,週刊アサヒ芸能,1142.61,1371,564.0,644432.0
2025-10-21,14,マカダミアパンケーキ,1142.61,1371,323.0,369063.0
2025-10-21,14,ＦＬＡＳＨ　（フラッシュ,1142.61,1371,664.0,758693.0
2025-10-21,14,ミンティアグレープ,1142.61,1371,105.0,119974.0
2025-10-21,14,健康のど飴冷やし飴小袋,1142.61,1371,138.0,157680.0
2025-10-21,14,コアラのマーチいちご,1142.61,1371,164.0,187388.0
2025-10-21,14,◎ハムエッグデニッシュ２,1142.61,1371,135.0,154252.0
2025-10-21,14,週　刊　女　性,1142.61,1371,,
2025-10-21,14,透明プリン？マンゴー？,1142.61,1371,194.0,221666.0
2025-10-21,14,青ねぎと蒸し鶏のパスタ,1142.61,1371,462.0,527886.0
2025-10-21,14,２０品目のサラダ,1142.61,1371,276.0,315360.0
2025-10-21,14,ベロＭＰミントＸインテン,1142.61,1371,310.0,354209.0
2025-10-21,14,◎りんごカスタードデニ４,1142.61,1371,167.0,190816.0
2025-10-21,14,◎ハムチーズクロワッサン,1142.61,1371,135.0,154252.0
2025-10-21,14,紳士ショートＳ黒,1142.61,1371,390.0,445618.0
2025-10-21,14,ラインＳ２５夏の色白大,1142.61,1371,390.0,445618.0
2025-10-21,14,カルピスＰマンゴーピーチ,1142.61,1371,170.0,194244.0
2025-10-21,14,ブリーフ団イカ墨まぜそば,1142.61,1371,369.0,421623.0
2025-10-21,14,江頭　激辛豚骨ラーメン,1142.61,1371,369.0,421623.0
2025-10-21,14,ラークウルトラ１・１００,1142.61,1371,491.0,561022.0
2025-10-21,14,◎ひとくち濃厚梅だれせん,1142.61,1371,139.0,158823.0
2025-10-21,14,ミニチーズおかきガーリッ,1142.61,1371,150.0,171391.0
2025-10-21,14,◎瀬戸内レモンのドーナツ,1142.61,1371,139.0,158823.0
2025-10-21,14,キリン晴れ風３５０,1142.61,1371,216.0,246804.0
2025-10-21,14,Ｇファイトシャープ芯ＨＢ,1142.61,1371,200.0,228522.0
2025-10-21,14,最強王図鑑激闘バトルグミ,1142.61,1371,193.0,220524.0
2025-10-21,14,すっぱいぶどうグミ,1142.61,1371,100.0,114261.0
2025-10-21,14,レインコートＭ,1142.61,1371,687.0,784973.0
2025-10-21,14,オイコス　レモン＆ハニー,1142.61,1371,179.0,204527.0
2025-10-21,14,４５Ｌ半透明ゴミ袋,1142.61,1371,,
2025-10-21,14,レジ従業員金庫引継ノート,1142.61,1371,,
2025-10-21,14,◎生コッペパン（ハムカツ,1142.61,1371,167.0,190816.0
2025-10-21,14,振って塩こんぶキャベツ,1142.61,1371,221.0,252517.0
2025-10-21,14,センティアＦエメラルド,1142.61,1371,482.0,550738.0
2025-10-21,14,サンカット　ＵＶスプレー,1142.61,1371,798.0,911803.0
2025-10-21,14,抹茶シベリア３個入,1142.61,1371,230.0,262800.0
2025-10-21,14,ライト豆（ＵＣＣ）,1142.61,1371,,
2025-10-21,14,ターザン,1142.61,1371,728.0,831820.0
2025-10-21,14,ジャージー牛乳プリン,1142.61,1371,178.0,203385.0
2025-10-21,14,ＡｐｐｌｅＧＣ＿５千,1142.61,1371,5000.0,5713050.0
2025-10-21,14,ベロスピッフィーＳミント,1142.61,1371,291.0,332500.0
2025-10-21,14,センテＣシルバー１０Ｐ,1142.61,1371,4819.0,5506238.0
2025-10-21,14,電卓　１２桁,1142.61,1371,1280.0,1462541.0
2025-10-21,14,ライトニングイヤホン変換,1142.61,1371,1982.0,2264653.0
2025-10-21,14,ＦＲＩＤＡＹ（フライデー,1142.61,1371,710.0,811253.0
2025-10-21,14,オレンジページ,1142.61,1371,544.0,621580.0
2025-10-21,14,ミルクソースのシフォン,1142.61,1371,369.0,421623.0
2025-10-21,14,ネオチルドＭハイパー用,1142.61,1371,455.0,519888.0
2025-10-21,14,カーセンサー東日本版,1142.61,1371,,
2025-10-21,14,Ｗｅｄｇｅ（ウェッジ）,1142.61,1371,,
2025-10-21,14,週　刊　ポ　ス　ト,1142.61,1371,519.0,593015.0
2025-10-21,14,ＵＳＢーＣ用イヤホン黒,1142.61,1371,2164.0,2472608.0
2025-10-21,14,Ｎｅｗｔｏｎ（ニュートン,1142.61,1371,1082.0,1236304.0
2025-10-21,14,パリパリ麺サラダ,1142.61,1371,369.0,421623.0
2025-10-21,14,カーセンサー首都圏版,1142.61,1371,,
2025-10-21,14,新Ｅプリンター用インク赤,1142.61,1371,,
2025-10-21,14,新Ｅプリンター用インク黒,1142.61,1371,,
2025-10-21,14,ネオＢマスカット,1142.61,1371,455.0,519888.0
2025-10-21,14,ＩＱＯＳｉＯＢブルー,1142.61,1371,3619.0,4135106.0
2025-10-21,14,クール・ＢＯＸ,1142.61,1371,528.0,603298.0
2025-10-21,14,アルカリ水クリーナ－詰替,1142.61,1371,,
2025-10-21,14,やまがた県民手帳ブラック,1142.61,1371,500.0,571305.0
2025-10-21,14,ごまだれ冷し中華,1142.61,1371,554.0,633006.0
2025-10-21,14,Ｓスター７Ｂ,1142.61,1371,546.0,623865.0
2025-10-21,14,綾鷹　濃い緑茶　６５０,1142.61,1371,158.0,180532.0
2025-10-21,14,ＵＳＢ－Ｃ電池充電器,1142.61,1371,1710.0,1953863.0
2025-10-21,14,氷結無糖スモモ３５０,1142.61,1371,168.0,191958.0
2025-10-21,14,ゼロシュガーフリーチョコ,1142.61,1371,220.0,251374.0
2025-10-21,14,トッポ,1142.61,1371,209.0,238805.0
2025-10-21,14,コーヒーリッド黒Ｓ,1142.61,1371,,
2025-10-21,14,カフェカップＭ,1142.61,1371,,
2025-10-21,14,◎フルーツミックス５００,1142.61,1371,112.0,127972.0
2025-10-21,14,◎南高梅うす塩個食,1142.61,1371,131.0,149682.0
2025-10-21,14,◎南高梅はちみつ入個食,1142.61,1371,131.0,149682.0
2025-10-21,14,◎生コッペパン（厚ぎりと,1142.61,1371,230.0,262800.0
2025-10-21,14,綾鷹　６５０,1142.61,1371,158.0,180532.0
2025-10-21,14,サントリー天然水　５５０,1142.61,1371,118.0,134828.0
2025-10-21,14,烏龍茶　６００,1142.61,1371,158.0,180532.0
2025-10-21,14,鮭わかめおむすび,1142.61,1371,139.0,158823.0
2025-10-21,14,つぶグミＰ濃厚マンゴー,1142.61,1371,198.0,226237.0
2025-10-21,14,ケント・６・１００ＢＯＸ,1142.61,1371,473.0,540455.0
2025-10-21,14,４Ｄグミ旅路のマジックア,1142.61,1371,221.0,252517.0
2025-10-21,14,モチド富良野メロン味,1142.61,1371,171.0,195386.0
2025-10-21,14,三ツ矢　ひんやり和梨,1142.61,1371,160.0,182818.0
2025-10-21,14,備蓄米　２Ｋｇ,1142.61,1371,,
2025-10-21,14,◎生コッペパン（チョコバ,1142.61,1371,135.0,154252.0
2025-10-21,14,ビスコ発酵バター,1142.61,1371,156.0,178247.0
2025-10-21,14,銀座ライオンビヤ３５０,1142.61,1371,216.0,246804.0
2025-10-21,14,◎プリンみたいなパン,1142.61,1371,119.0,135971.0
2025-10-21,14,善逸たまごＢＯＸＤ２,1142.61,1371,425.0,485609.0
2025-10-21,14,炭治郎＆義勇おむ２,1142.61,1371,369.0,421623.0
2025-10-21,14,はみでたチキンカツバーガ,1142.61,1371,369.0,421623.0
2025-10-21,14,国チキンとゴーダとたまご,1142.61,1371,443.0,506176.0
2025-10-21,14,海苔監修　手巻たまごかけ,1142.61,1371,185.0,211383.0
2025-10-21,14,手巻ベーコン＆コーンマヨ,1142.61,1371,184.0,210240.0
2025-10-21,14,◎桃大福,1142.61,1371,147.0,167964.0
2025-10-21,14,まるで鶏皮のようなＰＣ,1142.61,1371,176.0,201099.0
2025-10-21,14,Ｌｉｐｔｏｎチャームグミ,1142.61,1371,350.0,399913.0
2025-10-21,14,◎サーターアンダギー６個,1142.61,1371,165.0,188531.0
2025-10-21,14,週　刊　現　代,1142.61,1371,546.0,623865.0
2025-10-21,14,７０Ｌ半透明ゴミ袋,1142.61,1371,,
2025-10-21,14,スウェディッシュキャンデ,1142.61,1371,498.0,569020.0
2025-10-21,14,一粒梅おむすび,1142.61,1371,241.0,275369.0
2025-10-21,14,大粒ラムネ強炭酸シュワコ,1142.61,1371,133.0,151967.0
2025-10-21,14,きりっと果実　ピンクＧＦ,1142.61,1371,159.0,181675.0
2025-10-21,14,サラダラップチキンサルサ,1142.61,1371,348.0,397628.0
2025-10-21,14,新旧両用）ペーパフィルタ,1142.61,1371,,
2025-10-21,14,くりーむパン　カスタード,1142.61,1371,260.0,297079.0
2025-10-21,14,◎桃パウンドケーキ,1142.61,1371,165.0,188531.0
2025-10-21,14,めっちゃふくらむフーセン,1142.61,1371,158.0,180532.0
2025-10-21,14,しゃりｉｎグミソーダ味,1142.61,1371,168.0,191958.0
2025-10-21,14,すだち明太クリームうどん,1142.61,1371,462.0,527886.0
2025-10-21,14,岩下の新生姜いなり寿司,1142.61,1371,185.0,211383.0
2025-10-21,14,◎のむヨーグルトメロン,1142.61,1371,195.0,222809.0
2025-10-21,14,レモンチーズケーキ,1142.61,1371,156.0,178247.0
2025-10-21,14,バター醤油パスタ,1142.61,1371,426.0,486752.0
2025-10-21,14,りんごの目覚め,1142.61,1371,276.0,315360.0
2025-10-21,14,ミンティア宮崎日向夏,1142.61,1371,105.0,119974.0
2025-10-21,14,生ラムネ玉,1142.61,1371,152.0,173677.0
2025-10-21,14,タリーズ　無糖ラテ,1142.61,1371,170.0,194244.0
2025-10-21,14,名札バッジ　２個入,1142.61,1371,,
2025-10-21,14,フエラムネサイダー第２弾,1142.61,1371,138.0,157680.0
2025-10-21,14,たべっ子水族館ソルティ,1142.61,1371,170.0,194244.0
2025-10-21,14,マーブルパウチ,1142.61,1371,215.0,245661.0
2025-10-21,14,ドリトス激辛ナチョチーズ,1142.61,1371,180.0,205670.0
2025-10-21,14,ピンクグレープフルーツア,1142.61,1371,186.0,212525.0
2025-10-21,14,野菜生活ベリーサラダ,1142.61,1371,113.0,129115.0
2025-10-21,14,フルーツこれ１本ビタミン,1142.61,1371,150.0,171391.0
2025-10-21,14,Ｙｏｕｎｇ　ｃｈａｍｐｉ,1142.61,1371,410.0,468470.0
2025-10-21,14,ゆず塩ラーメンサラダ,1142.61,1371,389.0,444475.0
2025-10-21,14,◎お好み焼＆塩焼そば,1142.61,1371,,
2025-10-21,14,牛スープの旨み盛岡風冷麺,1142.61,1371,536.0,612439.0
2025-10-21,14,冷し鶏天タルタルうどん,1142.61,1371,599.0,684423.0
2025-10-21,14,オレンジ,1142.61,1371,315.0,359922.0
2025-10-21,14,グレープフルーツ,1142.61,1371,276.0,315360.0
2025-10-21,14,ラインＳＣ白１９－２２,1142.61,1371,390.0,445618.0
2025-10-21,14,備蓄米　２ｋｇ,1142.61,1371,700.0,799827.0
2025-10-21,14,◎オクラわかめとろり豆腐,1142.61,1371,258.0,294793.0
2025-10-21,14,コロネクッキー,1142.61,1371,71.0,81125.0
2025-10-21,14,フルーツサラダヨーグルト,1142.61,1371,230.0,262800.0
2025-10-21,14,野菜生活１００オリジナル,1142.61,1371,113.0,129115.0
2025-10-21,14,クラッシュ蒟蒻畑りんご味,1142.61,1371,183.0,209098.0
2025-10-21,14,ビスコ,1142.61,1371,156.0,178247.0
2025-10-21,14,サラダチキンロール,1142.61,1371,399.0,455901.0
2025-10-21,14,グローＨプロサクラＥＤ,1142.61,1371,3619.0,4135106.0
2025-10-21,14,ザ・クレープチョコバナナ,1142.61,1371,249.0,284510.0
2025-10-21,14,こだわりカレー,1142.61,1371,367.0,419338.0
2025-10-21,14,コーヒーゼリーパフェ,1142.61,1371,313.0,357637.0
2025-10-21,14,チョコラＳＰ　グレフル＆,1142.61,1371,149.0,170249.0
2025-10-21,14,キレート　ＭＵＫＵＭＩ,1142.61,1371,158.0,180532.0
2025-10-21,14,ワンピカードＢＥＳＴ２,1142.61,1371,500.0,571305.0
2025-10-21,14,アスティーグ黒　Ｌ,1142.61,1371,600.0,685566.0
2025-10-21,14,慶弔サインペン（筆文字）,1142.61,1371,250.0,285652.0
2025-10-21,14,モンスターエナジー,1142.61,1371,213.0,243376.0
2025-10-21,14,ヒヤロン,1142.61,1371,180.0,205670.0
2025-10-21,14,ラインＳ２５夏の色白小,1142.61,1371,390.0,445618.0
2025-10-21,14,冷し鶏ねぎそば,1142.61,1371,599.0,684423.0
2025-10-21,14,０．０１ゼロワン,1142.61,1371,900.0,1028349.0
2025-10-21,14,イープラス　発券,1142.61,1371,165.0,188531.0
2025-10-21,14,ダブルフロマージュ　２個,1142.61,1371,426.0,486752.0
2025-10-21,14,ＵＳＢ－Ｃ１．２ｍ,1142.61,1371,1255.0,1433976.0
2025-10-21,14,サンドおむすび　豚焼肉,1142.61,1371,323.0,369063.0
2025-10-21,14,ハイチュウＰメロン,1142.61,1371,152.0,173677.0
2025-10-21,14,マッチビタミンみかん,1142.61,1371,150.0,171391.0
2025-10-21,14,◎ハムチーズエッグマフィ,1142.61,1371,156.0,178247.0
2025-10-21,14,直巻　炙り焼　牛タン,1142.61,1371,199.0,227379.0
2025-10-21,14,具だくさん炙り焼鶏つくね,1142.61,1371,213.0,243376.0
2025-10-21,14,コミック乱,1142.61,1371,546.0,623865.0
2025-10-21,14,カニカママカロニサラダ,1142.61,1371,239.0,273084.0
2025-10-21,14,じゅるるマンゴー,1142.61,1371,221.0,252517.0
2025-10-21,14,コク旨たまごサンド,1142.61,1371,276.0,315360.0
2025-10-21,14,むっち実グミオレンジ味,1142.61,1371,198.0,226237.0
2025-10-21,14,たまご海老ブロコリサンド,1142.61,1371,348.0,397628.0
2025-10-21,14,カンデミーナ電撃マスカッ,1142.61,1371,200.0,228522.0
2025-10-21,14,◎ホットサンド（ハム＆チ,1142.61,1371,158.0,180532.0
2025-10-21,14,ウィルキンソンＥＸグレプ,1142.61,1371,117.0,133685.0
2025-10-21,14,生茶ほうじ煎茶,1142.61,1371,158.0,180532.0
2025-10-21,14,サーモン寿司,1142.61,1371,237.0,270799.0
2025-10-21,14,フレンチクルーラーミルク,1142.61,1371,193.0,220524.0
2025-10-21,14,ちいかわステッカーグミ,1142.61,1371,180.0,205670.0
2025-10-21,14,激モロコシフライドアラレ,1142.61,1371,158.0,180532.0
2025-10-21,14,んぽちゃむグミ,1142.61,1371,180.0,205670.0
2025-10-21,14,じゃがりこ肉じゃがｂｉｔ,1142.61,1371,129.0,147397.0
2025-10-21,14,１９６レモン３５０,1142.61,1371,161.0,183960.0
2025-10-21,14,ねるねるねるねドリンク,1142.61,1371,276.0,315360.0
2025-10-21,14,ポケカ拡張ナイトワンダ,1142.61,1371,164.0,187388.0
2025-10-21,14,ホームパイチビムーホ,1142.61,1371,140.0,159965.0
2025-10-21,14,野菜生活Ｓベリー＆ざくろ,1142.61,1371,178.0,203385.0
2025-10-21,14,テリヤキチキンとたまご,1142.61,1371,332.0,379347.0
2025-10-21,14,スーパー大麦安曇野わさび,1142.61,1371,181.0,206812.0
2025-10-21,14,◎つぶつぶいちご蒸しＣ,1142.61,1371,135.0,154252.0
2025-10-21,14,鶏そぼろ野沢菜醤油パスタ,1142.61,1371,369.0,421623.0
2025-10-21,14,ヨーグレットグミブルーベ,1142.61,1371,140.0,159965.0
2025-10-21,14,冷し明太クリームうどん,1142.61,1371,445.0,508461.0
2025-10-21,14,◎ツイストサンド（カスタ,1142.61,1371,128.0,146254.0
2025-10-21,14,野菜食べよう冷しタンメン,1142.61,1371,554.0,633006.0
2025-10-21,14,ポケぷにソーダ,1142.61,1371,218.0,249089.0
2025-10-21,14,チョコチャンクスコーン,1142.61,1371,119.0,135971.0
2025-10-21,14,窯出しとろけるプリン,1142.61,1371,195.0,222809.0
2025-10-21,14,香ばし炒めの玉子炒飯,1142.61,1371,341.0,389630.0
2025-10-21,14,ＢＳおつまみ焼そば味スパ,1142.61,1371,136.0,155395.0
2025-10-21,14,ナイキ　ラバーグローブＬ,1142.61,1371,498.0,569020.0
2025-10-21,14,冷し担担麺,1142.61,1371,462.0,527886.0
2025-10-21,14,はちみつとりんごのケーキ,1142.61,1371,276.0,315360.0
2025-10-21,14,センテＦグリーン１０Ｐ,1142.61,1371,4819.0,5506238.0
2025-10-21,14,３種チーズのミートソース,1142.61,1371,599.0,684423.0
2025-10-21,14,ピュレフルーツりんご,1142.61,1371,268.0,306219.0
2025-10-21,14,巨峰大福（白こしあん）,1142.61,1371,188.0,214811.0
2025-10-21,14,すッパイチュウレモン味,1142.61,1371,127.0,145111.0
2025-10-21,14,てんこ盛弁当,1142.61,1371,598.0,683281.0
2025-10-21,14,ナイキ　ラバーグローブＭ,1142.61,1371,498.0,569020.0
2025-10-21,14,厚切りポテトペッパー,1142.61,1371,142.0,162251.0
2025-10-21,14,ハイチュウ人気ミックス,1142.61,1371,127.0,145111.0
2025-10-21,14,コロコロハイチュウ,1142.61,1371,127.0,145111.0
2025-10-21,14,黒わらび餅,1142.61,1371,178.0,203385.0
2025-10-21,14,メガシャキ,1142.61,1371,239.0,273084.0
2025-10-21,14,ポケカ拡張メガシンフォ,1142.61,1371,164.0,187388.0
2025-10-21,14,ポケカ拡張メガブレイブ,1142.61,1371,164.0,187388.0
2025-10-21,14,イープラス　入金,1142.61,1371,16455.0,18801648.0
2025-10-21,14,夏のミルクシュー,1142.61,1371,138.0,157680.0
2025-10-21,14,ふわしゅわスフレレモン,1142.61,1371,249.0,284510.0
2025-10-21,14,ラッキーＳベリーＳ,1142.61,1371,391.0,446761.0
2025-10-21,14,グローＨプロオニキスＰ,1142.61,1371,3619.0,4135106.0
2025-10-21,14,エボＴバナナＣＰＬＭ,1142.61,1371,500.0,571305.0
2025-10-21,14,エボＴベリーＣＰＬＭ,1142.61,1371,500.0,571305.0
2025-10-21,14,マウススプレークールＭ,1142.61,1371,251.0,286795.0
2025-10-21,14,おーいお茶緑茶　６００,1142.61,1371,158.0,180532.0
2025-10-21,14,◎のむヨーグルトパイン,1142.61,1371,158.0,180532.0
2025-10-21,14,ルーローハン風パスタサラ,1142.61,1371,417.0,476468.0
2025-10-21,14,１９６白桃３５０,1142.61,1371,161.0,183960.0
2025-10-21,14,履歴書用紙,1142.61,1371,309.0,353066.0
2025-10-21,14,メガライフガード　７００,1142.61,1371,150.0,171391.0
2025-10-21,14,１９６マスカット３５０,1142.61,1371,161.0,183960.0
2025-10-21,14,ケントＮＳダークＦ,1142.61,1371,500.0,571305.0
2025-10-21,14,ワンピデッキ　ティーチ,1142.61,1371,500.0,571305.0
2025-10-21,14,ソフト携帯吸殻入れ,1142.61,1371,273.0,311933.0
2025-10-21,14,リチウム５０００ｍＡｈ,1142.61,1371,2982.0,3407263.0
2025-10-21,14,ユニアリ　ワンパンマン,1142.61,1371,350.0,399913.0
2025-10-21,14,多当祝　御祝,1142.61,1371,87.0,99407.0
2025-10-21,14,碧Ａｏ海薫るＨＢ３５０,1142.61,1371,350.0,399913.0
2025-10-21,14,ポケピファンピカチュウ,1142.61,1371,3164.0,3615218.0
2025-10-21,14,タフグミビッグバンピーチ,1142.61,1371,238.0,271941.0
2025-10-21,14,もちっとガブリマスカット,1142.61,1371,143.0,163393.0
2025-10-21,14,ＭＶＰＧレギュウィズ６Ｐ,1142.61,1371,3273.0,3739763.0
2025-10-21,14,テリアＯパール１０Ｐ,1142.61,1371,5273.0,6024983.0
2025-10-21,14,ふんわりたまごのオムライ,1142.61,1371,276.0,315360.0
2025-10-21,14,韓国風海苔佃煮おむすび,1142.61,1371,147.0,167964.0
2025-10-21,14,ラークスーパー５,1142.61,1371,491.0,561022.0
2025-10-21,14,青しそ高菜おむすび,1142.61,1371,139.0,158823.0
2025-10-21,14,ツメキリ　Ｓ,1142.61,1371,480.0,548453.0
2025-10-21,14,ビタミン野菜,1142.61,1371,113.0,129115.0
2025-10-21,14,ポケぷにフルーツ,1142.61,1371,218.0,249089.0
2025-10-21,14,◎ジューシーソーセージパ,1142.61,1371,135.0,154252.0
2025-10-21,14,炙り豚焼肉マヨネーズ,1142.61,1371,276.0,315360.0
2025-10-21,14,おーいお茶濃い茶６００,1142.61,1371,158.0,180532.0
2025-10-21,14,細ーいじゃがビーサワクリ,1142.61,1371,164.0,187388.0
2025-10-21,14,テリアＢルビーＭ１０Ｐ,1142.61,1371,5273.0,6024983.0
2025-10-21,14,Ｃ１０００コラーゲン＆,1142.61,1371,147.0,167964.0
2025-10-21,14,カニカマの寿司,1142.61,1371,174.0,198814.0
2025-10-21,14,いかめしおむすび,1142.61,1371,258.0,294793.0
2025-10-21,14,モッチュ白桃味,1142.61,1371,148.0,169106.0
2025-10-21,14,テリアミント１０Ｐ,1142.61,1371,5273.0,6024983.0
2025-10-21,14,◎増量うす焼せんべい,1142.61,1371,147.0,167964.0
2025-10-21,14,ポテロング,1142.61,1371,162.0,185103.0
2025-10-21,14,カルピス　リンゴ＆洋梨,1142.61,1371,160.0,182818.0
2025-10-21,14,ごろごろゆでたまごサンド,1142.61,1371,369.0,421623.0
2025-10-21,14,◎ふんわりもっちパン（チ,1142.61,1371,128.0,146254.0
2025-10-21,14,ミンティアＢブラック,1142.61,1371,211.0,241091.0
2025-10-21,14,増量チキンパスタサラダ,1142.61,1371,369.0,421623.0
2025-10-21,14,島星シトラスエール３５０,1142.61,1371,306.0,349639.0
2025-10-21,14,アーモンド効果プロテイン,1142.61,1371,198.0,226237.0
2025-10-21,14,小枝チョコクッキーサンド,1142.61,1371,239.0,273084.0
2025-10-21,14,冷たい生パスタツナトマト,1142.61,1371,499.0,570162.0
2025-10-21,14,◎レアチーズデニッシュ,1142.61,1371,147.0,167964.0
2025-10-21,14,にゃんともチーズ塩バニラ,1142.61,1371,230.0,262800.0
2025-10-21,14,ザクザクやみつきクランキ,1142.61,1371,198.0,226237.0
2025-10-21,14,増量ロースかつカレー,1142.61,1371,555.0,634149.0
2025-10-21,14,＊Ｆハイキューまんじゅう,1142.61,1371,172.0,196529.0
2025-10-21,14,ペタグーソーダ,1142.61,1371,150.0,171391.0
2025-10-21,14,超急速２ｉｎ１Ｃ＆Ｌ１ｍ,1142.61,1371,2346.0,2680563.0
2025-10-21,14,トマトジュースプレミアム,1142.61,1371,148.0,169106.0
2025-10-21,14,玉子焼＆ハムサンド,1142.61,1371,323.0,369063.0
2025-10-21,14,２種チーズとハムサンド,1142.61,1371,323.0,369063.0
2025-10-21,14,かぶり寿司　甘辛そぼろマ,1142.61,1371,283.0,323359.0
2025-10-21,14,◎増量チョコビスケット,1142.61,1371,139.0,158823.0
2025-10-21,14,マーブル,1142.61,1371,184.0,210240.0
2025-10-21,14,ラーク・１００・ＢＯＸ,1142.61,1371,491.0,561022.0
2025-10-21,14,１９６無糖冷凍みかん３５,1142.61,1371,161.0,183960.0
2025-10-21,14,メビウスワン１００Ｂ１０,1142.61,1371,5273.0,6024983.0
2025-10-21,14,◎ミニメンチカツバーガ３,1142.61,1371,195.0,222809.0
2025-10-21,14,野菜マシマシ冷し中華,1142.61,1371,647.0,739269.0
2025-10-21,14,ミンティアＢＣマイルド,1142.61,1371,210.0,239948.0
2025-10-21,14,塩おむすび,1142.61,1371,129.0,147397.0
2025-10-21,14,ミンティアＢＦピーチ,1142.61,1371,211.0,241091.0
2025-10-21,14,ミンティアＢＦレモン,1142.61,1371,211.0,241091.0
2025-10-21,14,カロリーメイトチョコ,1142.61,1371,220.0,251374.0
2025-10-21,14,カロリーメイト　バニラ,1142.61,1371,220.0,251374.0
2025-10-21,14,ゼロプロテインチョコ,1142.61,1371,198.0,226237.0
2025-10-21,14,カントリーＭマロンケーキ,1142.61,1371,180.0,205670.0
2025-10-21,14,カンロザストロングソーダ,1142.61,1371,200.0,228522.0
2025-10-21,14,◎増量大盛たこ焼き,1142.61,1371,554.0,633006.0
2025-10-21,14,フリクション３スリムＢＫ,1142.61,1371,541.0,618152.0
2025-10-21,14,パイの実,1142.61,1371,237.0,270799.0
2025-10-21,14,ゼログラノーラチョコ,1142.61,1371,198.0,226237.0
2025-10-21,14,ペタグーグレープ,1142.61,1371,150.0,171391.0
2025-10-21,14,ＩＱＯＳｉＯＤバイオレ,1142.61,1371,3619.0,4135106.0
2025-10-21,14,テリアＢトロピカルＭ,1142.61,1371,528.0,603298.0
2025-10-21,14,カレーせんオリジナルスパ,1142.61,1371,138.0,157680.0
2025-10-21,14,花椒香る　麻婆焼そばＤ２,1142.61,1371,554.0,633006.0
2025-10-21,14,ジャパンタイムズ,1142.61,1371,273.0,311933.0
2025-10-21,14,たまごっち　めじるし２,1142.61,1371,300.0,342783.0
2025-10-21,14,ワンピカード　師弟の絆,1142.61,1371,200.0,228522.0
2025-10-21,14,アポロチョコレート,1142.61,1371,184.0,210240.0
2025-10-21,14,テリアＢフューシャＭ,1142.61,1371,528.0,603298.0
2025-10-21,14,勝馬,1142.61,1371,500.0,571305.0
2025-10-21,14,おむすび２個（鮭・昆布）,1142.61,1371,313.0,357637.0
2025-10-21,14,クッキークリームクレープ,1142.61,1371,332.0,379347.0
2025-10-21,14,きのこの山のジクカール,1142.61,1371,263.0,300506.0
2025-10-21,14,アーモンド・ブリーズ微糖,1142.61,1371,128.0,146254.0
2025-10-21,14,チーズあじカカールアーモ,1142.61,1371,230.0,262800.0
2025-10-21,14,◎増量かーるいチーズスナ,1142.61,1371,128.0,146254.0
2025-10-21,14,三ツ矢サイダー５００,1142.61,1371,160.0,182818.0
2025-10-21,14,栄養強化型　１日分の野菜,1142.61,1371,131.0,149682.0
2025-10-21,14,ぶどうきゃん,1142.61,1371,128.0,146254.0
2025-10-21,14,大きなロール焼そばたまご,1142.61,1371,369.0,421623.0
2025-10-21,14,シーザーパスタサラダ,1142.61,1371,389.0,444475.0
2025-10-21,14,納豆細巻寿司（５巻増量）,1142.61,1371,389.0,444475.0
2025-10-21,14,わさび海苔　野沢菜わさび,1142.61,1371,175.0,199957.0
2025-10-21,14,さばほぐしごはん,1142.61,1371,332.0,379347.0
2025-10-21,14,ねるねるねるねゼリー,1142.61,1371,276.0,315360.0
2025-10-21,14,たまごボーロっち２,1142.61,1371,350.0,399913.0
2025-10-21,14,グミだよ。ピーチフラッペ,1142.61,1371,166.0,189673.0
2025-10-21,14,◎３種フルーツとナッツ,1142.61,1371,165.0,188531.0
2025-10-21,14,◎でっかいカレーたまごパ,1142.61,1371,139.0,158823.0
2025-10-21,14,◎チョコバナナロール,1142.61,1371,156.0,178247.0
2025-10-21,14,シゲキックスグレープ,1142.61,1371,120.0,137113.0
2025-10-21,14,天使のグミ甘熟マンゴー味,1142.61,1371,170.0,194244.0
2025-10-21,14,かむかむレモン,1142.61,1371,150.0,171391.0
2025-10-21,14,梨スムージー,1142.61,1371,193.0,220524.0
2025-10-21,14,のむアサイーボウル,1142.61,1371,188.0,214811.0
2025-10-21,14,ミルキーバニラアイス味,1142.61,1371,170.0,194244.0
2025-10-21,14,ウェルチ　マスカットＳＰ,1142.61,1371,160.0,182818.0
2025-10-21,14,ゆず鶏だしミニ塩ラーメン,1142.61,1371,399.0,455901.0
2025-10-21,14,コク旨醤油だれの油そば,1142.61,1371,499.0,570162.0
2025-10-21,14,くりーむメロンパン,1142.61,1371,276.0,315360.0
2025-10-21,14,ネバネバと大根のサラダ,1142.61,1371,297.0,339355.0
2025-10-21,14,麻辣湯,1142.61,1371,248.0,283367.0
2025-10-21,14,ポケピファンワッカネズミ,1142.61,1371,3164.0,3615218.0
2025-10-21,14,シフォンマンゴー＆ピーチ,1142.61,1371,250.0,285652.0
2025-10-21,14,ふわもち生大福　きなこ,1142.61,1371,138.0,157680.0
2025-10-21,14,生クリームパイコロネ,1142.61,1371,204.0,233092.0
2025-10-21,14,コカ・コーラゼロ５００,1142.61,1371,170.0,194244.0
2025-10-21,14,ケント１・１００Ｂ１０Ｐ,1142.61,1371,4728.0,5402260.0
2025-10-21,14,生茶６００,1142.61,1371,158.0,180532.0
2025-10-21,14,アリィージェルＵＶミニ,1142.61,1371,1346.0,1537953.0
2025-10-21,14,ｉｎゼリーＥＮ　ブドウ糖,1142.61,1371,210.0,239948.0
2025-10-21,14,その他１０口座売上,1142.61,1371,228.0,260515.0
2025-10-21,14,優馬,1142.61,1371,591.0,675283.0
2025-10-21,14,◎増量しみチョココーン,1142.61,1371,147.0,167964.0
2025-10-21,14,◎クルーラーリングドー８,1142.61,1371,184.0,210240.0
2025-10-21,14,◎クラウンメロンパン,1142.61,1371,139.0,158823.0
2025-10-21,14,◎つぶあんぱん北海道小豆,1142.61,1371,121.0,138256.0
2025-10-21,14,大きなチーズカレーパン（,1142.61,1371,184.0,210240.0
2025-10-21,14,梅づくしおむすび,1142.61,1371,172.0,196529.0
2025-10-21,14,もち麦　枝豆ゆかり,1142.61,1371,163.0,186245.0
2025-10-21,14,青磯海苔　漬けサーモン,1142.61,1371,199.0,227379.0
2025-10-21,14,三ツ矢　特濃アップル,1142.61,1371,160.0,182818.0
2025-10-21,14,ＧＰｌａｙ１０００,1142.61,1371,1000.0,1142610.0
2025-10-21,14,堅あげ極味玉ねぎ黒胡椒,1142.61,1371,196.0,223952.0
2025-10-21,14,秋味３５０,1142.61,1371,216.0,246804.0
2025-10-21,14,黒チャーハンおむすび,1142.61,1371,175.0,199957.0
2025-10-21,14,トルティーヤケバブチキン,1142.61,1371,369.0,421623.0
2025-10-21,14,ピュアポテト濃いのり塩,1142.61,1371,155.0,177105.0
2025-10-21,14,マシマシ焼もろこしせん,1142.61,1371,148.0,169106.0
2025-10-21,14,増量　天使のチーズケーキ,1142.61,1371,230.0,262800.0
2025-10-21,14,ＩＱＯＳｉＯＳモデル,1142.61,1371,3619.0,4135106.0
2025-10-21,14,ｉｎゼリートリプルＥ,1142.61,1371,210.0,239948.0
2025-10-21,14,ＳＰＡＭむすび　玉子焼き,1142.61,1371,320.0,365635.0
2025-10-21,14,蒸し鶏ラー油ネギ冷うどん,1142.61,1371,499.0,570162.0
2025-10-21,14,大きな具材ミックスサント,1142.61,1371,399.0,455901.0
2025-10-21,14,手巻寿司　梅ゆかり納豆,1142.61,1371,189.0,215953.0
2025-10-21,14,大きいバウムクーヘン,1142.61,1371,221.0,252517.0
2025-10-21,14,パリジャン　ハム＆チーズ,1142.61,1371,350.0,399913.0
2025-10-21,14,大きいフィナンシェ,1142.61,1371,221.0,252517.0
2025-10-21,14,◎メロンクリームパン４,1142.61,1371,156.0,178247.0
2025-10-21,14,サンド寿司　まぐろたたき,1142.61,1371,332.0,379347.0
2025-10-21,14,白いたべっ子おさつバター,1142.61,1371,180.0,205670.0
2025-10-21,14,大きなたまごづくしサンド,1142.61,1371,369.0,421623.0
2025-10-21,14,ウィルキンソンマスカット,1142.61,1371,138.0,157680.0
2025-10-21,14,◎北海道メロンのコロネ,1142.61,1371,135.0,154252.0
2025-10-21,14,ミニプラグ用イヤホン,1142.61,1371,1528.0,1745908.0
2025-10-21,14,マスカットのど飴小袋,1142.61,1371,138.0,157680.0
2025-10-21,14,じゃがりこＬヤンニョム,1142.61,1371,218.0,249089.0
2025-10-21,14,カレーコロッケバ－ガ－（,1142.61,1371,167.0,190816.0
2025-10-21,14,檸檬堂白ぶどうレモン３５,1142.61,1371,160.0,182818.0
2025-10-21,14,増量麻婆豆腐ごはん,1142.61,1371,462.0,527886.0
2025-10-21,14,ファミマ・ザ・ナポリタン,1142.61,1371,406.0,463900.0
2025-10-21,14,フルーチェグミイチゴ,1142.61,1371,184.0,210240.0
2025-10-21,14,ガルボチョコパウチ,1142.61,1371,270.0,308505.0
2025-10-21,14,冷たいパスタチキンバジル,1142.61,1371,499.0,570162.0
2025-10-21,14,ポケピファンポッチャマ,1142.61,1371,3164.0,3615218.0
2025-10-21,14,チキングリル弁当,1142.61,1371,555.0,634149.0
2025-10-21,14,辛口回鍋肉焼そば,1142.61,1371,536.0,612439.0
2025-10-21,14,パステルのプリンマドレー,1142.61,1371,220.0,251374.0
2025-10-21,14,ピュアポテト塩と岩塩,1142.61,1371,155.0,177105.0
2025-10-21,14,いちごミルク,1142.61,1371,269.0,307362.0
2025-10-21,14,甘辛醤油たれ唐揚弁当,1142.61,1371,555.0,634149.0
2025-10-21,14,ワンピカード意志,1142.61,1371,200.0,228522.0
2025-10-21,14,ビオレトラベルセット,1142.61,1371,620.0,708418.0
2025-10-21,14,ノンオイル青じそドレッシ,1142.61,1371,28.0,31993.0
2025-10-21,14,◎プリンみたいなパンケー,1142.61,1371,138.0,157680.0
2025-10-21,14,１９６王林３５０,1142.61,1371,161.0,183960.0
2025-10-21,14,オイコス　プレーン加糖,1142.61,1371,179.0,204527.0
2025-10-21,14,ＩＱＯＳｉＤバイオレット,1142.61,1371,6346.0,7251003.0
2025-10-21,14,柿安監修　牛すきおむすび,1142.61,1371,258.0,294793.0
2025-10-21,14,ＧＩＮＯＮレモン３５０,1142.61,1371,167.0,190816.0
2025-10-21,14,◎ラベルレス天然水安曇箱,1142.61,1371,489.0,558736.0
2025-10-21,14,一番搾り糖質ゼロ３５０,1142.61,1371,216.0,246804.0
2025-10-21,14,オニポテスナック,1142.61,1371,248.0,283367.0
2025-10-21,14,しゃりｉｎグミみかん,1142.61,1371,168.0,191958.0
2025-10-21,14,ググッタＳマスカット味,1142.61,1371,199.0,227379.0
2025-10-21,14,とろみーグミぶどう味,1142.61,1371,184.0,210240.0
2025-10-21,14,果汁グミシチリアレモン,1142.61,1371,152.0,173677.0
2025-10-21,14,◎ベーコン＆チーズデニッ,1142.61,1371,158.0,180532.0
2025-10-21,14,桃マカロン,1142.61,1371,249.0,284510.0
2025-10-21,14,梅蒸し鶏あったかそうめん,1142.61,1371,399.0,455901.0
2025-10-21,14,千里眼　ニンニクまぜそば,1142.61,1371,647.0,739269.0
2025-10-21,14,ナッツフルーツカッサータ,1142.61,1371,258.0,294793.0
2025-10-21,14,ＳＤブラックピンク３５０,1142.61,1371,216.0,246804.0
2025-10-21,14,大きな　鮭マヨと生たらこ,1142.61,1371,276.0,315360.0
2025-10-21,14,クリーミーほうじ茶ラテ,1142.61,1371,181.0,206812.0
2025-10-21,14,ハムカツサンド,1142.61,1371,297.0,339355.0
2025-10-21,14,◎たまご蒸しパン４個入,1142.61,1371,172.0,196529.0
2025-10-21,14,しゃりぷにょ梅グミ,1142.61,1371,170.0,194244.0
2025-10-21,14,もちゅグミ温州みかん味,1142.61,1371,184.0,210240.0
2025-10-21,14,むちもっちバナナグミ,1142.61,1371,180.0,205670.0
2025-10-21,14,プリン！？シュー,1142.61,1371,138.0,157680.0
2025-10-21,14,◎ジュワっとしたチーズ塩,1142.61,1371,139.0,158823.0
2025-10-21,14,たっぷりハムサンド,1142.61,1371,323.0,369063.0
2025-10-21,14,野菜生活マスカット,1142.61,1371,118.0,134828.0
2025-10-21,14,◎たっぷりマロンクリーム,1142.61,1371,147.0,167964.0
2025-10-21,14,◎生スコーン６個入（スイ,1142.61,1371,172.0,196529.0
2025-10-21,14,モンブランのサンダー,1142.61,1371,50.0,57130.0
2025-10-21,14,にじピグチップスうすしお,1142.61,1371,230.0,262800.0
2025-10-21,14,◎バウムクーヘン（４）,1142.61,1371,239.0,273084.0
2025-10-21,14,ブルーベリーサンド,1142.61,1371,195.0,222809.0
2025-10-21,14,ハガキフリー,1142.61,1371,200.0,228522.0
2025-10-21,14,ＢＩＯ　ブルーベリーミッ,1142.61,1371,168.0,191958.0
2025-10-21,14,半熟玉子冷ぶっかけうどん,1142.61,1371,399.0,455901.0
2025-10-21,14,ヴイックスのど飴シトラス,1142.61,1371,238.0,271941.0
2025-10-21,14,多当　　御見舞,1142.61,1371,87.0,99407.0
2025-10-21,14,しゃり蔵ザクザクッラー油,1142.61,1371,120.0,137113.0
2025-10-21,14,赤肉メロンミルク,1142.61,1371,267.0,305077.0
2025-10-21,14,完熟トマトベーコンパスタ,1142.61,1371,536.0,612439.0
2025-10-21,14,ＰＧスイートチリＳ缶,1142.61,1371,168.0,191958.0
2025-10-21,14,唐揚巻（マヨネーズ付）,1142.61,1371,462.0,527886.0
2025-10-21,14,クリーム＆コーヒーゼリー,1142.61,1371,135.0,154252.0
2025-10-21,14,ＵＳＢ－Ｃ電池式６本,1142.61,1371,1800.0,2056698.0
2025-10-21,14,甜面醤の旨ジャージャー麺,1142.61,1371,499.0,570162.0
2025-10-21,14,パリジャンサンドチキンべ,1142.61,1371,350.0,399913.0
2025-10-21,14,ケントＮＳスムースＦ,1142.61,1371,500.0,571305.0
2025-10-21,14,スパイシーチキン野菜サラ,1142.61,1371,554.0,633006.0
2025-10-21,14,充電器５０００ｍＡｈ,1142.61,1371,2982.0,3407263.0
2025-10-21,14,キャラパキ発掘恐竜,1142.61,1371,110.0,125687.0
2025-10-21,14,食べマスおぱんちゅうさぎ,1142.61,1371,350.0,399913.0
2025-10-21,14,海老マヨネーズおむすび,1142.61,1371,239.0,273084.0
2025-10-21,14,さけるグミハロウィン,1142.61,1371,120.0,137113.0
2025-10-21,14,◎シャルドネ香るティー,1142.61,1371,110.0,125687.0
2025-10-21,14,スニッカーズハーフＳアー,1142.61,1371,158.0,180532.0
2025-10-21,14,大きな　肉そぼろ卵黄ソー,1142.61,1371,297.0,339355.0
2025-10-21,14,ヱビス和奏３５０,1142.61,1371,272.0,310790.0
2025-10-21,14,タフグミＰＲＯローヤル,1142.61,1371,359.0,410197.0
2025-10-21,14,ヴァルトメンソールＣＬ,1142.61,1371,528.0,603298.0
2025-10-21,14,グロー・ヒーロ・ルビー,1142.61,1371,3619.0,4135106.0
2025-10-21,14,◎サクサク食感のミニチ５,1142.61,1371,184.0,210240.0
2025-10-21,14,ＧＯＤＩＶＡドリンク,1142.61,1371,397.0,453616.0
2025-10-21,14,伝説のケバブ風味ポテトＣ,1142.61,1371,193.0,220524.0
2025-10-21,14,北海道なまらでっかいシュ,1142.61,1371,315.0,359922.0
2025-10-21,14,クラッシュ蒟蒻畑みかん味,1142.61,1371,183.0,209098.0
2025-10-21,14,ＦＭオリジナル安食ロール,1142.61,1371,369.0,421623.0
2025-10-21,14,レッツハロウィンつぶグミ,1142.61,1371,158.0,180532.0
2025-10-21,14,◎ピリ辛明太フランス（か,1142.61,1371,135.0,154252.0
2025-10-21,14,◎和風ツナパン,1142.61,1371,135.0,154252.0
2025-10-21,14,ハラペーニョチキンチェダ,1142.61,1371,443.0,506176.0
2025-10-21,14,全粒粉サラダチキンとハム,1142.61,1371,369.0,421623.0
2025-10-21,14,◎ピスタチオいちごケーキ,1142.61,1371,230.0,262800.0
2025-10-21,14,焼ベーコン寿司,1142.61,1371,230.0,262800.0
2025-10-21,14,ちいかわ黒猫ミニバッグ,1142.61,1371,1000.0,1142610.0
2025-10-21,14,ごろっと白桃ケーキ,1142.61,1371,297.0,339355.0
2025-10-21,14,さくふわきなこもちぼーる,1142.61,1371,150.0,171391.0
2025-10-21,14,◎白生コッペパン（レアチ,1142.61,1371,153.0,174819.0
2025-10-21,14,秋のフルーツこれ一本,1142.61,1371,118.0,134828.0
2025-10-21,14,◎キャラメルバニラメロン,1142.61,1371,172.0,196529.0
2025-10-21,14,３１マスコットつきグミ２,1142.61,1371,350.0,399913.0
2025-10-21,14,◎ショコラクッキー,1142.61,1371,212.0,242233.0
2025-10-21,14,ピュレグミＰふじりんご,1142.61,1371,180.0,205670.0
2025-10-21,14,たぬきおむすび,1142.61,1371,138.0,157680.0
2025-10-21,14,わた雪みたいなレアチーズ,1142.61,1371,315.0,359922.0
2025-10-21,14,スイートポテトスティック,1142.61,1371,212.0,242233.0
2025-10-21,14,ハリボープリマヴェーラ,1142.61,1371,198.0,226237.0
2025-10-21,14,ザバスミルクキャラメル,1142.61,1371,222.0,253659.0
2025-10-21,14,パーラメントＥＸＬ１００,1142.61,1371,564.0,644432.0
2025-10-21,14,チャーシュー冷しまぜそば,1142.61,1371,599.0,684423.0
2025-10-21,14,氷結無糖ゆずＳＰ３５０,1142.61,1371,168.0,191958.0
2025-10-21,14,スティックモンブラン,1142.61,1371,249.0,284510.0
2025-10-21,14,１９６無糖ピンクＧＦ３５,1142.61,1371,161.0,183960.0
2025-10-21,14,◎アールグレイクロワッサ,1142.61,1371,172.0,196529.0
2025-10-21,14,ラーメン荘　豚ラーメン,1142.61,1371,647.0,739269.0
2025-10-21,14,◎ハムチーズデニッシュ４,1142.61,1371,184.0,210240.0
2025-10-21,14,ヴァルトダークタバコ,1142.61,1371,528.0,603298.0
2025-10-21,14,ヴァルトメロンクリック,1142.61,1371,528.0,603298.0
2025-10-21,14,ドラキュラへんしんグミ,1142.61,1371,350.0,399913.0
2025-10-21,14,わさびいなり寿司,1142.61,1371,178.0,203385.0
2025-10-21,14,ちいかわ花占いグミ,1142.61,1371,230.0,262800.0
2025-10-21,14,ねぎ塩チキン醤油まぶし飯,1142.61,1371,555.0,634149.0
2025-10-21,14,紫いもミルクティー,1142.61,1371,190.0,217096.0
2025-10-21,14,ＢＳラーメン柿の種ミック,1142.61,1371,110.0,125687.0
2025-10-21,14,焼まろん,1142.61,1371,215.0,245661.0
2025-10-21,14,ウィルキンソンＥＸ　ＧＦ,1142.61,1371,117.0,133685.0
2025-10-21,14,ミンティア瀬戸田レモン,1142.61,1371,105.0,119974.0
2025-10-21,14,北海道リッチミルクプリン,1142.61,1371,399.0,455901.0
2025-10-21,14,焼ほし芋,1142.61,1371,195.0,222809.0
2025-10-21,14,冷しすだちおろしうどん,1142.61,1371,510.0,582731.0
2025-10-21,14,テリヤキチキンのサラダ,1142.61,1371,397.0,453616.0
2025-10-21,14,和牛カラムーチョわさび,1142.61,1371,155.0,177105.0
2025-10-21,14,きのことベーコンのドリア,1142.61,1371,526.0,601013.0
2025-10-21,14,ｂｉｔｌｏｔガンダム,1142.61,1371,680.0,776975.0
2025-10-21,14,ポケカメガゲンガーｅｘ,1142.61,1371,1637.0,1870453.0
2025-10-21,14,ポケカメガディアンシー,1142.61,1371,1637.0,1870453.0
2025-10-21,14,◎トマトコンソメスープ,1142.61,1371,350.0,399913.0
2025-10-21,14,◎４種きのこクリームスー,1142.61,1371,426.0,486752.0
2025-10-21,14,Ａｐｐｌｅチャージ,1142.61,1371,10500.0,11997405.0
2025-10-21,14,ＨＷ変顔キャンディ,1142.61,1371,400.0,457044.0
2025-10-21,14,週末版ジャパンタイムズ,1142.61,1371,364.0,415910.0
2025-10-21,14,魚ギョッと釣りグミ,1142.61,1371,70.0,79983.0
2025-10-21,14,じゃりむちグミピーチＳ,1142.61,1371,175.0,199957.0
2025-10-21,14,スターバックス　ブラック,1142.61,1371,168.0,191958.0
2025-10-21,14,フリスクＦＦみかん,1142.61,1371,278.0,317646.0
2025-10-21,14,アップルパンチ３５０,1142.61,1371,161.0,183960.0
2025-10-21,14,山ちゃん監修　海老天むす,1142.61,1371,276.0,315360.0
2025-10-21,14,スヌーピークッキーサンド,1142.61,1371,369.0,421623.0
2025-10-21,14,◎塩バターケーキタルト,1142.61,1371,147.0,167964.0
2025-10-21,14,ＳＰＡＭ　玉子焼き明太子,1142.61,1371,369.0,421623.0
2025-10-21,14,ヴァルトＩメンソールＣＬ,1142.61,1371,528.0,603298.0
2025-10-21,14,スターバックスカフェラテ,1142.61,1371,178.0,203385.0
2025-10-21,14,グローＨＧブラック,1142.61,1371,1346.0,1537953.0
2025-10-21,14,ガイコツグミグレープ味,1142.61,1371,230.0,262800.0
2025-10-21,14,モンストロマーブルガム,1142.61,1371,100.0,114261.0
2025-10-21,14,ぷっちょ袋ＨＷアソート,1142.61,1371,210.0,239948.0
2025-10-21,14,宇都宮線・高崎線チップス,1142.61,1371,156.0,178247.0
2025-10-21,14,つくねおむすび,1142.61,1371,276.0,315360.0
2025-10-21,14,ヴァルトＩベリークリック,1142.61,1371,528.0,603298.0
2025-10-21,14,おーいお茶濃茶ストロング,1142.61,1371,158.0,180532.0
2025-10-21,14,ちぎれるブリオッシュパン,1142.61,1371,147.0,167964.0
2025-10-21,14,鮭金ごまおむすび,1142.61,1371,139.0,158823.0
2025-10-21,14,ピュレグミラ・フランス,1142.61,1371,150.0,171391.0
2025-10-21,14,チュッパサワーバイトグミ,1142.61,1371,158.0,180532.0
2025-10-21,14,味付海苔　ベーコンマヨ,1142.61,1371,184.0,210240.0
2025-10-21,14,バナナカスタードブリュレ,1142.61,1371,350.0,399913.0
2025-10-21,14,◎生コッペパン（オムナポ,1142.61,1371,184.0,210240.0
2025-10-21,14,◎伊右衛門　濃い緑茶,1142.61,1371,121.0,138256.0
2025-10-21,14,チョコクリームたい焼き,1142.61,1371,176.0,201099.0
2025-10-21,14,専スヌーピーチョコドーナ,1142.61,1371,156.0,178247.0
2025-10-21,14,ヴァルトベリークリック,1142.61,1371,528.0,603298.0
2025-10-21,14,鶏天うどん,1142.61,1371,599.0,684423.0
2025-10-21,14,チキンカツサンド,1142.61,1371,399.0,455901.0
2025-10-21,14,ルーシーのレモネード,1142.61,1371,184.0,210240.0
2025-10-21,14,ブルガリアＹＯさくらんぼ,1142.61,1371,195.0,222809.0
2025-10-21,14,たべっ子ラムネみかん,1142.61,1371,150.0,171391.0
2025-10-21,14,さつまりこ焼きいも,1142.61,1371,185.0,211383.0
2025-10-21,14,◎焦がしバターのクロワッ,1142.61,1371,121.0,138256.0
2025-10-21,14,モッチ生ドーナツ生チョコ,1142.61,1371,184.0,210240.0
2025-10-21,14,カンデミーナＳＰベスト,1142.61,1371,200.0,228522.0
2025-10-21,14,ＦチャーリーＢロール,1142.61,1371,165.0,188531.0
2025-10-21,14,ルックア・ラ・モード,1142.61,1371,200.0,228522.0
2025-10-21,14,ルックホワイトラバーズ,1142.61,1371,200.0,228522.0
2025-10-21,14,くりーむパン　和栗,1142.61,1371,269.0,307362.0
2025-10-21,14,Ｐルックシャインマスカッ,1142.61,1371,270.0,308505.0
2025-10-21,14,海老とブロッコリーロール,1142.61,1371,369.0,421623.0
2025-10-21,14,かぶり寿司　旨辛唐揚げ巻,1142.61,1371,283.0,323359.0
2025-10-21,14,Ｐルック生キャラメル,1142.61,1371,270.0,308505.0
2025-10-21,14,来来亭監修　冷し中華,1142.61,1371,554.0,633006.0
2025-10-21,14,野菜生活Ｓアサイーバナナ,1142.61,1371,178.0,203385.0
2025-10-21,14,ポテトＣ感謝のほたてしお,1142.61,1371,157.0,179390.0
2025-10-21,14,ぷっちょＳＴ有田みかん,1142.61,1371,118.0,134828.0
2025-10-21,14,ａｍｉ活ゼリーピングレ味,1142.61,1371,210.0,239948.0
2025-10-21,14,ベーコンとレタスのサラダ,1142.61,1371,332.0,379347.0
2025-10-21,14,カカオ味わうショコララテ,1142.61,1371,230.0,262800.0
2025-10-21,14,スッパイマンちいかわ一番,1142.61,1371,200.0,228522.0
2025-10-21,14,天津あんかけ焼そば,1142.61,1371,554.0,633006.0
2025-10-21,14,ヴァルトミントクリック,1142.61,1371,528.0,603298.0
2025-10-21,14,生パスタ　カルボナーラ,1142.61,1371,499.0,570162.0
2025-10-21,14,プルームオーラＪブラック,1142.61,1371,2710.0,3096473.0
2025-10-21,14,帆立と鰹の昆布水つけ麺,1142.61,1371,600.0,685566.0
2025-10-21,14,秋のフルーツスムージー,1142.61,1371,193.0,220524.0
2025-10-21,14,Ｗ・Ｃホワイト５・１０Ｐ,1142.61,1371,4910.0,5610215.0
2025-10-21,14,ＧＰｌａｙ１００００,1142.61,1371,10000.0,11426100.0
2025-10-21,14,白身フライごはん,1142.61,1371,276.0,315360.0
2025-10-21,14,カルピス　Ｐグレープ,1142.61,1371,170.0,194244.0
2025-10-21,14,◎なすトマトソースグラタ,1142.61,1371,508.0,580446.0
2025-10-21,14,０１：ＢＥ：ＦＩＲＳＴ,1142.61,1371,0.0,0.0
2025-10-21,14,コミック乱ツインズ,1142.61,1371,528.0,603298.0
2025-10-21,14,いなり寿司５ヶ入,1142.61,1371,443.0,506176.0
2025-10-21,14,◎根菜入つくね和風スープ,1142.61,1371,406.0,463900.0
2025-10-21,14,もち明太チーズドリア,1142.61,1371,491.0,561022.0
2025-10-21,14,シングルモルト山崎１８０,1142.61,1371,1950.0,2228090.0
2025-10-21,14,グミチョコボールぶどう味,1142.61,1371,199.0,227379.0
2025-10-21,14,Ｈ綾鷹,1142.61,1371,128.0,146254.0
2025-10-21,14,Ｈ伊右衛門５００,1142.61,1371,138.0,157680.0
2025-10-21,14,堅あげポテト鬼旨ブラック,1142.61,1371,190.0,217096.0
2025-10-21,14,三陸産わかめおむすび,1142.61,1371,139.0,158823.0
2025-10-21,14,大きな　チキンとタルタル,1142.61,1371,304.0,347353.0
2025-10-21,14,サンドおむすび炙り焼チキ,1142.61,1371,352.0,402199.0
2025-10-21,14,ベースブレッドさつまいも,1142.61,1371,260.0,297079.0
2025-10-21,14,伊右衛門　京都サイダー,1142.61,1371,158.0,180532.0
2025-10-21,14,紅はるかのスイートポテト,1142.61,1371,264.0,301649.0
2025-10-21,14,スイートポテトロール,1142.61,1371,276.0,315360.0
2025-10-21,14,◎どかっと満足パン（ベー,1142.61,1371,230.0,262800.0
2025-10-21,14,掘って発見スイートポテト,1142.61,1371,341.0,389630.0
2025-10-21,14,メントスＤＵＯブラッドオ,1142.61,1371,163.0,186245.0
2025-10-21,14,カジッテミカン＆レモン,1142.61,1371,228.0,260515.0
2025-10-21,14,大盛！野菜スティック,1142.61,1371,369.0,421623.0
2025-10-21,14,スーパー大麦　梅ひじき,1142.61,1371,175.0,199957.0
2025-10-21,14,野菜生活北海道メロン,1142.61,1371,138.0,157680.0
2025-10-21,14,おーいお茶濃い茶１Ｌ,1142.61,1371,176.0,201099.0
2025-10-21,14,カジッテグレープ＆マスカ,1142.61,1371,228.0,260515.0
2025-10-21,14,生パスタ海老トマトクリム,1142.61,1371,508.0,580446.0
2025-10-21,14,◎スイートポテトタルトデ,1142.61,1371,158.0,180532.0
2025-10-21,14,青磯海苔　まぐろたたき,1142.61,1371,199.0,227379.0
2025-10-21,14,◎スイートポテト蒸しケ４,1142.61,1371,176.0,201099.0
2025-10-21,14,まいたけおこわ,1142.61,1371,185.0,211383.0
2025-10-21,14,◎どかっとパン（テリマヨ,1142.61,1371,135.0,154252.0
2025-10-21,14,鎌倉コロッケサンド,1142.61,1371,297.0,339355.0
2025-10-21,14,◎生フランスパン（おいも,1142.61,1371,156.0,178247.0
2025-10-21,14,◎おいものパウンドケーキ,1142.61,1371,167.0,190816.0
2025-10-21,14,ワイルドターキーＨＢ３５,1142.61,1371,238.0,271941.0
2025-10-21,14,サラダチキンのサラダ,1142.61,1371,239.0,273084.0
2025-10-21,14,ハムチーズとツナサンド,1142.61,1371,323.0,369063.0
2025-10-21,14,◎はちみつすいーとぽてと,1142.61,1371,176.0,201099.0
2025-10-21,14,ロリポップＣちいかわ黒猫,1142.61,1371,300.0,342783.0
2025-10-21,14,◎おいものマドレーヌ,1142.61,1371,167.0,190816.0
2025-10-21,14,シャンゴ監修　ベスビオ,1142.61,1371,582.0,664999.0
2025-10-21,14,ポケカ拡張　ロケット団,1142.61,1371,164.0,187388.0
2025-10-21,14,手巻寿司　３種のねばねば,1142.61,1371,190.0,217096.0
2025-10-21,14,グミチョコボール苺,1142.61,1371,199.0,227379.0
2025-10-21,14,増量３色そぼろ＆チキン南,1142.61,1371,580.0,662714.0
2025-10-21,14,◎紅はるかのおいもチップ,1142.61,1371,198.0,226237.0
2025-10-21,14,お手軽！冷しぶっかけそば,1142.61,1371,276.0,315360.0
2025-10-21,14,極上はちみつ紅茶Ｃ小袋,1142.61,1371,125.0,142826.0
2025-10-21,14,福かまど　べこ餅,1142.61,1371,165.0,188531.0
2025-10-21,14,ねぎたっぷり！豚肉そば,1142.61,1371,554.0,633006.0
2025-10-21,14,ヱビスビール３５０,1142.61,1371,254.0,290223.0
2025-10-21,14,Ｃ玄米プラス　アーモンド,1142.61,1371,180.0,205670.0
2025-10-21,14,お月見タルト　カスタード,1142.61,1371,276.0,315360.0
2025-10-21,14,爽健美茶　６００,1142.61,1371,158.0,180532.0
2025-10-21,14,鳴門金時ラテ,1142.61,1371,267.0,305077.0
2025-10-21,14,ｉｎゼリーＶカロリーゼロ,1142.61,1371,210.0,239948.0
2025-10-21,14,ヘパリーゼＷハイパー,1142.61,1371,380.0,434192.0
2025-10-21,14,増量特製ダレの炙り焼牛カ,1142.61,1371,625.0,714131.0
2025-10-21,14,増量明太海苔弁当,1142.61,1371,555.0,634149.0
2025-10-21,14,ヤクルトＹ１０００,1142.61,1371,150.0,171391.0
2025-10-21,14,クラッシュ蒟蒻畑ぶどう味,1142.61,1371,183.0,209098.0
2025-10-21,14,ブルガリアＹＯブルーベ,1142.61,1371,168.0,191958.0
2025-10-21,14,ビューティチャージハニー,1142.61,1371,548.0,626150.0
2025-10-21,14,ミックスアイスプラス,1142.61,1371,464.0,530171.0
2025-10-21,14,ＡｐｐｌｅＧＣ＿１万,1142.61,1371,10000.0,11426100.0
2025-10-21,14,馬サブロー,1142.61,1371,500.0,571305.0
2025-10-21,14,コロロ二十世紀梨,1142.61,1371,148.0,169106.0
2025-10-21,14,海老とあさりのスパゲティ,1142.61,1371,499.0,570162.0
2025-10-21,14,ライフガード５００,1142.61,1371,150.0,171391.0
2025-10-21,14,ブロックロス　ユニコーン,1142.61,1371,1700.0,1942437.0
2025-10-21,14,Ｈジョージア　カフェラテ,1142.61,1371,148.0,169106.0
2025-10-21,14,サッポロラガービール３５,1142.61,1371,216.0,246804.0
2025-10-21,14,手巻　チャーシューマヨ,1142.61,1371,185.0,211383.0
2025-10-21,14,大きなおむすび　鮭昆布,1142.61,1371,239.0,273084.0
2025-10-21,14,だし醤油まぶし飯海苔佃煮,1142.61,1371,156.0,178247.0
2025-10-21,14,忍者めし鉄の鎧グレープ味,1142.61,1371,160.0,182818.0
2025-10-21,14,ＢＳラーメン丸銀だこ,1142.61,1371,160.0,182818.0
2025-10-21,14,フェットチーネマスカット,1142.61,1371,112.0,127972.0
2025-10-21,14,ラインＳ２５秋の色黒小,1142.61,1371,390.0,445618.0
2025-10-21,14,ミルクブッセ,1142.61,1371,93.0,106263.0
2025-10-21,14,コーヒーブッセ,1142.61,1371,93.0,106263.0
2025-10-21,14,Ｈ伊右衛門焙じ茶,1142.61,1371,138.0,157680.0
2025-10-21,14,Ｈジョージア　ブラック,1142.61,1371,138.0,157680.0
2025-10-21,14,カフェオレクリームサンド,1142.61,1371,121.0,138256.0
2025-10-21,14,キレートレモンクエン酸,1142.61,1371,175.0,199957.0
2025-10-21,14,チョコパイとろ甘キャラメ,1142.61,1371,138.0,157680.0
2025-10-21,14,午後フルーツティ白ぶどう,1142.61,1371,158.0,180532.0
2025-10-21,14,午後フルーツティオレンジ,1142.61,1371,158.0,180532.0
2025-10-21,14,チョコパイほろ苦ダークカ,1142.61,1371,138.0,157680.0
2025-10-21,14,ガルボほろにがブラックＰ,1142.61,1371,175.0,199957.0
2025-10-21,14,スイートポテト＆ホイップ,1142.61,1371,348.0,397628.0
2025-10-21,14,白玉入りお芋のどら焼き,1142.61,1371,195.0,222809.0
2025-10-21,14,ピザサンド　さつまいも,1142.61,1371,306.0,349639.0
2025-10-21,14,カフェラッテクリーミーラ,1142.61,1371,181.0,206812.0
2025-10-21,14,ふわしゅわショコラスフレ,1142.61,1371,258.0,294793.0
2025-10-21,14,◎クロワッサンワッフル,1142.61,1371,167.0,190816.0
2025-10-21,14,ジャックジンジャーＨＢ３,1142.61,1371,210.0,239948.0
2025-10-21,14,たまご＆海老ブロサンド,1142.61,1371,348.0,397628.0
2025-10-21,14,◎チーズインてりやきバー,1142.61,1371,184.0,210240.0
2025-10-21,14,のむココナッツ杏仁,1142.61,1371,276.0,315360.0
2025-10-21,14,たまごっち　まんまる焼き,1142.61,1371,232.0,265086.0
2025-10-21,14,大粒ラムネ濃い果実ぶどう,1142.61,1371,133.0,151967.0
2025-10-21,14,ブロックロスジークアクス,1142.61,1371,1700.0,1942437.0
2025-10-21,14,サンド寿司サーモンチーズ,1142.61,1371,332.0,379347.0
2025-10-21,14,ダースミルク,1142.61,1371,191.0,218239.0
2025-10-21,14,ショコラキャラメルタルト,1142.61,1371,230.0,262800.0
2025-10-21,14,大きなつくねの醤油パスタ,1142.61,1371,510.0,582731.0
2025-10-21,14,コーンのバター醤油パスタ,1142.61,1371,426.0,486752.0
2025-10-21,14,◎グリルＣヨシダテリヤキ,1142.61,1371,232.0,265086.0
2025-10-21,14,スプバレ豊潤ラガー３５０,1142.61,1371,245.0,279939.0
2025-10-21,14,ハリボーハッピーグレープ,1142.61,1371,198.0,226237.0
2025-10-21,14,野菜を食べよう　タンメン,1142.61,1371,554.0,633006.0
2025-10-21,14,たべっ子グミグレープ＆マ,1142.61,1371,200.0,228522.0
2025-10-21,14,バヤリース果実のど飴,1142.61,1371,220.0,251374.0
2025-10-21,14,豚焼肉弁当（マヨネーズ付,1142.61,1371,499.0,570162.0
2025-10-21,14,ｈａｎａキンモクセイ,1142.61,1371,698.0,797542.0
2025-10-21,14,ちいかわひやキャラ,1142.61,1371,280.0,319931.0
2025-10-21,14,４Ｄグミサンリオキャラ,1142.61,1371,180.0,205670.0
2025-10-21,14,オイコス　ピーチ,1142.61,1371,189.0,215953.0
2025-10-21,14,サンリオグミチュアチャー,1142.61,1371,350.0,399913.0
2025-10-21,14,ブラックサンダー至福のバ,1142.61,1371,60.0,68557.0
2025-10-21,14,その他４口座売上,1142.61,1371,164.0,187388.0
2025-10-21,14,１日分Ｖゼリーピーチ,1142.61,1371,218.0,249089.0
2025-10-21,14,うるおいトラベルセット,1142.61,1371,1680.0,1919585.0
2025-10-21,14,ポップアップス！ハチワレ,1142.61,1371,390.0,445618.0
2025-10-21,14,ポップアップス！うさぎ,1142.61,1371,390.0,445618.0
2025-10-21,14,コロロ巨峰,1142.61,1371,148.0,169106.0
2025-10-21,14,◎ロングデニッシュ（バタ,1142.61,1371,121.0,138256.0
2025-10-21,14,麻辣湯（はるさめ麺）,1142.61,1371,554.0,633006.0
2025-10-21,14,◎ふくちゃん豚骨どんぶり,1142.61,1371,297.0,339355.0
2025-10-21,14,ポケカ拡張インフェルノ,1142.61,1371,164.0,187388.0
2025-10-21,14,５種チーズのドリア,1142.61,1371,499.0,570162.0
2025-10-21,14,新金封　結ちどり,1142.61,1371,500.0,571305.0
2025-10-21,14,チップスターＳバター味,1142.61,1371,158.0,180532.0
2025-10-21,14,レンジかき揚げそば,1142.61,1371,462.0,527886.0
2025-10-21,14,モッチュＳマスカット,1142.61,1371,148.0,169106.0
2025-10-21,14,まるごと和なしのど飴小袋,1142.61,1371,128.0,146254.0
2025-10-21,14,ガルボ紫いもＰＫＰ,1142.61,1371,175.0,199957.0
2025-10-21,14,クランキーＰＪストロベリ,1142.61,1371,175.0,199957.0
2025-10-21,14,漬けぶりおむすび,1142.61,1371,249.0,284510.0
2025-10-21,14,ライオンコーヒーブラック,1142.61,1371,168.0,191958.0
2025-10-21,14,ライオンコーヒカフェオレ,1142.61,1371,178.0,203385.0
2025-10-21,14,◎芋きんつば,1142.61,1371,184.0,210240.0
2025-10-21,14,たっぷりコーンマヨネーズ,1142.61,1371,297.0,339355.0
2025-10-21,14,◎肉たっぷり７種具材豚汁,1142.61,1371,369.0,421623.0
2025-10-21,14,Ｐガーナトリュフキャラメ,1142.61,1371,325.0,371348.0
2025-10-21,14,マミー風味シュークリーム,1142.61,1371,167.0,190816.0
2025-10-21,14,背徳　月見台湾風まぜそば,1142.61,1371,647.0,739269.0
2025-10-21,14,メキシカンチキン雑穀,1142.61,1371,462.0,527886.0
2025-10-21,14,森永れん乳風味クレープ,1142.61,1371,239.0,273084.0
2025-10-21,14,◎ふわもち食感のメープル,1142.61,1371,135.0,154252.0
2025-10-21,14,ライトニング電池充電器,1142.61,1371,2164.0,2472608.0
2025-10-21,14,大きな　月見おむすびマヨ,1142.61,1371,304.0,347353.0
2025-10-21,14,あなご寿司,1142.61,1371,255.0,291366.0
2025-10-21,14,とろ生おいもチーズケーキ,1142.61,1371,230.0,262800.0
2025-10-21,14,きつねおむすび,1142.61,1371,147.0,167964.0
2025-10-21,14,チキンチェダーたまご,1142.61,1371,452.0,516460.0
2025-10-21,14,◎ミニベーコンピザパン４,1142.61,1371,212.0,242233.0
2025-10-21,14,◎ミルクツイスト３本入,1142.61,1371,144.0,164536.0
2025-10-21,14,◎ルイボスティー６００,1142.61,1371,110.0,125687.0
2025-10-21,14,野菜生活青森りんご,1142.61,1371,118.0,134828.0
2025-10-21,14,専おかず全部乗せ！お弁当,1142.61,1371,323.0,369063.0
2025-10-21,14,１９６無糖３種の果実３５,1142.61,1371,161.0,183960.0
2025-10-21,14,◎生コッペパン（モンブラ,1142.61,1371,135.0,154252.0
2025-10-21,14,月見うさぎ,1142.61,1371,90.0,102835.0
2025-10-21,14,◎芋あん豆大福,1142.61,1371,165.0,188531.0
2025-10-21,14,エナジーの塊,1142.61,1371,199.0,227379.0
2025-10-21,14,ちいかわチャームグミ,1142.61,1371,380.0,434192.0
2025-10-21,14,◎ロングスティックパン（,1142.61,1371,158.0,180532.0
2025-10-21,14,いちごドーナツ棒１本,1142.61,1371,74.0,84553.0
2025-10-21,14,マカダミアチョコ沖縄黒糖,1142.61,1371,333.0,380489.0
2025-10-21,14,カフェラッテ,1142.61,1371,181.0,206812.0
2025-10-21,14,グミっちょ夕張メロン,1142.61,1371,238.0,271941.0
2025-10-21,14,◎ボロネーゼ風ラザニア,1142.61,1371,369.0,421623.0
2025-10-21,14,ガパオまぜごはん,1142.61,1371,163.0,186245.0
2025-10-21,14,今治ＴＨ斜ＳＴ　Ｔ紺,1142.61,1371,600.0,685566.0
2025-10-21,14,ＳＤドライクリスタル３５,1142.61,1371,216.0,246804.0
2025-10-21,14,◎ふわふわアソートリン４,1142.61,1371,193.0,220524.0
2025-10-21,14,月見チーズバーガー,1142.61,1371,399.0,455901.0
2025-10-21,14,厚切りロースカツサンド,1142.61,1371,426.0,486752.0
2025-10-21,14,きのこの山ポケットパック,1142.61,1371,161.0,183960.0
2025-10-21,14,暴君ハバネロ１５０粒ハバ,1142.61,1371,176.0,201099.0
2025-10-21,14,Ｈ午後の紅茶ミルクティー,1142.61,1371,159.0,181675.0
2025-10-21,14,たけのこの里ＰＫＰ,1142.61,1371,161.0,183960.0
2025-10-21,15,しらすおむすび,1134.02,1361,165.0,187113.0
2025-10-21,15,Ｍアーモンドチョコレート,1134.02,1361,305.0,345876.0
2025-10-21,15,龍角散ののどすっきりタブ,1134.02,1361,200.0,226804.0
2025-10-21,15,忍者めし鋼グレープ味,1134.02,1361,148.0,167835.0
2025-10-21,15,◎もちもちくるみパン,1134.02,1361,128.0,145155.0
2025-10-21,15,ｉｎゼリーエネルギー,1134.02,1361,210.0,238144.0
2025-10-21,15,◎白生クロワッサン（ダブ,1134.02,1361,156.0,176907.0
2025-10-21,15,モンスター　リッパー,1134.02,1361,213.0,241546.0
2025-10-21,15,◎レモン香るティーソーダ,1134.02,1361,130.0,147423.0
2025-10-21,15,カルピス　ひんやりライチ,1134.02,1361,160.0,181443.0
2025-10-21,15,カルピスウォーター５００,1134.02,1361,160.0,181443.0
2025-10-21,15,トロピカーナアップル,1134.02,1361,120.0,136082.0
2025-10-21,15,ミンティアＢカルピス,1134.02,1361,211.0,239278.0
2025-10-21,15,◎ボディＰレモンミント,1134.02,1361,350.0,396907.0
2025-10-21,15,薬用リップスティック,1134.02,1361,299.0,339072.0
2025-10-21,15,さらさらシートクール,1134.02,1361,295.0,334536.0
2025-10-21,15,◎のむＹＧアサイーボウル,1134.02,1361,184.0,208660.0
2025-10-21,15,Ｚｅｒｏシート携帯,1134.02,1361,328.0,371959.0
2025-10-21,15,レッドブルエナジー２５０,1134.02,1361,198.0,224536.0
2025-10-21,15,ペパーミント１００ＭＬ,1134.02,1361,200.0,226804.0
2025-10-21,15,ヘアリングゴム黒,1134.02,1361,200.0,226804.0
2025-10-21,15,１日分鉄分のむヨーグルト,1134.02,1361,145.0,164433.0
2025-10-21,15,ザバスミルクココア風味,1134.02,1361,181.0,205258.0
2025-10-21,15,イーラインマスクベージュ,1134.02,1361,299.0,339072.0
2025-10-21,15,ブルガリアＹＯ　苺,1134.02,1361,158.0,179175.0
2025-10-21,15,◎カフェラテレギュラー,1134.02,1361,181.0,205258.0
2025-10-21,15,金のミルクキャンディ,1134.02,1361,221.0,250618.0
2025-10-21,15,ミンティアＢリフレッシュ,1134.02,1361,211.0,239278.0
2025-10-21,15,邪払のど飴,1134.02,1361,258.0,292577.0
2025-10-21,15,◎生コッペパン（たまご）,1134.02,1361,128.0,145155.0
2025-10-21,15,キレートクエン酸ゼリー,1134.02,1361,210.0,238144.0
2025-10-21,15,◎もっち歩き（チョコ）,1134.02,1361,125.0,141752.0
2025-10-21,15,ミンティアワイルド＆クー,1134.02,1361,105.0,119072.0
2025-10-21,15,アーモンドＣ香ばしＰＪ,1134.02,1361,175.0,198454.0
2025-10-21,15,ミンティアＢクリスタル,1134.02,1361,211.0,239278.0
2025-10-21,15,ブラックＴひとくちサイズ,1134.02,1361,120.0,136082.0
2025-10-21,15,ジャムグミいちご,1134.02,1361,182.0,206392.0
2025-10-21,15,ぷにキャラグミちいかわ,1134.02,1361,218.0,247216.0
2025-10-21,15,ソルベットグミ白桃味,1134.02,1361,140.0,158763.0
2025-10-21,15,つぶグミカタイソーダ,1134.02,1361,168.0,190515.0
2025-10-21,15,たべっ子グミパイナップル,1134.02,1361,200.0,226804.0
2025-10-21,15,おとうふくんグミ,1134.02,1361,161.0,182577.0
2025-10-21,15,あの日夢見た雲グミ,1134.02,1361,171.0,193917.0
2025-10-21,15,ピュレグミなつももソーダ,1134.02,1361,150.0,170103.0
2025-10-21,15,ポケぷに,1134.02,1361,218.0,247216.0
2025-10-21,15,龍角散のど飴ｍａｘＳＴ,1134.02,1361,160.0,181443.0
2025-10-21,15,忍者めし巨峰,1134.02,1361,125.0,141752.0
2025-10-21,15,即攻元気ゼリー,1134.02,1361,204.0,231340.0
2025-10-21,15,龍角散のど飴スティック,1134.02,1361,140.0,158763.0
2025-10-21,15,のど飴,1134.02,1361,124.0,140618.0
2025-10-21,15,忍者めし鋼マスカット味,1134.02,1361,148.0,167835.0
2025-10-21,15,◎ドライマンゴー,1134.02,1361,276.0,312990.0
2025-10-21,15,◎カリカリ梅無着色小袋,1134.02,1361,184.0,208660.0
2025-10-21,15,大粒ラムネ,1134.02,1361,133.0,150825.0
2025-10-21,15,牛乳パン,1134.02,1361,230.0,260825.0
2025-10-21,15,１本満足プロテイン　ＷＴ,1134.02,1361,171.0,193917.0
2025-10-21,15,シルキータッチ大きめ,1134.02,1361,398.0,451340.0
2025-10-21,15,スマートカラーグレー,1134.02,1361,566.0,641855.0
2025-10-21,15,◎しっとりやわらか食パ６,1134.02,1361,158.0,179175.0
2025-10-21,15,◎ファミマ・ザ・クリーム,1134.02,1361,128.0,145155.0
2025-10-21,15,たまごサンド,1134.02,1361,265.0,300515.0
2025-10-21,15,具だくさん！チキン南蛮,1134.02,1361,221.0,250618.0
2025-10-21,15,具だくさん！チャーシュー,1134.02,1361,215.0,243814.0
2025-10-21,15,キャメＭマスカットＰＬ,1134.02,1361,455.0,515979.0
2025-10-21,15,◎ソフトなチーズクリーム,1134.02,1361,135.0,153093.0
2025-10-21,15,キャメＭベリープルーム,1134.02,1361,455.0,515979.0
2025-10-21,15,◎バタークロワッサンメロ,1134.02,1361,147.0,166701.0
2025-10-21,15,キャメＭコールドプルーム,1134.02,1361,455.0,515979.0
2025-10-21,15,◎チョコチップスナック６,1134.02,1361,135.0,153093.0
2025-10-21,15,◎ファミマ・ザ・メロンパ,1134.02,1361,128.0,145155.0
2025-10-21,15,ラーククラシックＭ,1134.02,1361,491.0,556804.0
2025-10-21,15,ラッキーＥＸカット１４,1134.02,1361,428.0,485361.0
2025-10-21,15,ラッキーＢチルベリー８,1134.02,1361,428.0,485361.0
2025-10-21,15,◎生コッペパン（コロッケ,1134.02,1361,167.0,189381.0
2025-10-21,15,ラッキーストライク,1134.02,1361,564.0,639587.0
2025-10-21,15,◎生コッペパン（焼きそば,1134.02,1361,167.0,189381.0
2025-10-21,15,ラッキーシガリロＳライト,1134.02,1361,428.0,485361.0
2025-10-21,15,◎白生コッペパン（トリプ,1134.02,1361,147.0,166701.0
2025-10-21,15,◎ひと口もち食感チーズ（,1134.02,1361,149.0,168969.0
2025-10-21,15,マルボロ・メン８Ｂ,1134.02,1361,546.0,619175.0
2025-10-21,15,◎もっちパン（ミート＆チ,1134.02,1361,121.0,137216.0
2025-10-21,15,◎お肉たっぷりメンチカツ,1134.02,1361,184.0,208660.0
2025-10-21,15,◎天然水新潟県津南６００,1134.02,1361,110.0,124742.0
2025-10-21,15,◎ミニクリームパン５個入,1134.02,1361,149.0,168969.0
2025-10-21,15,◎ジャスミン茶６００,1134.02,1361,110.0,124742.0
2025-10-21,15,クリームたい焼きカスター,1134.02,1361,165.0,187113.0
2025-10-21,15,アスティーグ肌　Ｍ,1134.02,1361,600.0,680412.0
2025-10-21,15,◎のむヨーグルトプレーン,1134.02,1361,149.0,168969.0
2025-10-21,15,ルーロー飯おむすび,1134.02,1361,194.0,220000.0
2025-10-21,15,グリーンダカラ,1134.02,1361,141.0,159897.0
2025-10-21,15,ウィルキンソン　タンサン,1134.02,1361,112.0,127010.0
2025-10-21,15,チョコラＢＢハイパー,1134.02,1361,380.0,430928.0
2025-10-21,15,◎発酵バター香るチョコク,1134.02,1361,147.0,166701.0
2025-10-21,15,◎ダブルチョコデニッシュ,1134.02,1361,128.0,145155.0
2025-10-21,15,ウコンの力ドリンク,1134.02,1361,191.0,216598.0
2025-10-21,15,リポビタンＤ,1134.02,1361,164.0,185979.0
2025-10-21,15,◎ゴロゴロチョコのクッキ,1134.02,1361,138.0,156495.0
2025-10-21,15,ジョージア　カフェモカ,1134.02,1361,168.0,190515.0
2025-10-21,15,ジョージア　カフェラテ,1134.02,1361,159.0,180309.0
2025-10-21,15,◎しっとりケーキ（チョコ,1134.02,1361,135.0,153093.0
2025-10-21,15,ジョージア　ブラック,1134.02,1361,149.0,168969.0
2025-10-21,15,◎白生フランスパン（つぶ,1134.02,1361,156.0,176907.0
2025-10-21,15,◎天然水長野県安曇野２Ｌ,1134.02,1361,112.0,127010.0
2025-10-21,15,午後の紅茶　レモンティー,1134.02,1361,160.0,181443.0
2025-10-21,15,◎緑茶６００,1134.02,1361,110.0,124742.0
2025-10-21,15,◎ぶどうぱん（シュガーマ,1134.02,1361,128.0,145155.0
2025-10-21,15,◎麦茶６００,1134.02,1361,110.0,124742.0
2025-10-21,15,健康ミネラルむぎ茶,1134.02,1361,158.0,179175.0
2025-10-21,15,◎生スコーン６個入,1134.02,1361,172.0,195051.0
2025-10-21,15,◎アップル香るジャスミン,1134.02,1361,110.0,124742.0
2025-10-21,15,塩バター揚げ焼きくりーむ,1134.02,1361,276.0,312990.0
2025-10-21,15,マルボロ・メン１２Ｂ,1134.02,1361,546.0,619175.0
2025-10-21,15,専ＵＦＯ大盛焼そばパンガ,1134.02,1361,276.0,312990.0
2025-10-21,15,じゃがりこチーズ,1134.02,1361,185.0,209794.0
2025-10-21,15,◎冷やし胡瓜一本漬,1134.02,1361,172.0,195051.0
2025-10-21,15,◎タンスティックレモン,1134.02,1361,184.0,208660.0
2025-10-21,15,メビウスＥＸＬ,1134.02,1361,528.0,598763.0
2025-10-21,15,メビウスＬ,1134.02,1361,528.0,598763.0
2025-10-21,15,メビウスＳＬ１００Ｂ,1134.02,1361,528.0,598763.0
2025-10-21,15,焙煎ごまドレッシング,1134.02,1361,33.0,37423.0
2025-10-21,15,◎半熟ゆでたまご１個,1134.02,1361,98.0,111134.0
2025-10-21,15,ポケカ拡張　ホワイト,1134.02,1361,264.0,299381.0
2025-10-21,15,テリアスムースレギュラー,1134.02,1361,528.0,598763.0
2025-10-21,15,高菜の寿司,1134.02,1361,176.0,199588.0
2025-10-21,15,レジ袋弁当大バイオマス,1134.02,1361,5.0,5670.0
2025-10-21,15,ホープ１０,1134.02,1361,273.0,309587.0
2025-10-21,15,手巻　紀州南高梅,1134.02,1361,158.0,179175.0
2025-10-21,15,手巻　真昆布,1134.02,1361,158.0,179175.0
2025-10-21,15,大きな　僕の梅おかか,1134.02,1361,297.0,336804.0
2025-10-21,15,味付海苔　おかか味噌,1134.02,1361,161.0,182577.0
2025-10-21,15,増量　手巻　紅しゃけ,1134.02,1361,195.0,221134.0
2025-10-21,15,増量　手巻　辛子明太子,1134.02,1361,195.0,221134.0
2025-10-21,15,大きな　昆布とツナマヨ,1134.02,1361,269.0,305051.0
2025-10-21,15,手巻　たらこマヨネーズ,1134.02,1361,188.0,213196.0
2025-10-21,15,豚バラしょうゆ,1134.02,1361,276.0,312990.0
2025-10-21,15,サンドおむすび　牛カルビ,1134.02,1361,328.0,371959.0
2025-10-21,15,手巻　紅しゃけ,1134.02,1361,195.0,221134.0
2025-10-21,15,レジ袋１２号バイオマス,1134.02,1361,3.0,3402.0
2025-10-21,15,ピース・ライト・ＢＯＸ,1134.02,1361,546.0,619175.0
2025-10-21,15,ピアニシモ・アリア・メン,1134.02,1361,519.0,588556.0
2025-10-21,15,◎海鮮スティック明太マヨ,1134.02,1361,167.0,189381.0
2025-10-21,15,センティアＩブラック,1134.02,1361,482.0,546598.0
2025-10-21,15,冷し明太とろろうどん,1134.02,1361,508.0,576082.0
2025-10-21,15,冷したぬきうどん,1134.02,1361,399.0,452474.0
2025-10-21,15,ゆず冷し鶏塩おろしうどん,1134.02,1361,526.0,596495.0
2025-10-21,15,テリアイエローメンソール,1134.02,1361,528.0,598763.0
2025-10-21,15,テリアサンパール,1134.02,1361,528.0,598763.0
2025-10-21,15,テリアシャインパール,1134.02,1361,528.0,598763.0
2025-10-21,15,マルボロ・ボックス,1134.02,1361,546.0,619175.0
2025-10-21,15,シーチキン＆コーンサラダ,1134.02,1361,249.0,282371.0
2025-10-21,15,ケントエス１・１００Ｂ,1134.02,1361,455.0,515979.0
2025-10-21,15,ローストチキンパスタサラ,1134.02,1361,369.0,418453.0
2025-10-21,15,エボルタＮＥＯ単４－４Ｐ,1134.02,1361,659.0,747319.0
2025-10-21,15,ライトニング１．２ｍ,1134.02,1361,1800.0,2041236.0
2025-10-21,15,ＣＲバーナーライター,1134.02,1361,190.0,215464.0
2025-10-21,15,耐風ビニール傘７０,1134.02,1361,862.0,977525.0
2025-10-21,15,ダブルシュー,1134.02,1361,172.0,195051.0
2025-10-21,15,デイリースポーツ東日本,1134.02,1361,146.0,165567.0
2025-10-21,15,冷やして食べるバウム,1134.02,1361,167.0,189381.0
2025-10-21,15,マカロンチョコパッション,1134.02,1361,267.0,302783.0
2025-10-21,15,日刊ゲンダイ,1134.02,1361,164.0,185979.0
2025-10-21,15,日本経済新聞,1134.02,1361,182.0,206392.0
2025-10-21,15,ＡｍａｚｏｎＶＡＲ,1134.02,1361,10000.0,11340200.0
2025-10-21,15,２種のキンパ,1134.02,1361,510.0,578350.0
2025-10-21,15,セブンスター,1134.02,1361,546.0,619175.0
2025-10-21,15,セブンスター・ＢＯＸ,1134.02,1361,546.0,619175.0
2025-10-21,15,手巻　辛子明太子,1134.02,1361,195.0,221134.0
2025-10-21,15,カロリーＭハーフ　バニラ,1134.02,1361,110.0,124742.0
2025-10-21,15,手巻シーチキンマヨネーズ,1134.02,1361,165.0,187113.0
2025-10-21,15,直巻　和風ツナマヨネーズ,1134.02,1361,149.0,168969.0
2025-10-21,15,テリアブラックＭ１０Ｐ,1134.02,1361,5273.0,5979687.0
2025-10-21,15,アサヒ生ビール３５０,1134.02,1361,216.0,244948.0
2025-10-21,15,スーパードライ３５０,1134.02,1361,216.0,244948.0
2025-10-21,15,さばと青じそおむすび,1134.02,1361,139.0,157629.0
2025-10-21,15,テリアＯパール,1134.02,1361,528.0,598763.0
2025-10-21,15,ポケカ拡張　ブラック,1134.02,1361,264.0,299381.0
2025-10-21,15,ポケカ拡張　バトルＰ,1134.02,1361,164.0,185979.0
2025-10-21,15,サラサクリップ　黒,1134.02,1361,99.0,112268.0
2025-10-21,15,ＬＩＢＥＲＡミルク,1134.02,1361,277.0,314124.0
2025-10-21,15,◎しみチョココーン,1134.02,1361,147.0,166701.0
2025-10-21,15,◎チョコシュー,1134.02,1361,128.0,145155.0
2025-10-21,15,もち麦　鮭ひじきしそ風味,1134.02,1361,163.0,184845.0
2025-10-21,15,◎こだわりのフロランタン,1134.02,1361,184.0,208660.0
2025-10-21,15,◎もちもちレモンドーナツ,1134.02,1361,149.0,168969.0
2025-10-21,15,◎濃厚ミルクドーナツ,1134.02,1361,100.0,113402.0
2025-10-21,15,◎焼たまごカレートースト,1134.02,1361,167.0,189381.0
2025-10-21,15,スイートサンダーいちご,1134.02,1361,60.0,68041.0
2025-10-21,15,ブラックサンダー,1134.02,1361,41.0,46495.0
2025-10-21,15,◎大きいウインナー,1134.02,1361,153.0,173505.0
2025-10-21,15,◎大きいあらびきチョリソ,1134.02,1361,153.0,173505.0
2025-10-21,15,パウダー２５０％ハッピー,1134.02,1361,120.0,136082.0
2025-10-21,15,◎ベーコンチーズオニオン,1134.02,1361,149.0,168969.0
2025-10-21,15,Ｆグレイシアラムネわらび,1134.02,1361,156.0,176907.0
2025-10-21,15,じゃがりこサラダ,1134.02,1361,185.0,209794.0
2025-10-21,15,ミンティアコールドスマッ,1134.02,1361,105.0,119072.0
2025-10-21,15,直巻　とり五目,1134.02,1361,165.0,187113.0
2025-10-21,15,ラッキーＳメンソール,1134.02,1361,391.0,443402.0
2025-10-21,15,ラッキーＳダークＭ,1134.02,1361,391.0,443402.0
2025-10-21,15,直巻　明太子マヨネーズ,1134.02,1361,165.0,187113.0
2025-10-21,15,直巻　焼しゃけ,1134.02,1361,158.0,179175.0
2025-10-21,15,レジ袋,1134.02,1361,3.0,3402.0
2025-10-21,15,１９６ＳＴゼロＷレモン３,1134.02,1361,161.0,182577.0
2025-10-21,15,角ハイボール３５０,1134.02,1361,219.0,248350.0
2025-10-21,15,氷結レモン３５０,1134.02,1361,168.0,190515.0
2025-10-21,15,生ハム寿司,1134.02,1361,212.0,240412.0
2025-10-21,15,テリアブラックパープルＭ,1134.02,1361,528.0,598763.0
2025-10-21,15,テリアブラックメンソール,1134.02,1361,528.0,598763.0
2025-10-21,15,手巻寿司　納豆,1134.02,1361,184.0,208660.0
2025-10-21,15,テリアミント,1134.02,1361,528.0,598763.0
2025-10-21,15,手巻寿司　シーチキンマヨ,1134.02,1361,167.0,189381.0
2025-10-21,15,テリアメンソール,1134.02,1361,528.0,598763.0
2025-10-21,15,テリアリッチレギュラー,1134.02,1361,528.0,598763.0
2025-10-21,15,テリアリビエラパール,1134.02,1361,528.0,598763.0
2025-10-21,15,テリアレギュラー,1134.02,1361,528.0,598763.0
2025-10-21,15,鮭はらみおむすび,1134.02,1361,258.0,292577.0
2025-10-21,15,助六寿司,1134.02,1361,482.0,546598.0
2025-10-21,15,テリアＢルビーＭ,1134.02,1361,528.0,598763.0
2025-10-21,15,ネオアークティックＭ,1134.02,1361,455.0,515979.0
2025-10-21,15,高菜たくあんおむすび,1134.02,1361,135.0,153093.0
2025-10-21,15,ラッキーＳダークタバコ,1134.02,1361,391.0,443402.0
2025-10-21,15,◎ハムチーズマヨネーズ２,1134.02,1361,135.0,153093.0
2025-10-21,15,ＭＶコールドＭプルーム,1134.02,1361,455.0,515979.0
2025-10-21,15,まるで桃みたいなケーキ,1134.02,1361,276.0,312990.0
2025-10-21,15,クリームワッフルクッキー,1134.02,1361,260.0,294845.0
2025-10-21,15,調製豆乳,1134.02,1361,105.0,119072.0
2025-10-21,15,テリアパープルメンソール,1134.02,1361,528.0,598763.0
2025-10-21,15,テリアバランスドＲ,1134.02,1361,528.0,598763.0
2025-10-21,15,野菜一日これ一本,1134.02,1361,113.0,128144.0
2025-10-21,15,◎デニッシュブレッド３枚,1134.02,1361,156.0,176907.0
2025-10-21,15,センティアＳバイオレット,1134.02,1361,482.0,546598.0
2025-10-21,15,◎バタークロワッサンメ３,1134.02,1361,156.0,176907.0
2025-10-21,15,センティアＩパープル,1134.02,1361,482.0,546598.0
2025-10-21,15,◎ファミマの牛乳５００,1134.02,1361,175.0,198454.0
2025-10-21,15,サブレサンドバニライチゴ,1134.02,1361,332.0,376495.0
2025-10-21,15,冷しニンニクまぜそば,1134.02,1361,647.0,733711.0
2025-10-21,15,ＳＰＡＭ　タコスミート,1134.02,1361,315.0,357216.0
2025-10-21,15,ＳＰＡＭ　ツナマヨネーズ,1134.02,1361,266.0,301649.0
2025-10-21,15,不明,1134.02,1361,164.0,185979.0
2025-10-21,15,レジ袋４５号バイオマス,1134.02,1361,7.0,7938.0
2025-10-21,15,鮭ほぐし飯（和風だしごは,1134.02,1361,338.0,383299.0
2025-10-21,15,天タレおむすび,1134.02,1361,138.0,156495.0
2025-10-21,15,植物生のスパイシーカレー,1134.02,1361,146.0,165567.0
2025-10-21,15,赤飯おむすび,1134.02,1361,165.0,187113.0
2025-10-21,15,レジ袋２０号バイオマス,1134.02,1361,5.0,5670.0
2025-10-21,15,鶏のうまみ！鶏そぼろ弁当,1134.02,1361,320.0,362886.0
2025-10-21,15,冷しビャンビャン麺,1134.02,1361,510.0,578350.0
2025-10-21,15,ラッキーＳＲタバコ１０Ｐ,1134.02,1361,3910.0,4434018.0
2025-10-21,15,野沢菜いなり寿司,1134.02,1361,179.0,202990.0
2025-10-21,15,国産チキン彩り野菜うどん,1134.02,1361,554.0,628247.0
2025-10-21,15,手巻寿司　ねぎとろ（青ま,1134.02,1361,230.0,260825.0
2025-10-21,15,かぶり寿司　唐揚げ巻,1134.02,1361,283.0,320928.0
2025-10-21,15,塩こんぶおむすび,1134.02,1361,139.0,157629.0
2025-10-21,15,サンド寿司　まぐろたくあ,1134.02,1361,334.0,378763.0
2025-10-21,15,冷たい生パスタ海老トマト,1134.02,1361,499.0,565876.0
2025-10-21,15,ジューシーハムサンド,1134.02,1361,297.0,336804.0
2025-10-21,15,ラッキーＳリッチタバコ,1134.02,1361,391.0,443402.0
2025-10-21,15,テリヤキチキンとたまごＳ,1134.02,1361,323.0,366288.0
2025-10-21,15,ラッキーＳベリーＭ,1134.02,1361,391.0,443402.0
2025-10-21,15,ラッキーＳトロピカルＳ,1134.02,1361,391.0,443402.0
2025-10-21,15,３種チーズとハムのサンド,1134.02,1361,323.0,366288.0
2025-10-21,15,ベコンレタストマトサンド,1134.02,1361,369.0,418453.0
2025-10-21,15,ネオＢベリーハイパー用,1134.02,1361,455.0,515979.0
2025-10-21,15,チキン南蛮サンド,1134.02,1361,369.0,418453.0
2025-10-21,15,ミックスサンド,1134.02,1361,276.0,312990.0
2025-10-21,15,鶏焼肉のバインミー,1134.02,1361,369.0,418453.0
2025-10-21,15,シーチキン＆たまごサラダ,1134.02,1361,239.0,271031.0
2025-10-21,15,棒棒鶏風サラダ,1134.02,1361,406.0,460412.0
2025-10-21,15,和風ドレッシング,1134.02,1361,33.0,37423.0
2025-10-21,15,シャキシャキレタスサンド,1134.02,1361,297.0,336804.0
2025-10-21,15,サメジマブルーソーダ味,1134.02,1361,178.0,201856.0
2025-10-21,15,蒸鶏とねぎのトマトパスタ,1134.02,1361,462.0,523917.0
2025-10-21,15,大きなおむすび唐揚げマヨ,1134.02,1361,290.0,328866.0
2025-10-21,15,本まぐろわさび醤油おむす,1134.02,1361,280.0,317526.0
2025-10-21,15,◎ベーコンペッパーマヨ,1134.02,1361,121.0,137216.0
2025-10-21,15,メビウス,1134.02,1361,528.0,598763.0
2025-10-21,15,シャインマスカットのど飴,1134.02,1361,105.0,119072.0
2025-10-21,15,ぷっちょＳＴメガコーラ,1134.02,1361,118.0,133814.0
2025-10-21,15,ハイチュウグレープ,1134.02,1361,127.0,144021.0
2025-10-21,15,ハイライトメンソール,1134.02,1361,473.0,536391.0
2025-10-21,15,ハイチュウＰシャインマス,1134.02,1361,152.0,172371.0
2025-10-21,15,センティアＦグリーン,1134.02,1361,482.0,546598.0
2025-10-21,15,ハイライト,1134.02,1361,473.0,536391.0
2025-10-21,15,ハイチュウＰ巨峰,1134.02,1361,152.0,172371.0
2025-10-21,15,キャメルクラフトＭ５,1134.02,1361,410.0,464948.0
2025-10-21,15,アメスピＯＭ１,1134.02,1361,382.0,433196.0
2025-10-21,15,アメスピＯＭライト,1134.02,1361,382.0,433196.0
2025-10-21,15,コロロシャインマスカット,1134.02,1361,148.0,167835.0
2025-10-21,15,コーラアップ,1134.02,1361,242.0,274433.0
2025-10-21,15,アメスピライト,1134.02,1361,382.0,433196.0
2025-10-21,15,ハイチュウＰヨーグルト,1134.02,1361,152.0,172371.0
2025-10-21,15,ＭＶスムースＲプルーム,1134.02,1361,455.0,515979.0
2025-10-21,15,◎しみ旨フレンチトースト,1134.02,1361,144.0,163299.0
2025-10-21,15,ＭＶシトラスＯＰプルーム,1134.02,1361,455.0,515979.0
2025-10-21,15,◎もちっとつぶあんドーナ,1134.02,1361,125.0,141752.0
2025-10-21,15,◎ミニフレンチトースト４,1134.02,1361,172.0,195051.0
2025-10-21,15,センティアＤブロンズ,1134.02,1361,482.0,546598.0
2025-10-21,15,センティアＣジェイド,1134.02,1361,482.0,546598.0
2025-10-21,15,センティアクリアシルバー,1134.02,1361,482.0,546598.0
2025-10-21,15,専ＵＦＯプチ焼そばパン４,1134.02,1361,212.0,240412.0
2025-10-21,15,ケントＴＲメンソール,1134.02,1361,437.0,495567.0
2025-10-21,15,◎北海道メロンパン,1134.02,1361,125.0,141752.0
2025-10-21,15,ケントＴメンソール,1134.02,1361,437.0,495567.0
2025-10-21,15,◎生コッペパン（あんバタ,1134.02,1361,135.0,153093.0
2025-10-21,15,◎白生コッペパン（カスタ,1134.02,1361,128.0,145155.0
2025-10-21,15,マルボロ・ブラックＭ８,1134.02,1361,546.0,619175.0
2025-10-21,15,ＭＶＰＧレギュラーウィズ,1134.02,1361,546.0,619175.0
2025-10-21,15,ＭＶＰＧメンソールウィズ,1134.02,1361,546.0,619175.0
2025-10-21,15,ＭＶＧレッドＭウィズ,1134.02,1361,546.0,619175.0
2025-10-21,15,◎ふんわりホットケーキ２,1134.02,1361,128.0,145155.0
2025-10-21,15,◎完熟バナナパンケーキ,1134.02,1361,138.0,156495.0
2025-10-21,15,ＭＶベリーＯＰプルーム,1134.02,1361,455.0,515979.0
2025-10-21,15,◎いちごのクロワッサン（,1134.02,1361,147.0,166701.0
2025-10-21,15,ＭＶブラックＣＭプルーム,1134.02,1361,455.0,515979.0
2025-10-21,15,タフグミグレーピーパンチ,1134.02,1361,238.0,269897.0
2025-10-21,15,はちみつカリンのど飴,1134.02,1361,124.0,140618.0
2025-10-21,15,メビウスワン,1134.02,1361,528.0,598763.0
2025-10-21,15,メビウスＥ１　１００Ｓ,1134.02,1361,455.0,515979.0
2025-10-21,15,◎スーパーＣＨ無糖レモ３,1134.02,1361,119.0,134948.0
2025-10-21,15,おむすびおかずＳ（昆・ツ,1134.02,1361,434.0,492165.0
2025-10-21,15,特撰　白角水割　２５０,1134.02,1361,175.0,198454.0
2025-10-21,15,茉莉花ジャスミン茶割ＪＪ,1134.02,1361,181.0,205258.0
2025-10-21,15,檸檬堂夏のラムネとレモン,1134.02,1361,160.0,181443.0
2025-10-21,15,手巻寿司　サーモン（青ま,1134.02,1361,230.0,260825.0
2025-10-21,15,本搾りライム３５０,1134.02,1361,168.0,190515.0
2025-10-21,15,未来のレサワオリジナル３,1134.02,1361,271.0,307319.0
2025-10-21,15,ルイボスティーハイ３４０,1134.02,1361,181.0,205258.0
2025-10-21,15,手巻寿司　青しそ納豆,1134.02,1361,190.0,215464.0
2025-10-21,15,◎スーパーＣＨグレフル３,1134.02,1361,119.0,134948.0
2025-10-21,15,大関　佳撰ワンカップ,1134.02,1361,219.0,248350.0
2025-10-21,15,金麦３５０,1134.02,1361,180.0,204124.0
2025-10-21,15,いなり寿司３ヶ入,1134.02,1361,276.0,312990.0
2025-10-21,15,ザプレミアムモルツ３５０,1134.02,1361,254.0,288041.0
2025-10-21,15,黒ラベル３５０,1134.02,1361,216.0,244948.0
2025-10-21,15,炙り焼辛子明太子おむすび,1134.02,1361,251.0,284639.0
2025-10-21,15,◎パン・オ・ショコラ４個,1134.02,1361,184.0,208660.0
2025-10-21,15,６種具材の冷し中華,1134.02,1361,536.0,607835.0
2025-10-21,15,センティアＦパープル,1134.02,1361,482.0,546598.0
2025-10-21,15,キシリトール粒フレッシュ,1134.02,1361,178.0,201856.0
2025-10-21,15,大粒ラムネＲすっぱレモン,1134.02,1361,133.0,150825.0
2025-10-21,15,マルボロアイスＢ・Ｍ８,1134.02,1361,546.0,619175.0
2025-10-21,15,マルボロアイスＢ・Ｍ５,1134.02,1361,546.0,619175.0
2025-10-21,15,ベロＭＰＭインテンス,1134.02,1361,291.0,330000.0
2025-10-21,15,◎黒胡椒香るチーズフラン,1134.02,1361,184.0,208660.0
2025-10-21,15,ケント・１・１００ＢＯＸ,1134.02,1361,473.0,536391.0
2025-10-21,15,◎ファミマ・ザ・カレーパ,1134.02,1361,139.0,157629.0
2025-10-21,15,ケントエス・スパーク１,1134.02,1361,455.0,515979.0
2025-10-21,15,◎手巻きソーセージドーナ,1134.02,1361,158.0,179175.0
2025-10-21,15,マルボロゴールドＢ,1134.02,1361,546.0,619175.0
2025-10-21,15,キシリトール粒グレープ,1134.02,1361,178.0,201856.0
2025-10-21,15,キシリトール粒ライムミン,1134.02,1361,178.0,201856.0
2025-10-21,15,Ｗ・Ｃ・ホワイト・５,1134.02,1361,491.0,556804.0
2025-10-21,15,メビＰＭＯＰＰ１１００,1134.02,1361,528.0,598763.0
2025-10-21,15,メビウスＳＬ,1134.02,1361,528.0,598763.0
2025-10-21,15,フリスクＦＦマスカット,1134.02,1361,278.0,315258.0
2025-10-21,15,ヨーグレットミニ,1134.02,1361,150.0,170103.0
2025-10-21,15,メビウスＥＭＯＰＰ５Ｓ,1134.02,1361,455.0,515979.0
2025-10-21,15,メロンソーダアップ,1134.02,1361,242.0,274433.0
2025-10-21,15,ラムネアップ,1134.02,1361,242.0,274433.0
2025-10-21,15,サンスポ（サンケ,1134.02,1361,164.0,185979.0
2025-10-21,15,コンパクトＳ２４．５ｃｍ,1134.02,1361,230.0,260825.0
2025-10-21,15,忍者めしラムネ,1134.02,1361,125.0,141752.0
2025-10-21,15,週刊少年ジャンプ,1134.02,1361,282.0,319794.0
2025-10-21,15,男梅グミ,1134.02,1361,143.0,162165.0
2025-10-21,15,週　刊　文　春,1134.02,1361,464.0,526185.0
2025-10-21,15,◎ドライみかん,1134.02,1361,276.0,312990.0
2025-10-21,15,ヤングマガジン,1134.02,1361,464.0,526185.0
2025-10-21,15,◎ドライりんご,1134.02,1361,276.0,312990.0
2025-10-21,15,◎５種のナッツ＆フルーツ,1134.02,1361,198.0,224536.0
2025-10-21,15,◎おしゃぶり昆布,1134.02,1361,172.0,195051.0
2025-10-21,15,ＢＩＣ電子ライター,1134.02,1361,170.0,192783.0
2025-10-21,15,◎やみつき種ぬき干し梅,1134.02,1361,175.0,198454.0
2025-10-21,15,コンパクトＳ２１．５ｃｍ,1134.02,1361,230.0,260825.0
2025-10-21,15,◎除菌ハンディＷティシュ,1134.02,1361,164.0,185979.0
2025-10-21,15,コカ・コーラ　３００,1134.02,1361,110.0,124742.0
2025-10-21,15,◎みるくバターまんじゅう,1134.02,1361,144.0,163299.0
2025-10-21,15,◎パイまんじゅうつぶあん,1134.02,1361,153.0,173505.0
2025-10-21,15,ピュレグミＰ白桃,1134.02,1361,180.0,204124.0
2025-10-21,15,ピュレグミＰマスカット,1134.02,1361,180.0,204124.0
2025-10-21,15,ピュレグミグレープ味,1134.02,1361,150.0,170103.0
2025-10-21,15,◎紅はるかの熟成干し芋,1134.02,1361,260.0,294845.0
2025-10-21,15,龍角散ののどすっきり飴袋,1134.02,1361,280.0,317526.0
2025-10-21,15,まい塩あめ小袋,1134.02,1361,138.0,156495.0
2025-10-21,15,今治ＴＨドット,1134.02,1361,600.0,680412.0
2025-10-21,15,ハンカチＳＴ,1134.02,1361,600.0,680412.0
2025-10-21,15,婦人ショートＳ白,1134.02,1361,390.0,442268.0
2025-10-21,15,ひざ下２足ヌードベージュ,1134.02,1361,500.0,567010.0
2025-10-21,15,邪払のど飴小袋,1134.02,1361,119.0,134948.0
2025-10-21,15,◎ばんそうこうＭサイズ,1134.02,1361,362.0,410515.0
2025-10-21,15,プリッツ旨サラダ,1134.02,1361,131.0,148557.0
2025-10-21,15,◎チョコマシュマロ,1134.02,1361,139.0,157629.0
2025-10-21,15,◎ミニバタークッキー,1134.02,1361,128.0,145155.0
2025-10-21,15,シルキータッチふつう,1134.02,1361,398.0,451340.0
2025-10-21,15,◎練乳はちみつドーナツ,1134.02,1361,147.0,166701.0
2025-10-21,15,◎こだわりのマドレーヌ,1134.02,1361,147.0,166701.0
2025-10-21,15,ソフトタンポンコンパクト,1134.02,1361,282.0,319794.0
2025-10-21,15,◎こだわりのワッフル,1134.02,1361,144.0,163299.0
2025-10-21,15,今治ＴＨＳＴ／青橙,1134.02,1361,600.0,680412.0
2025-10-21,15,ジェットスリーム０．５,1134.02,1361,150.0,170103.0
2025-10-21,15,リングメモＡ７Ｂ罫,1134.02,1361,208.0,235876.0
2025-10-21,15,ハリボーハッピーコーラ,1134.02,1361,198.0,224536.0
2025-10-21,15,東スポ（東京スポーツ）,1134.02,1361,164.0,185979.0
2025-10-21,15,ドデカミンＢＩＧ,1134.02,1361,149.0,168969.0
2025-10-21,15,今治ＴＨネイビーＭＩＸ,1134.02,1361,600.0,680412.0
2025-10-21,15,◎ミニ羊羹　煉,1134.02,1361,91.0,103196.0
2025-10-21,15,ペプシコーラ　６００,1134.02,1361,130.0,147423.0
2025-10-21,15,無香料ケープ　ＳＨ　小,1134.02,1361,300.0,340206.0
2025-10-21,15,◎贅沢バウムクーヘン,1134.02,1361,202.0,229072.0
2025-10-21,15,◎とろけるチョコミントＣ,1134.02,1361,139.0,157629.0
2025-10-21,15,◎４種のフルーツケーキ,1134.02,1361,156.0,176907.0
2025-10-21,15,バナナバウムクーヘン,1134.02,1361,139.0,157629.0
2025-10-21,15,さらさらシートせっけん,1134.02,1361,295.0,334536.0
2025-10-21,15,ベースブレッドシナモン,1134.02,1361,260.0,294845.0
2025-10-21,15,ビオレふくだけＣうるおい,1134.02,1361,341.0,386701.0
2025-10-21,15,ベースブレッドチョコ,1134.02,1361,260.0,294845.0
2025-10-21,15,ベースブレッドメープル,1134.02,1361,260.0,294845.0
2025-10-21,15,天然水きりっとヨグ,1134.02,1361,159.0,180309.0
2025-10-21,15,Ｆリーフィアロールケーキ,1134.02,1361,165.0,187113.0
2025-10-21,15,梅のり巻,1134.02,1361,142.0,161031.0
2025-10-21,15,耐風ビニール傘６５,1134.02,1361,705.0,799484.0
2025-10-21,15,ＣＷワンタッチ開閉折傘,1134.02,1361,2014.0,2283916.0
2025-10-21,15,レインコートＬ,1134.02,1361,687.0,779072.0
2025-10-21,15,アクオグリーンミント,1134.02,1361,170.0,192783.0
2025-10-21,15,アクオクリアブルーミント,1134.02,1361,170.0,192783.0
2025-10-21,15,◎春雨スープ担々麺味,1134.02,1361,167.0,189381.0
2025-10-21,15,◎とん汁,1134.02,1361,167.0,189381.0
2025-10-21,15,Ｆレモンクリームのロール,1134.02,1361,153.0,173505.0
2025-10-21,15,クリアクリーントラベル,1134.02,1361,323.0,366288.0
2025-10-21,15,◎濃厚チョコパウンド,1134.02,1361,213.0,241546.0
2025-10-21,15,モンスターエナジーボトル,1134.02,1361,297.0,336804.0
2025-10-21,15,おっとっとうすしお味,1134.02,1361,131.0,148557.0
2025-10-21,15,チップスターＳうすしお味,1134.02,1361,144.0,163299.0
2025-10-21,15,アクエリアス５００,1134.02,1361,160.0,181443.0
2025-10-21,15,チップスターＳコンソメ味,1134.02,1361,144.0,163299.0
2025-10-21,15,サントリー天然水　２Ｌ,1134.02,1361,131.0,148557.0
2025-10-21,15,天然水１Ｌ,1134.02,1361,168.0,190515.0
2025-10-21,15,◎キャラメルコーン,1134.02,1361,119.0,134948.0
2025-10-21,15,◎ＢＳラーメン丸チキン味,1134.02,1361,119.0,134948.0
2025-10-21,15,◎天然水新潟県津南３７０,1134.02,1361,100.0,113402.0
2025-10-21,15,ＳＯＹＪＯＹ　黒ゴマ,1134.02,1361,125.0,141752.0
2025-10-21,15,◎きんつば,1134.02,1361,158.0,179175.0
2025-10-21,15,ウェルチ　１房分のぶどう,1134.02,1361,160.0,181443.0
2025-10-21,15,天然水きりっと果実,1134.02,1361,159.0,180309.0
2025-10-21,15,玉ねぎせん,1134.02,1361,158.0,179175.0
2025-10-21,15,贅沢保湿ポケットＴ,1134.02,1361,169.0,191649.0
2025-10-21,15,◎チョコミントタルト,1134.02,1361,176.0,199588.0
2025-10-21,15,◎チョコミントロール,1134.02,1361,167.0,189381.0
2025-10-21,15,◎水に流せるポケットＴ,1134.02,1361,133.0,150825.0
2025-10-21,15,◎紀州南高梅茎わかめ,1134.02,1361,158.0,179175.0
2025-10-21,15,◎種ぬきはちみつ干し梅,1134.02,1361,158.0,179175.0
2025-10-21,15,今治ＴＨ２５夏の色白,1134.02,1361,600.0,680412.0
2025-10-21,15,１本満足シリアルチョコ,1134.02,1361,152.0,172371.0
2025-10-21,15,１本満足シリアルブラック,1134.02,1361,152.0,172371.0
2025-10-21,15,爽健美茶３００,1134.02,1361,110.0,124742.0
2025-10-21,15,おーいお茶緑茶　３５０,1134.02,1361,110.0,124742.0
2025-10-21,15,１本満足シリアルホワイト,1134.02,1361,152.0,172371.0
2025-10-21,15,伊右衛門特茶,1134.02,1361,170.0,192783.0
2025-10-21,15,ヘルシア緑茶　３５０ｍｌ,1134.02,1361,180.0,204124.0
2025-10-21,15,Ｃ玄米ブラン　ブルーベリ,1134.02,1361,155.0,175773.0
2025-10-21,15,クラフトボスイタリアーノ,1134.02,1361,159.0,180309.0
2025-10-21,15,Ｃ玄米ブランメープル,1134.02,1361,155.0,175773.0
2025-10-21,15,モーニングマアムバニラ,1134.02,1361,130.0,147423.0
2025-10-21,15,◎玄米茶　６００,1134.02,1361,110.0,124742.0
2025-10-21,15,◎台湾烏龍茶　６００,1134.02,1361,110.0,124742.0
2025-10-21,15,ｉｎゼリーマルチビタミン,1134.02,1361,210.0,238144.0
2025-10-21,15,Ｃ１０００ビタミンレモン,1134.02,1361,130.0,147423.0
2025-10-21,15,◎ピーチマンゴールイボス,1134.02,1361,110.0,124742.0
2025-10-21,15,オロナミンＣ,1134.02,1361,135.0,153093.0
2025-10-21,15,ヘパリーゼＷ,1134.02,1361,276.0,312990.0
2025-10-21,15,い・ろ・は・す５４０,1134.02,1361,118.0,133814.0
2025-10-21,15,カロリＭハーフチーズ味,1134.02,1361,110.0,124742.0
2025-10-21,15,クラフトボス　ミルクラテ,1134.02,1361,166.0,188247.0
2025-10-21,15,伊右衛門　６００,1134.02,1361,158.0,179175.0
2025-10-21,15,午後の紅茶　ミルクティー,1134.02,1361,160.0,181443.0
2025-10-21,15,◎オレンジ香アールグレイ,1134.02,1361,110.0,124742.0
2025-10-21,15,きのこベーコン醤油パスタ,1134.02,1361,434.0,492165.0
2025-10-21,15,小岩井　Ｔｈｅカフェオレ,1134.02,1361,159.0,180309.0
2025-10-21,15,おーいお茶濃く香るほうじ,1134.02,1361,158.0,179175.0
2025-10-21,15,クラフトボスブラック,1134.02,1361,149.0,168969.0
2025-10-21,15,ウィルキンソン　レモン,1134.02,1361,112.0,127010.0
2025-10-21,15,クラフトボス　ラテ,1134.02,1361,159.0,180309.0
2025-10-21,15,除菌アルコールタオル,1134.02,1361,238.0,269897.0
2025-10-21,15,１００％　オレンジ,1134.02,1361,168.0,190515.0
2025-10-21,15,カルピス　ザ　リッチ,1134.02,1361,160.0,181443.0
2025-10-21,15,フェイシャルペーパー,1134.02,1361,250.0,283505.0
2025-10-21,15,ｉｎバーザクザクビター,1134.02,1361,170.0,192783.0
2025-10-21,15,ｉｎバー　ベイクドチョコ,1134.02,1361,170.0,192783.0
2025-10-21,15,カシミヤＥＸポケット,1134.02,1361,162.0,183711.0
2025-10-21,15,カロリＭハーフチョコ,1134.02,1361,110.0,124742.0
2025-10-21,15,アイルＣＲ電子ライター,1134.02,1361,159.0,180309.0
2025-10-21,15,カロリーＭハーフフルーツ,1134.02,1361,110.0,124742.0
2025-10-21,15,◎有機栽培の恵み天津甘栗,1134.02,1361,165.0,187113.0
2025-10-21,15,アクエリアス　９５０,1134.02,1361,166.0,188247.0
2025-10-21,15,はだおもい２３ｃｍ,1134.02,1361,253.0,286907.0
2025-10-21,15,コンパクトＳ３０．５ｃｍ,1134.02,1361,230.0,260825.0
2025-10-21,15,イーラインマスクピンク,1134.02,1361,299.0,339072.0
2025-10-21,15,プリングルズサワクリＳ,1134.02,1361,158.0,179175.0
2025-10-21,15,スタイルフィットグレー,1134.02,1361,410.0,464948.0
2025-10-21,15,スタイルフィットＯＬ,1134.02,1361,410.0,464948.0
2025-10-21,15,じゃがビーバターしょうゆ,1134.02,1361,164.0,185979.0
2025-10-21,15,ストロングサワーＣオニオ,1134.02,1361,155.0,175773.0
2025-10-21,15,超快適マスクふつう,1134.02,1361,350.0,396907.0
2025-10-21,15,超快適マスクやや大きめ,1134.02,1361,350.0,396907.0
2025-10-21,15,超快適マスク小さめ,1134.02,1361,350.0,396907.0
2025-10-21,15,７ＤＡＹＳマスク大きめ,1134.02,1361,298.0,337938.0
2025-10-21,15,◎香ばしいバタピー,1134.02,1361,167.0,189381.0
2025-10-21,15,フリクションノックＢＫ,1134.02,1361,230.0,260825.0
2025-10-21,15,◎薫製したうずらたまご,1134.02,1361,249.0,282371.0
2025-10-21,15,富士通ＰＲＥ　単４－４Ｐ,1134.02,1361,528.0,598763.0
2025-10-21,15,◎素焼きミックスナッツ,1134.02,1361,360.0,408247.0
2025-10-21,15,◎ＰＣ濃いめのり塩,1134.02,1361,139.0,157629.0
2025-10-21,15,◎ハンディウェットティシ,1134.02,1361,117.0,132680.0
2025-10-21,15,グリーンダカラ麦茶６８０,1134.02,1361,148.0,167835.0
2025-10-21,15,◎ジュワっとした塩バター,1134.02,1361,130.0,147423.0
2025-10-21,15,ベースブレッドミルク,1134.02,1361,260.0,294845.0
2025-10-21,15,メビウス・ワン・ＢＯＸ,1134.02,1361,528.0,598763.0
2025-10-21,15,カントリーＭミニバニラ,1134.02,1361,121.0,137216.0
2025-10-21,15,ミニたべっ子塩バター味,1134.02,1361,160.0,181443.0
2025-10-21,15,ｅ－ｍａのどグレープ小袋,1134.02,1361,118.0,133814.0
2025-10-21,15,金のミルク小袋,1134.02,1361,138.0,156495.0
2025-10-21,15,塩分チャージタブ小袋塩レ,1134.02,1361,140.0,158763.0
2025-10-21,15,ネオＣＬタバコハイパー用,1134.02,1361,455.0,515979.0
2025-10-21,15,キャメルクラフト６,1134.02,1361,410.0,464948.0
2025-10-21,15,ＭＶＧパープルＭウィズ,1134.02,1361,546.0,619175.0
2025-10-21,15,ＭＶアップルＯＰプルーム,1134.02,1361,455.0,515979.0
2025-10-21,15,ＭＶシャープＣＭプルーム,1134.02,1361,455.0,515979.0
2025-10-21,15,◎チョコチップクッキー,1134.02,1361,128.0,145155.0
2025-10-21,15,ＭＶディープＲプルーム,1134.02,1361,455.0,515979.0
2025-10-21,15,◎ちいさなオールレーズン,1134.02,1361,128.0,145155.0
2025-10-21,15,◎ガトーショコラ風チョコ,1134.02,1361,165.0,187113.0
2025-10-21,15,ＭＶペア―ＯＰプルーム,1134.02,1361,455.0,515979.0
2025-10-21,15,ベースブレッドこしあん,1134.02,1361,276.0,312990.0
2025-10-21,15,ベースブレッドオレンジ,1134.02,1361,276.0,312990.0
2025-10-21,15,◎スティックサラミ,1134.02,1361,110.0,124742.0
2025-10-21,15,◎おつまみイカフライ,1134.02,1361,110.0,124742.0
2025-10-21,15,週刊　モーニング,1134.02,1361,428.0,485361.0
2025-10-21,15,ジャパンニューズ,1134.02,1361,137.0,155361.0
2025-10-21,15,スポーツ報知東日本,1134.02,1361,164.0,185979.0
2025-10-21,15,東京新聞,1134.02,1361,128.0,145155.0
2025-10-21,15,毎日新聞,1134.02,1361,146.0,165567.0
2025-10-21,15,茨城新聞,1134.02,1361,137.0,155361.0
2025-10-21,15,堅ぶつ揚げとうもろこし味,1134.02,1361,128.0,145155.0
2025-10-21,15,ガルボつぶ練り苺ＰＫＰ,1134.02,1361,175.0,198454.0
2025-10-21,15,テリアフュージョンＭ,1134.02,1361,528.0,598763.0
2025-10-21,15,テリアブラックイエローＭ,1134.02,1361,528.0,598763.0
2025-10-21,15,チョコあーんぱん袋,1134.02,1361,121.0,137216.0
2025-10-21,15,産経新聞,1134.02,1361,128.0,145155.0
2025-10-21,15,タフグミ梅マニア,1134.02,1361,238.0,269897.0
2025-10-21,15,テリアトロピカルＭ,1134.02,1361,528.0,598763.0
2025-10-21,15,ＡｐｐｌｅＧＣ＿ＶＡＲ,1134.02,1361,3250.0,3685565.0
2025-10-21,15,ラッキーＥＸカット６,1134.02,1361,428.0,485361.0
2025-10-21,15,キャメルリッチプルーム,1134.02,1361,455.0,515979.0
2025-10-21,15,ソイチキン根菜ラップ,1134.02,1361,369.0,418453.0
2025-10-21,15,ガルボポケットパック,1134.02,1361,175.0,198454.0
2025-10-21,15,クランキーＰＪクランチＣ,1134.02,1361,175.0,198454.0
2025-10-21,15,センティアＴイエロー,1134.02,1361,482.0,546598.0
2025-10-21,15,◎カリカリ梅赤小袋,1134.02,1361,184.0,208660.0
2025-10-21,15,一番搾りホワイト３５０,1134.02,1361,216.0,244948.0
2025-10-21,15,未来のレサワプレーン３４,1134.02,1361,271.0,307319.0
2025-10-21,15,ガーナザクほろ塩ミルＰＪ,1134.02,1361,177.0,200722.0
2025-10-21,15,ひとくちルマンド,1134.02,1361,162.0,183711.0
2025-10-21,15,センティアＳゴールド,1134.02,1361,482.0,546598.0
2025-10-21,15,スニッカーズピーナッツ,1134.02,1361,150.0,170103.0
2025-10-21,15,◎こだわりのフィナンシェ,1134.02,1361,135.0,153093.0
2025-10-21,15,ツナたまごサンド,1134.02,1361,246.0,278969.0
2025-10-21,15,ちびサワーズドリンクアソ,1134.02,1361,211.0,239278.0
2025-10-21,15,メントスグレープ,1134.02,1361,120.0,136082.0
2025-10-21,15,スッパイスッパイマン大作,1134.02,1361,139.0,157629.0
2025-10-21,15,ミンティアＢ濃苺,1134.02,1361,211.0,239278.0
2025-10-21,15,シゲキックス梅ソルト味,1134.02,1361,120.0,136082.0
2025-10-21,15,植物生まれマスカットグミ,1134.02,1361,148.0,167835.0
2025-10-21,15,ザ・クレープ　生チョコ,1134.02,1361,230.0,260825.0
2025-10-21,15,さけるチーズプレーン,1134.02,1361,141.0,159897.0
2025-10-21,15,ナカミグミもも味,1134.02,1361,168.0,190515.0
2025-10-21,15,◎生コッペパン（ツナ＆ポ,1134.02,1361,149.0,168969.0
2025-10-21,15,◎いちごモッチ,1134.02,1361,139.0,157629.0
2025-10-21,15,◎アップルクリームデニッ,1134.02,1361,135.0,153093.0
2025-10-21,15,◎たっぷりクリームデニッ,1134.02,1361,116.0,131546.0
2025-10-21,15,クロレッツＸＰ　オリジナ,1134.02,1361,180.0,204124.0
2025-10-21,15,ミンティアドライハード,1134.02,1361,105.0,119072.0
2025-10-21,15,ミンティアＢシャイニーピ,1134.02,1361,211.0,239278.0
2025-10-21,15,果汁グミぶどう,1134.02,1361,152.0,172371.0
2025-10-21,15,ピュレグミレモン味,1134.02,1361,150.0,170103.0
2025-10-21,15,◎サラダチキンＳハーブ,1134.02,1361,172.0,195051.0
2025-10-21,15,◎グリルチキンＢＰ,1134.02,1361,221.0,250618.0
2025-10-21,15,野菜生活シークヮーサー,1134.02,1361,118.0,133814.0
2025-10-21,15,トマトジュース食塩無添加,1134.02,1361,113.0,128144.0
2025-10-21,15,エッセンシャルズ鉄分,1134.02,1361,152.0,172371.0
2025-10-21,15,エッセンシャルズビタミン,1134.02,1361,152.0,172371.0
2025-10-21,15,ネクターピーチティー,1134.02,1361,193.0,218866.0
2025-10-21,15,◎カフェラテ　砂糖不使用,1134.02,1361,181.0,205258.0
2025-10-21,15,のむフルーチェイチゴ,1134.02,1361,249.0,282371.0
2025-10-21,15,◎のむヨーグルトいちご,1134.02,1361,162.0,183711.0
2025-10-21,15,ＯＡＴＳＩＤＥプレーン,1134.02,1361,128.0,145155.0
2025-10-21,15,激シゲキックスソーダ,1134.02,1361,120.0,136082.0
2025-10-21,15,◎サラダチキンＳスモーク,1134.02,1361,172.0,195051.0
2025-10-21,15,ブレンドＳ,1134.02,1361,135.0,153093.0
2025-10-21,15,◎グリルチキンやきとり,1134.02,1361,221.0,250618.0
2025-10-21,15,アイスコーヒーＳ,1134.02,1361,135.0,153093.0
2025-10-21,15,◎おつまみかまぼこチーズ,1134.02,1361,173.0,196185.0
2025-10-21,15,◎豆腐と枝豆のひじき和え,1134.02,1361,239.0,271031.0
2025-10-21,15,◎特製ダレの味付けたまご,1134.02,1361,304.0,344742.0
2025-10-21,15,豚しゃぶのパスタサラダ,1134.02,1361,369.0,418453.0
2025-10-21,15,豚しゃぶおろしパスタサラ,1134.02,1361,369.0,418453.0
2025-10-21,15,彩りサラダチキンサンド,1134.02,1361,399.0,452474.0
2025-10-21,15,ゆでたまご＆ハムミックス,1134.02,1361,323.0,366288.0
2025-10-21,15,焦がし醤油風グリルチキン,1134.02,1361,369.0,418453.0
2025-10-21,15,ラッキーＥＸカット１０,1134.02,1361,428.0,485361.0
2025-10-21,15,◎チョコツイスト３本入,1134.02,1361,144.0,163299.0
2025-10-21,15,生ハムとルッコラ,1134.02,1361,462.0,523917.0
2025-10-21,15,◎生コッペパン（ダブルピ,1134.02,1361,135.0,153093.0
2025-10-21,15,おいしい牛乳２００ＭＬ,1134.02,1361,133.0,150825.0
2025-10-21,15,◎白生クリームパン（ダブ,1134.02,1361,147.0,166701.0
2025-10-21,15,◎炙りいかそうめん,1134.02,1361,193.0,218866.0
2025-10-21,15,Ｗ・Ｃホワイト１・１００,1134.02,1361,491.0,556804.0
2025-10-21,15,チップスターＳ梅しそ味,1134.02,1361,158.0,179175.0
2025-10-21,15,◎フランクロール,1134.02,1361,184.0,208660.0
2025-10-21,15,メビＰメンＯＰＰ８,1134.02,1361,528.0,598763.0
2025-10-21,15,今治ＴＨ千鳥,1134.02,1361,600.0,680412.0
2025-10-21,15,つかめる実験！ふしぎ玉,1134.02,1361,180.0,204124.0
2025-10-21,15,三次元マスクふつう,1134.02,1361,350.0,396907.0
2025-10-21,15,メビウスＥＸＬＢ,1134.02,1361,528.0,598763.0
2025-10-21,15,グミチョコ苺,1134.02,1361,233.0,264227.0
2025-10-21,15,マカダミアＰＪカラメリゼ,1134.02,1361,175.0,198454.0
2025-10-21,15,たべっ子ラムネレモン味,1134.02,1361,150.0,170103.0
2025-10-21,15,ポテトＣおたくのマヨ味,1134.02,1361,190.0,215464.0
2025-10-21,15,ケントＮＳインテンスリＦ,1134.02,1361,500.0,567010.0
2025-10-21,15,メビウスＥＭＯＰＰ１Ｓ,1134.02,1361,455.0,515979.0
2025-10-21,15,３色そぼろ＆チキン南蛮弁,1134.02,1361,580.0,657732.0
2025-10-21,15,海苔巻おかき,1134.02,1361,228.0,258557.0
2025-10-21,15,レジ袋４５号,1134.02,1361,7.0,7938.0
2025-10-21,15,◎マシマシ紅しょうがせん,1134.02,1361,119.0,134948.0
2025-10-21,15,◎おこめチップスのりしお,1134.02,1361,249.0,282371.0
2025-10-21,15,メビウス１・１００ＢＯＸ,1134.02,1361,528.0,598763.0
2025-10-21,15,◎ミニクッキー,1134.02,1361,128.0,145155.0
2025-10-21,15,グリーンガム,1134.02,1361,138.0,156495.0
2025-10-21,15,◎黒ごまミニアスパラガス,1134.02,1361,119.0,134948.0
2025-10-21,15,健康のど飴梅小袋,1134.02,1361,128.0,145155.0
2025-10-21,15,メビＰメンＯＰＰ５,1134.02,1361,528.0,598763.0
2025-10-21,15,富士通ＰＲＥ　単３－４Ｐ,1134.02,1361,528.0,598763.0
2025-10-21,15,オリオンドラフト３５０,1134.02,1361,216.0,244948.0
2025-10-21,15,週刊少年マガジン,1134.02,1361,364.0,412783.0
2025-10-21,15,ｉｎバープロテインバニラ,1134.02,1361,170.0,192783.0
2025-10-21,15,◎ひとくちこしあん大福５,1134.02,1361,156.0,176907.0
2025-10-21,15,ミルク餅,1134.02,1361,130.0,147423.0
2025-10-21,15,◎有明産の海苔,1134.02,1361,121.0,137216.0
2025-10-21,15,まるごとりんごのど飴小袋,1134.02,1361,128.0,145155.0
2025-10-21,15,キットカットバー,1134.02,1361,140.0,158763.0
2025-10-21,15,グミだよ。レモネード味,1134.02,1361,166.0,188247.0
2025-10-21,15,カンデミーナＷ電撃ライチ,1134.02,1361,200.0,226804.0
2025-10-21,15,◎スパイシービーフジャー,1134.02,1361,156.0,176907.0
2025-10-21,15,ＢＳラーメンおつまみ,1134.02,1361,131.0,148557.0
2025-10-21,15,ケントトゥルータバコ,1134.02,1361,437.0,495567.0
2025-10-21,15,フェットチーネＰピーチパ,1134.02,1361,148.0,167835.0
2025-10-21,15,◎超暴君ハバネロ,1134.02,1361,128.0,145155.0
2025-10-21,15,◎ノアールミニ,1134.02,1361,119.0,134948.0
2025-10-21,15,スティックのりＰＩＴ,1134.02,1361,232.0,263093.0
2025-10-21,15,ケントＴリッチタバコ,1134.02,1361,437.0,495567.0
2025-10-21,15,クロレッツＸＰシャープミ,1134.02,1361,180.0,204124.0
2025-10-21,15,クールループド,1134.02,1361,455.0,515979.0
2025-10-21,15,ラーク・マイルド・ＢＯＸ,1134.02,1361,491.0,556804.0
2025-10-21,15,週　刊　プ　ロ　レ　ス,1134.02,1361,573.0,649793.0
2025-10-21,15,◎しっとりバウムクーヘン,1134.02,1361,167.0,189381.0
2025-10-21,15,◎つぶあんどら焼き,1134.02,1361,144.0,163299.0
2025-10-21,15,今治ＴＨドット／黒青,1134.02,1361,600.0,680412.0
2025-10-21,15,アメスピＯＬゴールド,1134.02,1361,382.0,433196.0
2025-10-21,15,ビッグ　コミック,1134.02,1361,437.0,495567.0
2025-10-21,15,グランドジャンプ,1134.02,1361,437.0,495567.0
2025-10-21,15,◎ばかうけたっぷり青のり,1134.02,1361,110.0,124742.0
2025-10-21,15,ニベアディープモイスチャ,1134.02,1361,533.0,604433.0
2025-10-21,15,ホロチャージホロライブＧ,1134.02,1361,260.0,294845.0
2025-10-21,15,トロピカーナオレンジ,1134.02,1361,150.0,170103.0
2025-10-21,15,１本満足プロテインチョコ,1134.02,1361,171.0,193917.0
2025-10-21,15,プロテインバー　チョコ,1134.02,1361,180.0,204124.0
2025-10-21,15,堅あげポテトうすしお味,1134.02,1361,179.0,202990.0
2025-10-21,15,氷結グレープフルーツ３５,1134.02,1361,168.0,190515.0
2025-10-21,15,読売新聞,1134.02,1361,164.0,185979.0
2025-10-21,15,週刊ベースボール,1134.02,1361,564.0,639587.0
2025-10-21,15,明治Ｒ－１ドリンク,1134.02,1361,149.0,168969.0
2025-10-21,15,◎瀬戸内レモンピール,1134.02,1361,167.0,189381.0
2025-10-21,15,雑貨（雑誌便）,1134.02,1361,2490.0,2823710.0
2025-10-21,15,マルボロ・メン４Ｂ,1134.02,1361,546.0,619175.0
2025-10-21,15,Ｗ・Ｃレッド８・ＢＯＸ,1134.02,1361,491.0,556804.0
2025-10-21,15,ネオＢワイルドベリー,1134.02,1361,455.0,515979.0
2025-10-21,15,ポリッピーしお味,1134.02,1361,120.0,136082.0
2025-10-21,15,特撰月餅,1134.02,1361,140.0,158763.0
2025-10-21,15,ＭＶＰＧフローズンウィズ,1134.02,1361,546.0,619175.0
2025-10-21,15,ふわもち生大福　コーヒー,1134.02,1361,138.0,156495.0
2025-10-21,15,ラー油四川風麻婆焼そば,1134.02,1361,499.0,565876.0
2025-10-21,15,サラサクリップ　赤,1134.02,1361,99.0,112268.0
2025-10-21,15,エボコールドＭ　ＰＬＭ,1134.02,1361,500.0,567010.0
2025-10-21,15,べスティＥＸ首振り,1134.02,1361,100.0,113402.0
2025-10-21,15,野菜スティック味噌マヨ,1134.02,1361,276.0,312990.0
2025-10-21,15,冷たい明太カルボナーラ,1134.02,1361,499.0,565876.0
2025-10-21,15,フレッシュ野菜サラダ,1134.02,1361,199.0,225670.0
2025-10-21,15,ミニチーズおかきお好み焼,1134.02,1361,147.0,166701.0
2025-10-21,15,メビウスＥＯＰＰ８,1134.02,1361,455.0,515979.0
2025-10-21,15,週刊少年サンデー,1134.02,1361,346.0,392371.0
2025-10-21,15,セロテープ小巻直線カッタ,1134.02,1361,220.0,249484.0
2025-10-21,15,メビウスＢ,1134.02,1361,528.0,598763.0
2025-10-21,15,洗顔シート　石けんの香り,1134.02,1361,246.0,278969.0
2025-10-21,15,ラーク・ＢＯＸ,1134.02,1361,491.0,556804.0
2025-10-21,15,日刊ゲンダイ　通常版,1134.02,1361,164.0,185979.0
2025-10-21,15,ＡｐｐｌｅＧＣ　ＶＡＲ,1134.02,1361,5000.0,5670100.0
2025-10-21,15,ＭＶマスカットＯＰＰＬＭ,1134.02,1361,455.0,515979.0
2025-10-21,15,タフグミｍｉｎｉデュオ,1134.02,1361,238.0,269897.0
2025-10-21,15,フェイシャルＰアイス,1134.02,1361,250.0,283505.0
2025-10-21,15,パリジャンサンドハムチズ,1134.02,1361,323.0,366288.0
2025-10-21,15,レインボーキューブグミ,1134.02,1361,198.0,224536.0
2025-10-21,15,冷しとろろそば,1134.02,1361,508.0,576082.0
2025-10-21,15,メビウス１００Ｂ,1134.02,1361,528.0,598763.0
2025-10-21,15,◎グリルチキン梅しそ,1134.02,1361,221.0,250618.0
2025-10-21,15,午後の紅茶　ストレート,1134.02,1361,160.0,181443.0
2025-10-21,15,ネオアイスドＭハイパー,1134.02,1361,455.0,515979.0
2025-10-21,15,じゃがりこＬ明太もんじゃ,1134.02,1361,218.0,247216.0
2025-10-21,15,◎ふんわりカステラ,1134.02,1361,119.0,134948.0
2025-10-21,15,プロテインピーナッツバタ,1134.02,1361,249.0,282371.0
2025-10-21,15,ＭＶアロマＲプルーム,1134.02,1361,473.0,536391.0
2025-10-21,15,さけるチーズとうがらし味,1134.02,1361,141.0,159897.0
2025-10-21,15,◎麻辣花生,1134.02,1361,128.0,145155.0
2025-10-21,15,無限そら豆濃塩ポーク,1134.02,1361,158.0,179175.0
2025-10-21,15,ＡｐｐｌｅＧＣ１．５千,1134.02,1361,1500.0,1701030.0
2025-10-21,15,冷シート　フローラル,1134.02,1361,462.0,523917.0
2025-10-21,15,ポカリスエット５００,1134.02,1361,150.0,170103.0
2025-10-21,15,ポッキーチョコレート,1134.02,1361,207.0,234742.0
2025-10-21,15,メビウスＥ６　１００Ｓ,1134.02,1361,455.0,515979.0
2025-10-21,15,オイコス　ストロベリー,1134.02,1361,189.0,214330.0
2025-10-21,15,センティアＣグリーン,1134.02,1361,482.0,546598.0
2025-10-21,15,デイリースポーツ,1134.02,1361,146.0,165567.0
2025-10-21,15,ハムレタスたまごサンド,1134.02,1361,265.0,300515.0
2025-10-21,15,◎高地栽培バナナ１本,1134.02,1361,130.0,147423.0
2025-10-21,15,ＣＷ晴雨兼用ミニ折傘,1134.02,1361,2014.0,2283916.0
2025-10-21,15,濃い大満足みかん,1134.02,1361,239.0,271031.0
2025-10-21,15,塩分チャージタブレッツ,1134.02,1361,238.0,269897.0
2025-10-21,15,ケントＴベリーブースト,1134.02,1361,437.0,495567.0
2025-10-21,15,朝日新聞,1134.02,1361,164.0,185979.0
2025-10-21,15,１９６無糖Ｗパイン３５,1134.02,1361,161.0,182577.0
2025-10-21,15,ケントＮＳブライトタバコ,1134.02,1361,500.0,567010.0
2025-10-21,15,◎グリルチキンゆず七味,1134.02,1361,221.0,250618.0
2025-10-21,15,エボベリーＣＲ　ＰＬＭ,1134.02,1361,500.0,567010.0
2025-10-21,15,メビウスＳＬＢ,1134.02,1361,528.0,598763.0
2025-10-21,15,エボディープＲ　ＰＬＭ,1134.02,1361,500.0,567010.0
2025-10-21,15,ＳｐｏｒｔｓＧｒａｐｈｉ,1134.02,1361,746.0,845979.0
2025-10-21,15,少年チャンピオン,1134.02,1361,364.0,412783.0
2025-10-21,15,紳士リブＳ黒,1134.02,1361,390.0,442268.0
2025-10-21,15,文庫,1134.02,1361,600.0,680412.0
2025-10-21,15,ヤング　ジャンプ,1134.02,1361,428.0,485361.0
2025-10-21,15,フリスクペパーミント,1134.02,1361,235.0,266495.0
2025-10-21,15,テリアルビーレギュラー,1134.02,1361,528.0,598763.0
2025-10-21,15,週　刊　新　潮,1134.02,1361,464.0,526185.0
2025-10-21,15,◎２種の醤油仕上げ柿ピー,1134.02,1361,167.0,189381.0
2025-10-21,15,三次元マスク大きめ,1134.02,1361,350.0,396907.0
2025-10-21,15,顔体用シート　ゴミポケ,1134.02,1361,280.0,317526.0
2025-10-21,15,炙り焼　鳥めし弁当,1134.02,1361,526.0,596495.0
2025-10-21,15,今治ＴＨ　ハート,1134.02,1361,637.0,722371.0
2025-10-21,15,スポニチ東日本,1134.02,1361,164.0,185979.0
2025-10-21,15,ざるそば,1134.02,1361,417.0,472886.0
2025-10-21,15,◎塩揚げ餅,1134.02,1361,128.0,145155.0
2025-10-21,15,ラッキーＳベリーＢ,1134.02,1361,391.0,443402.0
2025-10-21,15,◎チョコチップスコーン,1134.02,1361,149.0,168969.0
2025-10-21,15,週　刊　実　話,1134.02,1361,519.0,588556.0
2025-10-21,15,チ－ズインカレ－ハンバ－,1134.02,1361,184.0,208660.0
2025-10-21,15,マルボロミディアムＢＯＸ,1134.02,1361,546.0,619175.0
2025-10-21,15,ＧＰｌａｙバリアブル,1134.02,1361,3000.0,3402060.0
2025-10-21,15,ソフトワン使い切り１回分,1134.02,1361,121.0,137216.0
2025-10-21,15,ソルティライチ,1134.02,1361,163.0,184845.0
2025-10-21,15,果汁グミ弾力プラスいちご,1134.02,1361,225.0,255154.0
2025-10-21,15,綴じノートＢ５Ａ罫,1134.02,1361,208.0,235876.0
2025-10-21,15,ニッカン東日本（日刊スポ,1134.02,1361,164.0,185979.0
2025-10-21,15,クリニカハミガキ　ミニ,1134.02,1361,91.0,103196.0
2025-10-21,15,アメリカヘアピン,1134.02,1361,280.0,317526.0
2025-10-21,15,午後の紅茶おいしい無糖,1134.02,1361,158.0,179175.0
2025-10-21,15,折りたたみセットコーム,1134.02,1361,491.0,556804.0
2025-10-21,15,極冷感　フリージア,1134.02,1361,462.0,523917.0
2025-10-21,15,回転焼（抹茶あん）２個入,1134.02,1361,147.0,166701.0
2025-10-21,15,冷しぶっかけ豚肉うどん,1134.02,1361,554.0,628247.0
2025-10-21,15,クリニカトラベルセット,1134.02,1361,330.0,374227.0
2025-10-21,15,かっぱえびせん鳴門の塩,1134.02,1361,158.0,179175.0
2025-10-21,15,プレミアムルック清水白桃,1134.02,1361,270.0,306185.0
2025-10-21,15,ポテトチップス大人の夏味,1134.02,1361,158.0,179175.0
2025-10-21,15,フリスクＣＢフレッシュＭ,1134.02,1361,278.0,315258.0
2025-10-21,15,◎あたりめ　小,1134.02,1361,147.0,166701.0
2025-10-21,15,ハッピーターンスパイス,1134.02,1361,120.0,136082.0
2025-10-21,15,◎チョコマカダミアクッキ,1134.02,1361,184.0,208660.0
2025-10-21,15,アイスコーヒーＭ,1134.02,1361,223.0,252886.0
2025-10-21,15,Ｆ謹製塩豆大福,1134.02,1361,167.0,189381.0
2025-10-21,15,◎トルティーヤＣタコス味,1134.02,1361,128.0,145155.0
2025-10-21,15,ミニ冷し中華,1134.02,1361,369.0,418453.0
2025-10-21,15,競馬ブック,1134.02,1361,500.0,567010.0
2025-10-21,15,週刊　漫画タイムス,1134.02,1361,364.0,412783.0
2025-10-21,15,ＢＳおつまみ激辛チキン,1134.02,1361,136.0,154227.0
2025-10-21,15,東スポ競馬特別版,1134.02,1361,228.0,258557.0
2025-10-21,15,キャメルクラフト１２,1134.02,1361,410.0,464948.0
2025-10-21,15,メビウスＳＴ１　１００,1134.02,1361,528.0,598763.0
2025-10-21,15,アロンアルフア速効多用途,1134.02,1361,501.0,568144.0
2025-10-21,15,◎風味が豊かなチーズ鱈小,1134.02,1361,172.0,195051.0
2025-10-21,15,ライトニング用イヤホン,1134.02,1361,3255.0,3691235.0
2025-10-21,15,ＭＶＭミントＭプルーム,1134.02,1361,455.0,515979.0
2025-10-21,15,◎春雨スープかきたま,1134.02,1361,167.0,189381.0
2025-10-21,15,ピアニシモ・プレシアメン,1134.02,1361,519.0,588556.0
2025-10-21,15,ハイマッキー　太字　黒,1134.02,1361,136.0,154227.0
2025-10-21,15,ミックスアイス,1134.02,1361,464.0,526185.0
2025-10-21,15,コミック,1134.02,1361,520.0,589690.0
2025-10-21,15,海味鮮,1134.02,1361,120.0,136082.0
2025-10-21,15,漫　画　ゴラク,1134.02,1361,500.0,567010.0
2025-10-21,15,ビッグコミックオリジナル,1134.02,1361,437.0,495567.0
2025-10-21,15,もっちりクリームロール,1134.02,1361,313.0,354948.0
2025-10-21,15,塩チョコタルト,1134.02,1361,258.0,292577.0
2025-10-21,15,雑誌（地元発行紙）,1134.02,1361,228.0,258557.0
2025-10-21,15,アクアリッチ　エッセンス,1134.02,1361,880.0,997938.0
2025-10-21,15,ベロブリージーマンゴーＭ,1134.02,1361,291.0,330000.0
2025-10-21,15,噛むブレスケアレモン,1134.02,1361,385.0,436598.0
2025-10-21,15,月刊　少年マガジン,1134.02,1361,637.0,722371.0
2025-10-21,15,マッキー　極細　黒,1134.02,1361,111.0,125876.0
2025-10-21,15,ネオＢレッドフルーツ,1134.02,1361,455.0,515979.0
2025-10-21,15,技のこだ割り濃厚醤油,1134.02,1361,138.0,156495.0
2025-10-21,15,さけるチーズスモーク味,1134.02,1361,141.0,159897.0
2025-10-21,15,冷シート　無香,1134.02,1361,462.0,523917.0
2025-10-21,15,大盛　明太子スパゲティ,1134.02,1361,554.0,628247.0
2025-10-21,15,ブレンドＭ,1134.02,1361,204.0,231340.0
2025-10-21,15,スポーツ報知,1134.02,1361,164.0,185979.0
2025-10-21,15,日刊スポーツ,1134.02,1361,164.0,185979.0
2025-10-21,15,競馬エイト,1134.02,1361,591.0,670206.0
2025-10-21,15,ゼロチョコレートクリスプ,1134.02,1361,220.0,249484.0
2025-10-21,15,◎ドライもも,1134.02,1361,276.0,312990.0
2025-10-21,15,メビウスＥＸＬ１００Ｂ,1134.02,1361,528.0,598763.0
2025-10-21,15,キャメルクラフト１,1134.02,1361,410.0,464948.0
2025-10-21,15,今治ＴＨＣグラデーション,1134.02,1361,600.0,680412.0
2025-10-21,15,今治ＴＨ　ストライプＢＧ,1134.02,1361,637.0,722371.0
2025-10-21,15,テリアメンソール１０Ｐ,1134.02,1361,5273.0,5979687.0
2025-10-21,15,オイコスドリンク　カフェ,1134.02,1361,248.0,281237.0
2025-10-21,15,明治ヨーグルトＲ－１,1134.02,1361,144.0,163299.0
2025-10-21,15,ネオＢマスカッット,1134.02,1361,455.0,515979.0
2025-10-21,15,夏ポテト紀州の南高梅味,1134.02,1361,179.0,202990.0
2025-10-21,15,ＧＰｌａｙ５０００,1134.02,1361,5000.0,5670100.0
2025-10-21,15,スパッシュラムネレモン,1134.02,1361,147.0,166701.0
2025-10-21,15,ラッキーＳトロピカルＢ,1134.02,1361,391.0,443402.0
2025-10-21,15,スフレ・プリン,1134.02,1361,306.0,347010.0
2025-10-21,15,スポーツニッポン,1134.02,1361,164.0,185979.0
2025-10-21,15,エボルタＮＥＯ単３－４Ｐ,1134.02,1361,659.0,747319.0
2025-10-21,15,アスティーグ肌　Ｌ,1134.02,1361,600.0,680412.0
2025-10-21,15,消しゴム　ＭＯＮＯ,1134.02,1361,110.0,124742.0
2025-10-21,15,キャップ付鉛筆３Ｐ,1134.02,1361,180.0,204124.0
2025-10-21,15,ケント・１・ＫＳ・ＢＯＸ,1134.02,1361,473.0,536391.0
2025-10-21,15,スーパーグリップシャープ,1134.02,1361,100.0,113402.0
2025-10-21,15,ショートＳ灰緑／白小,1134.02,1361,390.0,442268.0
2025-10-21,15,ソルティグレフルグミ,1134.02,1361,184.0,208660.0
2025-10-21,15,うまイチュウ青りんご味,1134.02,1361,127.0,144021.0
2025-10-21,15,ペタグーシャインマスカッ,1134.02,1361,150.0,170103.0
2025-10-21,15,クールマイルド・ＢＯＸ,1134.02,1361,528.0,598763.0
2025-10-21,15,マロッシュラムネ味,1134.02,1361,159.0,180309.0
2025-10-21,15,アポロマイスタイル,1134.02,1361,247.0,280103.0
2025-10-21,15,◎夏のベイクドチーズＣ,1134.02,1361,138.0,156495.0
2025-10-21,15,パイの実レアチーズケーキ,1134.02,1361,238.0,269897.0
2025-10-21,15,ビッグコミックスピリッツ,1134.02,1361,464.0,526185.0
2025-10-21,15,塩キャラメルプリン,1134.02,1361,230.0,260825.0
2025-10-21,15,クロレッツＸＰ　クリアミ,1134.02,1361,180.0,204124.0
2025-10-21,15,ライトニング電池式６本,1134.02,1361,2346.0,2660411.0
2025-10-21,15,多当仏　御霊前,1134.02,1361,87.0,98660.0
2025-10-21,15,テリヤキチキンたまごコぺ,1134.02,1361,323.0,366288.0
2025-10-21,15,ワンピデッキシャンクス,1134.02,1361,500.0,567010.0
2025-10-21,15,◎ばんそうこう３サイズ,1134.02,1361,362.0,410515.0
2025-10-21,15,◎塩キャラメルケーキタ３,1134.02,1361,167.0,189381.0
2025-10-21,15,Ｃボス　地中海スカッシュ,1134.02,1361,166.0,188247.0
2025-10-21,15,マッチ　５００,1134.02,1361,150.0,170103.0
2025-10-21,15,テリアスムースＲ１０Ｐ,1134.02,1361,5273.0,5979687.0
2025-10-21,15,こだわり酒場のレモン３５,1134.02,1361,161.0,182577.0
2025-10-21,15,狩人めしエナジードリンク,1134.02,1361,125.0,141752.0
2025-10-21,15,サントリー生ビール３５０,1134.02,1361,212.0,240412.0
2025-10-21,15,北海道生ビール３５０,1134.02,1361,216.0,244948.0
2025-10-21,15,◎やわらか燻製さきいか,1134.02,1361,184.0,208660.0
2025-10-21,15,◎とうふとわかめ,1134.02,1361,121.0,137216.0
2025-10-21,15,青磯海苔　まぐろたくあん,1134.02,1361,187.0,212062.0
2025-10-21,15,ザバスチョコレート２００,1134.02,1361,205.0,232474.0
2025-10-21,15,大粒ラムネアイスボックス,1134.02,1361,161.0,182577.0
2025-10-21,15,男梅サワー梅涼し３５０,1134.02,1361,187.0,212062.0
2025-10-21,15,もち麦　新生姜とわかめ,1134.02,1361,163.0,184845.0
2025-10-21,15,紳士くるぶし丈Ｓ黒,1134.02,1361,390.0,442268.0
2025-10-21,15,ショートＳ灰緑／白大,1134.02,1361,390.0,442268.0
2025-10-21,15,漬け真鯛おむすび,1134.02,1361,260.0,294845.0
2025-10-21,15,こってり炒飯おむすび,1134.02,1361,166.0,188247.0
2025-10-21,15,手巻寿司　ばくだん納豆,1134.02,1361,207.0,234742.0
2025-10-21,15,茶流彩彩　コーン茶,1134.02,1361,110.0,124742.0
2025-10-21,15,◎どかっとベーコンチーズ,1134.02,1361,139.0,157629.0
2025-10-21,15,ＢＩＧあらびきソーセージ,1134.02,1361,150.0,170103.0
2025-10-21,15,◎クランベリー＆チーズク,1134.02,1361,147.0,166701.0
2025-10-21,15,◎塩バターパン（チョコク,1134.02,1361,156.0,176907.0
2025-10-21,15,３種のミックスサンド,1134.02,1361,298.0,337938.0
2025-10-21,15,ネオＢトロピカルハイパー,1134.02,1361,455.0,515979.0
2025-10-21,15,ブラックＴココナッツ小袋,1134.02,1361,128.0,145155.0
2025-10-21,15,ぷっちょＳＴ瀬戸内レモン,1134.02,1361,118.0,133814.0
2025-10-21,15,みんなのレモネード,1134.02,1361,212.0,240412.0
2025-10-21,15,オレンジもちとろクリーム,1134.02,1361,184.0,208660.0
2025-10-21,15,まるごとバナナ,1134.02,1361,260.0,294845.0
2025-10-21,15,８×４ロールオンせっけん,1134.02,1361,641.0,726907.0
2025-10-21,15,ノンシュガー塩果実キャン,1134.02,1361,211.0,239278.0
2025-10-21,15,◎ふんわりとしたパンケ８,1134.02,1361,172.0,195051.0
2025-10-21,15,つくね＆鶏そぼろごはん,1134.02,1361,313.0,354948.0
2025-10-21,15,ＩＱＯＳｉＯＭブラック,1134.02,1361,3619.0,4104018.0
2025-10-21,15,◎焼きカレーパン３個入,1134.02,1361,184.0,208660.0
2025-10-21,15,プライドポテト神戸ビーフ,1134.02,1361,168.0,190515.0
2025-10-21,15,堅あげ焼きとうもろこし,1134.02,1361,179.0,202990.0
2025-10-21,15,◎Ｆボスブラック　４５０,1134.02,1361,130.0,147423.0
2025-10-21,15,コアラのマーチ練乳ミルク,1134.02,1361,177.0,200722.0
2025-10-21,15,ＰＧスパイシーチキンＳ缶,1134.02,1361,168.0,190515.0
2025-10-21,15,ハニーミルクティー,1134.02,1361,230.0,260825.0
2025-10-21,15,果汁グミすいか,1134.02,1361,152.0,172371.0
2025-10-21,15,カスタムプラスＥＸ首振り,1134.02,1361,398.0,451340.0
2025-10-21,15,ツナとたまごサンド,1134.02,1361,265.0,300515.0
2025-10-21,15,◎塩チョコフィナンシェ,1134.02,1361,167.0,189381.0
2025-10-21,15,大盛豚肉とねぎの塩焼そば,1134.02,1361,554.0,628247.0
2025-10-21,15,純連冷し味噌ラーメン,1134.02,1361,599.0,679278.0
2025-10-21,15,フルーツの沼メロン＆白桃,1134.02,1361,230.0,260825.0
2025-10-21,15,トルティーヤ豚生姜ハムチ,1134.02,1361,369.0,418453.0
2025-10-21,15,ぷっちょイカゲーム第二弾,1134.02,1361,193.0,218866.0
2025-10-21,15,Ｗ・Ｃホワイト３ＢＯＸ,1134.02,1361,491.0,556804.0
2025-10-21,15,毎日新聞（１都６県静０１,1134.02,1361,,
2025-10-21,15,東京スポーツ（１都６県静,1134.02,1361,,
2025-10-21,15,東京新聞（１都６県静０１,1134.02,1361,,
2025-10-21,15,スポーツ報知（関東東北北,1134.02,1361,,
2025-10-21,15,日刊ゲンダイ（１都６県静,1134.02,1361,,
2025-10-21,15,納豆細巻寿司（２巻増量）,1134.02,1361,389.0,441134.0
2025-10-21,15,ＪＴニューヨーク（旧：ヘ,1134.02,1361,,
2025-10-21,15,読売新聞（１都６県静０１,1134.02,1361,,
2025-10-21,15,日本経済新聞（静０５）,1134.02,1361,,
2025-10-21,15,朝日新聞（宮山梨静０５以,1134.02,1361,,
2025-10-21,15,ＴｈｅＪａｐａｎＮｅｗｓ,1134.02,1361,,
2025-10-21,15,産経新聞（宮山梨静０５以,1134.02,1361,,
2025-10-21,15,プロテインキャラメル,1134.02,1361,249.0,282371.0
2025-10-21,15,キャメルクラフトＭＢ５,1134.02,1361,410.0,464948.0
2025-10-21,15,◎どかっとテリマヨチキン,1134.02,1361,135.0,153093.0
2025-10-21,15,スポニチ（山梨静０５以外,1134.02,1361,,
2025-10-21,15,デイリースポーツ（１都６,1134.02,1361,,
2025-10-21,15,サンスポ（山梨静０５以外,1134.02,1361,,
2025-10-21,15,日刊スポ（山梨静０５以外,1134.02,1361,,
2025-10-21,15,婦人リブＳ白,1134.02,1361,390.0,442268.0
2025-10-21,15,◎こだわりのバタークッキ,1134.02,1361,239.0,271031.0
2025-10-21,15,Ｆはちみつ＆マーガリンの,1134.02,1361,147.0,166701.0
2025-10-21,15,男梅シート,1134.02,1361,200.0,226804.0
2025-10-21,15,ＧＰｌａｙ３０００,1134.02,1361,3000.0,3402060.0
2025-10-21,15,Ｓスター１０Ｂ,1134.02,1361,546.0,619175.0
2025-10-21,15,オイコス　パッションフル,1134.02,1361,189.0,214330.0
2025-10-21,15,コーヒー用氷Ｓ,1134.02,1361,,
2025-10-21,15,◎冷スープかぼちゃと人参,1134.02,1361,332.0,376495.0
2025-10-21,15,ＣＷ晴雨兼用スリム折傘,1134.02,1361,2014.0,2283916.0
2025-10-21,15,セブンスター１０Ｐ,1134.02,1361,5455.0,6186079.0
2025-10-21,15,フライドチキン＆ハンバー,1134.02,1361,555.0,629381.0
2025-10-21,15,ケントエス・スパーク５,1134.02,1361,455.0,515979.0
2025-10-21,15,Ｃ玄米ブラン贅沢ミルク,1134.02,1361,180.0,204124.0
2025-10-21,15,Ｃ玄米ブラン　カカオ,1134.02,1361,155.0,175773.0
2025-10-21,15,ブルガリアＹＯマスカット,1134.02,1361,185.0,209794.0
2025-10-21,15,激辛韓国風焼そば,1134.02,1361,510.0,578350.0
2025-10-21,15,◎フルーツＣ塩レモン,1134.02,1361,276.0,312990.0
2025-10-21,15,沖縄黒糖のブラウにゃー,1134.02,1361,220.0,249484.0
2025-10-21,15,カントリーＭ塩バニラアイ,1134.02,1361,145.0,164433.0
2025-10-21,15,シングルモルト白州１８０,1134.02,1361,1950.0,2211339.0
2025-10-21,15,週刊ＴＶガイド（関東版）,1134.02,1361,,
2025-10-21,15,その他３口座売上,1134.02,1361,649.0,735979.0
2025-10-21,15,竹箸　５００膳,1134.02,1361,,
2025-10-21,15,ＴＶＬＩＦＥ　首都圏版,1134.02,1361,,
2025-10-21,15,コーヒー用氷Ｍ,1134.02,1361,,
2025-10-21,15,ａｎａｎ（アンアン）,1134.02,1361,,
2025-10-21,15,コーヒーリッドＭ,1134.02,1361,,
2025-10-21,15,今治ＴＨフジＲ２５,1134.02,1361,637.0,722371.0
2025-10-21,15,ストローレスリッド,1134.02,1361,,
2025-10-21,15,しあわせ素肌ミニ夜用,1134.02,1361,162.0,183711.0
2025-10-21,15,ニンフィアゼリードリンク,1134.02,1361,249.0,282371.0
2025-10-21,15,新・値下シール３０円,1134.02,1361,,
2025-10-21,15,ＣＷ折りたたみ耐風傘,1134.02,1361,2014.0,2283916.0
2025-10-21,15,サンデー毎日,1134.02,1361,600.0,680412.0
2025-10-21,15,カフェカップＳ,1134.02,1361,,
2025-10-21,15,塩分チャージタブ小袋,1134.02,1361,140.0,158763.0
2025-10-21,15,週刊　女性セブン,1134.02,1361,482.0,546598.0
2025-10-21,15,第１０７回全国高校野球選,1134.02,1361,,
2025-10-21,15,お泊まりスキンケアセット,1134.02,1361,380.0,430928.0
2025-10-21,15,楽天ギフトバリアブル,1134.02,1361,10500.0,11907210.0
2025-10-21,15,ＡＥＲＡ（アエラ）,1134.02,1361,591.0,670206.0
2025-10-21,15,なめらか食感水ようかん,1134.02,1361,158.0,179175.0
2025-10-21,15,トマトベーコンパスタサラ,1134.02,1361,389.0,441134.0
2025-10-21,15,ベ　ス　ト　カ　ー,1134.02,1361,537.0,608969.0
2025-10-21,15,ポケカ拡張ステラ,1134.02,1361,164.0,185979.0
2025-10-21,15,ベロＢマンゴーＭ５Ｐ,1134.02,1361,1455.0,1649999.0
2025-10-21,15,明太マヨいか天,1134.02,1361,130.0,147423.0
2025-10-21,15,マウスＷクリア８０ＭＬ,1134.02,1361,200.0,226804.0
2025-10-21,15,こんがりパンポタージュ,1134.02,1361,170.0,192783.0
2025-10-21,15,クラフトテープ　１巻,1134.02,1361,,
2025-10-21,15,タリーズブラック３９０,1134.02,1361,158.0,179175.0
2025-10-21,15,アルバトロス・ビュー,1134.02,1361,,
2025-10-21,15,テリアレギュラー１０Ｐ,1134.02,1361,5273.0,5979687.0
2025-10-21,15,発注レジ袋１２号バイオマ,1134.02,1361,,
2025-10-21,15,ショコラ＆ホイップパイ,1134.02,1361,239.0,271031.0
2025-10-21,15,ビッグコミックスペリオー,1134.02,1361,464.0,526185.0
2025-10-21,15,ネイビーやまがた県民手帳,1134.02,1361,500.0,567010.0
2025-10-21,15,塩レモンクッキーシュー,1134.02,1361,204.0,231340.0
2025-10-21,15,アスティーグ黒　Ｍ,1134.02,1361,600.0,680412.0
2025-10-21,15,しょうが香る冷し薬味そば,1134.02,1361,,
2025-10-21,15,明太海苔弁当,1134.02,1361,555.0,629381.0
2025-10-21,15,東京スポーツ競馬特別版,1134.02,1361,,
2025-10-21,15,夏ポテト対馬の浜御塩味,1134.02,1361,179.0,202990.0
2025-10-21,15,優馬（関東山形福島）,1134.02,1361,,
2025-10-21,15,日刊競馬（関東山形福島）,1134.02,1361,,
2025-10-21,15,勝馬（関東山形福島）,1134.02,1361,,
2025-10-21,15,競友（関東福島）,1134.02,1361,,
2025-10-21,15,競馬エイト（関東福島）,1134.02,1361,,
2025-10-21,15,競馬ブック（関東山形福島,1134.02,1361,,
2025-10-21,15,馬サブロー（１都６県宮城,1134.02,1361,,
2025-10-21,15,研究（関東山形福島）,1134.02,1361,,
2025-10-21,15,リルＨリキッドＣ,1134.02,1361,73.0,82783.0
2025-10-21,15,ネックバンドイヤホン　黒,1134.02,1361,3164.0,3588039.0
2025-10-21,15,天使のチーズケーキ,1134.02,1361,230.0,260825.0
2025-10-21,15,プレジデント,1134.02,1361,,
2025-10-21,15,ＰＯＳレジロール５０巻,1134.02,1361,,
2025-10-21,15,ペーパータオルＢＳ,1134.02,1361,,
2025-10-21,15,ＪＴオンサンデー（旧：ジ,1134.02,1361,,
2025-10-21,15,コーヒーフレッシュ,1134.02,1361,,
2025-10-21,15,ダーク豆（ＵＣＣ）,1134.02,1361,,
2025-10-21,15,ピース（２０本）,1134.02,1361,546.0,619175.0
2025-10-21,15,２５０円スポーツ,1134.02,1361,228.0,258557.0
2025-10-21,15,ワンピデッキ緑黄ヤマト,1134.02,1361,500.0,567010.0
2025-10-21,15,ワンピデッキ紫黒ルフィ,1134.02,1361,500.0,567010.0
2025-10-21,15,婦人クルーＳ黒,1134.02,1361,390.0,442268.0
2025-10-21,15,ワンピデッキ　バギー,1134.02,1361,500.0,567010.0
2025-10-21,15,ハミガキハブラシセット,1134.02,1361,448.0,508041.0
2025-10-21,15,ＬストライクＢ,1134.02,1361,564.0,639587.0
2025-10-21,15,備蓄米１Ｋｇ,1134.02,1361,,
2025-10-21,15,ｉｎバー　ベイクドビター,1134.02,1361,170.0,192783.0
2025-10-21,15,２ＷＡＹマーカーピンク,1134.02,1361,180.0,204124.0
2025-10-21,15,ガムシロップ,1134.02,1361,,
2025-10-21,15,備蓄米　１ｋｇ,1134.02,1361,360.0,408247.0
2025-10-21,15,堅ぶつ旨塩,1134.02,1361,128.0,145155.0
2025-10-21,15,◎人気のミックスナッツ,1134.02,1361,360.0,408247.0
2025-10-21,15,うるおいさらっとジェル,1134.02,1361,248.0,281237.0
2025-10-21,15,ワンピデッキジュエリー,1134.02,1361,500.0,567010.0
2025-10-21,15,Ｃボス　フルーツエード,1134.02,1361,143.0,162165.0
2025-10-21,15,紅茶花伝　ミルクティー,1134.02,1361,155.0,175773.0
2025-10-21,15,週刊　プレイボーイ,1134.02,1361,591.0,670206.0
2025-10-21,15,今治ＴＨ２５春の色白,1134.02,1361,600.0,680412.0
2025-10-21,15,週　刊　大　衆,1134.02,1361,437.0,495567.0
2025-10-21,15,サクレグミレモン＆梨,1134.02,1361,208.0,235876.0
2025-10-21,15,つぶ塩梅,1134.02,1361,158.0,179175.0
2025-10-21,15,パーラメント１００ＢＯＸ,1134.02,1361,564.0,639587.0
2025-10-21,15,あの夏のラムネグミ,1134.02,1361,167.0,189381.0
2025-10-21,15,濃厚カスタードシュー,1134.02,1361,156.0,176907.0
2025-10-21,15,オレンジパンチ３５０,1134.02,1361,161.0,182577.0
2025-10-21,15,全粒粉サラダチキンたまご,1134.02,1361,369.0,418453.0
2025-10-21,15,パリジャン３種ミート,1134.02,1361,348.0,394639.0
2025-10-21,15,センテＩブラック１０Ｐ,1134.02,1361,4819.0,5464842.0
2025-10-21,15,炭火焼うなぎおむすび,1134.02,1361,369.0,418453.0
2025-10-21,15,海鮮サラダおむすび,1134.02,1361,147.0,166701.0
2025-10-21,15,おろしタツタ弁当（わかめ,1134.02,1361,598.0,678144.0
2025-10-21,15,ビーフハンバーグのロコモ,1134.02,1361,647.0,733711.0
2025-10-21,15,ＳＰＡＭ　玉子焼き,1134.02,1361,313.0,354948.0
2025-10-21,15,週刊　東洋経済,1134.02,1361,864.0,979793.0
2025-10-21,15,エ　コ　ノ　ミ　ス　ト,1134.02,1361,,
2025-10-21,15,テリアリッチＲ１０Ｐ,1134.02,1361,5273.0,5979687.0
2025-10-21,15,ＹＯＵＮＧ　ＫＩＮＧ（ヤ,1134.02,1361,464.0,526185.0
2025-10-21,15,野菜生活巨峰,1134.02,1361,118.0,133814.0
2025-10-21,15,ブーストバイツ,1134.02,1361,240.0,272165.0
2025-10-21,15,専炭治郎の抹茶クリームロ,1134.02,1361,158.0,179175.0
2025-10-21,15,銀鮭と煮物の幕の内弁当,1134.02,1361,555.0,629381.0
2025-10-21,15,鬼滅の刃フルーツオレ,1134.02,1361,249.0,282371.0
2025-10-21,15,アサイーボウルドリンク,1134.02,1361,249.0,282371.0
2025-10-21,15,◎生スコーン６個入（チー,1134.02,1361,172.0,195051.0
2025-10-21,15,サンド寿司　サーモン,1134.02,1361,334.0,378763.0
2025-10-21,15,Ｆ伊之助のほわほわ大福,1134.02,1361,125.0,141752.0
2025-10-21,15,Ｆ水柱の水まんじゅう（ラ,1134.02,1361,149.0,168969.0
2025-10-21,15,◎マラサダ（マカダミアチ,1134.02,1361,147.0,166701.0
2025-10-21,15,専胡蝶しのぶの藤色メロン,1134.02,1361,165.0,187113.0
2025-10-21,15,◎Ｆボス　ラテ　４５０,1134.02,1361,139.0,157629.0
2025-10-21,15,新Ｅプリンター用インク青,1134.02,1361,,
2025-10-21,15,◎レモネードソーダ,1134.02,1361,186.0,210928.0
2025-10-21,15,翠ジンソーダ３５０,1134.02,1361,194.0,220000.0
2025-10-21,15,ＳＰＡ！（スパ！）,1134.02,1361,573.0,649793.0
2025-10-21,15,半熟たまご大盛冷しうどん,1134.02,1361,554.0,628247.0
2025-10-21,15,ライオンカフェオレ,1134.02,1361,208.0,235876.0
2025-10-21,15,台湾風まぜそば,1134.02,1361,599.0,679278.0
2025-10-21,15,週刊女性自身,1134.02,1361,500.0,567010.0
2025-10-21,15,週刊ゴルフダイジェスト,1134.02,1361,573.0,649793.0
2025-10-21,15,クア・アイナテリチキン,1134.02,1361,369.0,418453.0
2025-10-21,15,フライドサイミン,1134.02,1361,,
2025-10-21,15,週刊アサヒ芸能,1134.02,1361,564.0,639587.0
2025-10-21,15,マカダミアパンケーキ,1134.02,1361,323.0,366288.0
2025-10-21,15,ＦＬＡＳＨ　（フラッシュ,1134.02,1361,664.0,752989.0
2025-10-21,15,ミンティアグレープ,1134.02,1361,105.0,119072.0
2025-10-21,15,健康のど飴冷やし飴小袋,1134.02,1361,138.0,156495.0
2025-10-21,15,コアラのマーチいちご,1134.02,1361,164.0,185979.0
2025-10-21,15,◎ハムエッグデニッシュ２,1134.02,1361,135.0,153093.0
2025-10-21,15,週　刊　女　性,1134.02,1361,,
2025-10-21,15,透明プリン？マンゴー？,1134.02,1361,194.0,220000.0
2025-10-21,15,青ねぎと蒸し鶏のパスタ,1134.02,1361,462.0,523917.0
2025-10-21,15,２０品目のサラダ,1134.02,1361,276.0,312990.0
2025-10-21,15,ベロＭＰミントＸインテン,1134.02,1361,310.0,351546.0
2025-10-21,15,◎りんごカスタードデニ４,1134.02,1361,167.0,189381.0
2025-10-21,15,◎ハムチーズクロワッサン,1134.02,1361,135.0,153093.0
2025-10-21,15,紳士ショートＳ黒,1134.02,1361,390.0,442268.0
2025-10-21,15,ラインＳ２５夏の色白大,1134.02,1361,390.0,442268.0
2025-10-21,15,カルピスＰマンゴーピーチ,1134.02,1361,170.0,192783.0
2025-10-21,15,ブリーフ団イカ墨まぜそば,1134.02,1361,369.0,418453.0
2025-10-21,15,江頭　激辛豚骨ラーメン,1134.02,1361,369.0,418453.0
2025-10-21,15,ラークウルトラ１・１００,1134.02,1361,491.0,556804.0
2025-10-21,15,◎ひとくち濃厚梅だれせん,1134.02,1361,139.0,157629.0
2025-10-21,15,ミニチーズおかきガーリッ,1134.02,1361,150.0,170103.0
2025-10-21,15,◎瀬戸内レモンのドーナツ,1134.02,1361,139.0,157629.0
2025-10-21,15,キリン晴れ風３５０,1134.02,1361,216.0,244948.0
2025-10-21,15,Ｇファイトシャープ芯ＨＢ,1134.02,1361,200.0,226804.0
2025-10-21,15,最強王図鑑激闘バトルグミ,1134.02,1361,193.0,218866.0
2025-10-21,15,すっぱいぶどうグミ,1134.02,1361,100.0,113402.0
2025-10-21,15,レインコートＭ,1134.02,1361,687.0,779072.0
2025-10-21,15,オイコス　レモン＆ハニー,1134.02,1361,179.0,202990.0
2025-10-21,15,４５Ｌ半透明ゴミ袋,1134.02,1361,,
2025-10-21,15,レジ従業員金庫引継ノート,1134.02,1361,,
2025-10-21,15,◎生コッペパン（ハムカツ,1134.02,1361,167.0,189381.0
2025-10-21,15,振って塩こんぶキャベツ,1134.02,1361,221.0,250618.0
2025-10-21,15,センティアＦエメラルド,1134.02,1361,482.0,546598.0
2025-10-21,15,サンカット　ＵＶスプレー,1134.02,1361,798.0,904948.0
2025-10-21,15,抹茶シベリア３個入,1134.02,1361,230.0,260825.0
2025-10-21,15,ライト豆（ＵＣＣ）,1134.02,1361,,
2025-10-21,15,ターザン,1134.02,1361,728.0,825567.0
2025-10-21,15,ジャージー牛乳プリン,1134.02,1361,178.0,201856.0
2025-10-21,15,ＡｐｐｌｅＧＣ＿５千,1134.02,1361,5000.0,5670100.0
2025-10-21,15,ベロスピッフィーＳミント,1134.02,1361,291.0,330000.0
2025-10-21,15,センテＣシルバー１０Ｐ,1134.02,1361,4819.0,5464842.0
2025-10-21,15,電卓　１２桁,1134.02,1361,1280.0,1451546.0
2025-10-21,15,ライトニングイヤホン変換,1134.02,1361,1982.0,2247628.0
2025-10-21,15,ＦＲＩＤＡＹ（フライデー,1134.02,1361,710.0,805154.0
2025-10-21,15,オレンジページ,1134.02,1361,544.0,616907.0
2025-10-21,15,ミルクソースのシフォン,1134.02,1361,369.0,418453.0
2025-10-21,15,ネオチルドＭハイパー用,1134.02,1361,455.0,515979.0
2025-10-21,15,カーセンサー東日本版,1134.02,1361,,
2025-10-21,15,Ｗｅｄｇｅ（ウェッジ）,1134.02,1361,,
2025-10-21,15,週　刊　ポ　ス　ト,1134.02,1361,519.0,588556.0
2025-10-21,15,ＵＳＢーＣ用イヤホン黒,1134.02,1361,2164.0,2454019.0
2025-10-21,15,Ｎｅｗｔｏｎ（ニュートン,1134.02,1361,1082.0,1227010.0
2025-10-21,15,パリパリ麺サラダ,1134.02,1361,369.0,418453.0
2025-10-21,15,カーセンサー首都圏版,1134.02,1361,,
2025-10-21,15,新Ｅプリンター用インク赤,1134.02,1361,,
2025-10-21,15,新Ｅプリンター用インク黒,1134.02,1361,,
2025-10-21,15,ネオＢマスカット,1134.02,1361,455.0,515979.0
2025-10-21,15,ＩＱＯＳｉＯＢブルー,1134.02,1361,3619.0,4104018.0
2025-10-21,15,クール・ＢＯＸ,1134.02,1361,528.0,598763.0
2025-10-21,15,アルカリ水クリーナ－詰替,1134.02,1361,,
2025-10-21,15,やまがた県民手帳ブラック,1134.02,1361,500.0,567010.0
2025-10-21,15,ごまだれ冷し中華,1134.02,1361,554.0,628247.0
2025-10-21,15,Ｓスター７Ｂ,1134.02,1361,546.0,619175.0
2025-10-21,15,綾鷹　濃い緑茶　６５０,1134.02,1361,158.0,179175.0
2025-10-21,15,ＵＳＢ－Ｃ電池充電器,1134.02,1361,1710.0,1939174.0
2025-10-21,15,氷結無糖スモモ３５０,1134.02,1361,168.0,190515.0
2025-10-21,15,ゼロシュガーフリーチョコ,1134.02,1361,220.0,249484.0
2025-10-21,15,トッポ,1134.02,1361,209.0,237010.0
2025-10-21,15,コーヒーリッド黒Ｓ,1134.02,1361,,
2025-10-21,15,カフェカップＭ,1134.02,1361,,
2025-10-21,15,◎フルーツミックス５００,1134.02,1361,112.0,127010.0
2025-10-21,15,◎南高梅うす塩個食,1134.02,1361,131.0,148557.0
2025-10-21,15,◎南高梅はちみつ入個食,1134.02,1361,131.0,148557.0
2025-10-21,15,◎生コッペパン（厚ぎりと,1134.02,1361,230.0,260825.0
2025-10-21,15,綾鷹　６５０,1134.02,1361,158.0,179175.0
2025-10-21,15,サントリー天然水　５５０,1134.02,1361,118.0,133814.0
2025-10-21,15,烏龍茶　６００,1134.02,1361,158.0,179175.0
2025-10-21,15,鮭わかめおむすび,1134.02,1361,139.0,157629.0
2025-10-21,15,つぶグミＰ濃厚マンゴー,1134.02,1361,198.0,224536.0
2025-10-21,15,ケント・６・１００ＢＯＸ,1134.02,1361,473.0,536391.0
2025-10-21,15,４Ｄグミ旅路のマジックア,1134.02,1361,221.0,250618.0
2025-10-21,15,モチド富良野メロン味,1134.02,1361,171.0,193917.0
2025-10-21,15,三ツ矢　ひんやり和梨,1134.02,1361,160.0,181443.0
2025-10-21,15,備蓄米　２Ｋｇ,1134.02,1361,,
2025-10-21,15,◎生コッペパン（チョコバ,1134.02,1361,135.0,153093.0
2025-10-21,15,ビスコ発酵バター,1134.02,1361,156.0,176907.0
2025-10-21,15,銀座ライオンビヤ３５０,1134.02,1361,216.0,244948.0
2025-10-21,15,◎プリンみたいなパン,1134.02,1361,119.0,134948.0
2025-10-21,15,善逸たまごＢＯＸＤ２,1134.02,1361,425.0,481958.0
2025-10-21,15,炭治郎＆義勇おむ２,1134.02,1361,369.0,418453.0
2025-10-21,15,はみでたチキンカツバーガ,1134.02,1361,369.0,418453.0
2025-10-21,15,国チキンとゴーダとたまご,1134.02,1361,443.0,502371.0
2025-10-21,15,海苔監修　手巻たまごかけ,1134.02,1361,185.0,209794.0
2025-10-21,15,手巻ベーコン＆コーンマヨ,1134.02,1361,184.0,208660.0
2025-10-21,15,◎桃大福,1134.02,1361,147.0,166701.0
2025-10-21,15,まるで鶏皮のようなＰＣ,1134.02,1361,176.0,199588.0
2025-10-21,15,Ｌｉｐｔｏｎチャームグミ,1134.02,1361,350.0,396907.0
2025-10-21,15,◎サーターアンダギー６個,1134.02,1361,165.0,187113.0
2025-10-21,15,週　刊　現　代,1134.02,1361,546.0,619175.0
2025-10-21,15,７０Ｌ半透明ゴミ袋,1134.02,1361,,
2025-10-21,15,スウェディッシュキャンデ,1134.02,1361,498.0,564742.0
2025-10-21,15,一粒梅おむすび,1134.02,1361,241.0,273299.0
2025-10-21,15,大粒ラムネ強炭酸シュワコ,1134.02,1361,133.0,150825.0
2025-10-21,15,きりっと果実　ピンクＧＦ,1134.02,1361,159.0,180309.0
2025-10-21,15,サラダラップチキンサルサ,1134.02,1361,348.0,394639.0
2025-10-21,15,新旧両用）ペーパフィルタ,1134.02,1361,,
2025-10-21,15,くりーむパン　カスタード,1134.02,1361,260.0,294845.0
2025-10-21,15,◎桃パウンドケーキ,1134.02,1361,165.0,187113.0
2025-10-21,15,めっちゃふくらむフーセン,1134.02,1361,158.0,179175.0
2025-10-21,15,しゃりｉｎグミソーダ味,1134.02,1361,168.0,190515.0
2025-10-21,15,すだち明太クリームうどん,1134.02,1361,462.0,523917.0
2025-10-21,15,岩下の新生姜いなり寿司,1134.02,1361,185.0,209794.0
2025-10-21,15,◎のむヨーグルトメロン,1134.02,1361,195.0,221134.0
2025-10-21,15,レモンチーズケーキ,1134.02,1361,156.0,176907.0
2025-10-21,15,バター醤油パスタ,1134.02,1361,426.0,483093.0
2025-10-21,15,りんごの目覚め,1134.02,1361,276.0,312990.0
2025-10-21,15,ミンティア宮崎日向夏,1134.02,1361,105.0,119072.0
2025-10-21,15,生ラムネ玉,1134.02,1361,152.0,172371.0
2025-10-21,15,タリーズ　無糖ラテ,1134.02,1361,170.0,192783.0
2025-10-21,15,名札バッジ　２個入,1134.02,1361,,
2025-10-21,15,フエラムネサイダー第２弾,1134.02,1361,138.0,156495.0
2025-10-21,15,たべっ子水族館ソルティ,1134.02,1361,170.0,192783.0
2025-10-21,15,マーブルパウチ,1134.02,1361,215.0,243814.0
2025-10-21,15,ドリトス激辛ナチョチーズ,1134.02,1361,180.0,204124.0
2025-10-21,15,ピンクグレープフルーツア,1134.02,1361,186.0,210928.0
2025-10-21,15,野菜生活ベリーサラダ,1134.02,1361,113.0,128144.0
2025-10-21,15,フルーツこれ１本ビタミン,1134.02,1361,150.0,170103.0
2025-10-21,15,Ｙｏｕｎｇ　ｃｈａｍｐｉ,1134.02,1361,410.0,464948.0
2025-10-21,15,ゆず塩ラーメンサラダ,1134.02,1361,389.0,441134.0
2025-10-21,15,◎お好み焼＆塩焼そば,1134.02,1361,,
2025-10-21,15,牛スープの旨み盛岡風冷麺,1134.02,1361,536.0,607835.0
2025-10-21,15,冷し鶏天タルタルうどん,1134.02,1361,599.0,679278.0
2025-10-21,15,オレンジ,1134.02,1361,315.0,357216.0
2025-10-21,15,グレープフルーツ,1134.02,1361,276.0,312990.0
2025-10-21,15,ラインＳＣ白１９－２２,1134.02,1361,390.0,442268.0
2025-10-21,15,備蓄米　２ｋｇ,1134.02,1361,700.0,793814.0
2025-10-21,15,◎オクラわかめとろり豆腐,1134.02,1361,258.0,292577.0
2025-10-21,15,コロネクッキー,1134.02,1361,71.0,80515.0
2025-10-21,15,フルーツサラダヨーグルト,1134.02,1361,230.0,260825.0
2025-10-21,15,野菜生活１００オリジナル,1134.02,1361,113.0,128144.0
2025-10-21,15,クラッシュ蒟蒻畑りんご味,1134.02,1361,183.0,207526.0
2025-10-21,15,ビスコ,1134.02,1361,156.0,176907.0
2025-10-21,15,サラダチキンロール,1134.02,1361,399.0,452474.0
2025-10-21,15,グローＨプロサクラＥＤ,1134.02,1361,3619.0,4104018.0
2025-10-21,15,ザ・クレープチョコバナナ,1134.02,1361,249.0,282371.0
2025-10-21,15,こだわりカレー,1134.02,1361,367.0,416185.0
2025-10-21,15,コーヒーゼリーパフェ,1134.02,1361,313.0,354948.0
2025-10-21,15,チョコラＳＰ　グレフル＆,1134.02,1361,149.0,168969.0
2025-10-21,15,キレート　ＭＵＫＵＭＩ,1134.02,1361,158.0,179175.0
2025-10-21,15,ワンピカードＢＥＳＴ２,1134.02,1361,500.0,567010.0
2025-10-21,15,アスティーグ黒　Ｌ,1134.02,1361,600.0,680412.0
2025-10-21,15,慶弔サインペン（筆文字）,1134.02,1361,250.0,283505.0
2025-10-21,15,モンスターエナジー,1134.02,1361,213.0,241546.0
2025-10-21,15,ヒヤロン,1134.02,1361,180.0,204124.0
2025-10-21,15,ラインＳ２５夏の色白小,1134.02,1361,390.0,442268.0
2025-10-21,15,冷し鶏ねぎそば,1134.02,1361,599.0,679278.0
2025-10-21,15,０．０１ゼロワン,1134.02,1361,900.0,1020618.0
2025-10-21,15,イープラス　発券,1134.02,1361,165.0,187113.0
2025-10-21,15,ダブルフロマージュ　２個,1134.02,1361,426.0,483093.0
2025-10-21,15,ＵＳＢ－Ｃ１．２ｍ,1134.02,1361,1255.0,1423195.0
2025-10-21,15,サンドおむすび　豚焼肉,1134.02,1361,323.0,366288.0
2025-10-21,15,ハイチュウＰメロン,1134.02,1361,152.0,172371.0
2025-10-21,15,マッチビタミンみかん,1134.02,1361,150.0,170103.0
2025-10-21,15,◎ハムチーズエッグマフィ,1134.02,1361,156.0,176907.0
2025-10-21,15,直巻　炙り焼　牛タン,1134.02,1361,199.0,225670.0
2025-10-21,15,具だくさん炙り焼鶏つくね,1134.02,1361,213.0,241546.0
2025-10-21,15,コミック乱,1134.02,1361,546.0,619175.0
2025-10-21,15,カニカママカロニサラダ,1134.02,1361,239.0,271031.0
2025-10-21,15,じゅるるマンゴー,1134.02,1361,221.0,250618.0
2025-10-21,15,コク旨たまごサンド,1134.02,1361,276.0,312990.0
2025-10-21,15,むっち実グミオレンジ味,1134.02,1361,198.0,224536.0
2025-10-21,15,たまご海老ブロコリサンド,1134.02,1361,348.0,394639.0
2025-10-21,15,カンデミーナ電撃マスカッ,1134.02,1361,200.0,226804.0
2025-10-21,15,◎ホットサンド（ハム＆チ,1134.02,1361,158.0,179175.0
2025-10-21,15,ウィルキンソンＥＸグレプ,1134.02,1361,117.0,132680.0
2025-10-21,15,生茶ほうじ煎茶,1134.02,1361,158.0,179175.0
2025-10-21,15,サーモン寿司,1134.02,1361,237.0,268763.0
2025-10-21,15,フレンチクルーラーミルク,1134.02,1361,193.0,218866.0
2025-10-21,15,ちいかわステッカーグミ,1134.02,1361,180.0,204124.0
2025-10-21,15,激モロコシフライドアラレ,1134.02,1361,158.0,179175.0
2025-10-21,15,んぽちゃむグミ,1134.02,1361,180.0,204124.0
2025-10-21,15,じゃがりこ肉じゃがｂｉｔ,1134.02,1361,129.0,146289.0
2025-10-21,15,１９６レモン３５０,1134.02,1361,161.0,182577.0
2025-10-21,15,ねるねるねるねドリンク,1134.02,1361,276.0,312990.0
2025-10-21,15,ポケカ拡張ナイトワンダ,1134.02,1361,164.0,185979.0
2025-10-21,15,ホームパイチビムーホ,1134.02,1361,140.0,158763.0
2025-10-21,15,野菜生活Ｓベリー＆ざくろ,1134.02,1361,178.0,201856.0
2025-10-21,15,テリヤキチキンとたまご,1134.02,1361,332.0,376495.0
2025-10-21,15,スーパー大麦安曇野わさび,1134.02,1361,181.0,205258.0
2025-10-21,15,◎つぶつぶいちご蒸しＣ,1134.02,1361,135.0,153093.0
2025-10-21,15,鶏そぼろ野沢菜醤油パスタ,1134.02,1361,369.0,418453.0
2025-10-21,15,ヨーグレットグミブルーベ,1134.02,1361,140.0,158763.0
2025-10-21,15,冷し明太クリームうどん,1134.02,1361,445.0,504639.0
2025-10-21,15,◎ツイストサンド（カスタ,1134.02,1361,128.0,145155.0
2025-10-21,15,野菜食べよう冷しタンメン,1134.02,1361,554.0,628247.0
2025-10-21,15,ポケぷにソーダ,1134.02,1361,218.0,247216.0
2025-10-21,15,チョコチャンクスコーン,1134.02,1361,119.0,134948.0
2025-10-21,15,窯出しとろけるプリン,1134.02,1361,195.0,221134.0
2025-10-21,15,香ばし炒めの玉子炒飯,1134.02,1361,341.0,386701.0
2025-10-21,15,ＢＳおつまみ焼そば味スパ,1134.02,1361,136.0,154227.0
2025-10-21,15,ナイキ　ラバーグローブＬ,1134.02,1361,498.0,564742.0
2025-10-21,15,冷し担担麺,1134.02,1361,462.0,523917.0
2025-10-21,15,はちみつとりんごのケーキ,1134.02,1361,276.0,312990.0
2025-10-21,15,センテＦグリーン１０Ｐ,1134.02,1361,4819.0,5464842.0
2025-10-21,15,３種チーズのミートソース,1134.02,1361,599.0,679278.0
2025-10-21,15,ピュレフルーツりんご,1134.02,1361,268.0,303917.0
2025-10-21,15,巨峰大福（白こしあん）,1134.02,1361,188.0,213196.0
2025-10-21,15,すッパイチュウレモン味,1134.02,1361,127.0,144021.0
2025-10-21,15,てんこ盛弁当,1134.02,1361,598.0,678144.0
2025-10-21,15,ナイキ　ラバーグローブＭ,1134.02,1361,498.0,564742.0
2025-10-21,15,厚切りポテトペッパー,1134.02,1361,142.0,161031.0
2025-10-21,15,ハイチュウ人気ミックス,1134.02,1361,127.0,144021.0
2025-10-21,15,コロコロハイチュウ,1134.02,1361,127.0,144021.0
2025-10-21,15,黒わらび餅,1134.02,1361,178.0,201856.0
2025-10-21,15,メガシャキ,1134.02,1361,239.0,271031.0
2025-10-21,15,ポケカ拡張メガシンフォ,1134.02,1361,164.0,185979.0
2025-10-21,15,ポケカ拡張メガブレイブ,1134.02,1361,164.0,185979.0
2025-10-21,15,イープラス　入金,1134.02,1361,16455.0,18660299.0
2025-10-21,15,夏のミルクシュー,1134.02,1361,138.0,156495.0
2025-10-21,15,ふわしゅわスフレレモン,1134.02,1361,249.0,282371.0
2025-10-21,15,ラッキーＳベリーＳ,1134.02,1361,391.0,443402.0
2025-10-21,15,グローＨプロオニキスＰ,1134.02,1361,3619.0,4104018.0
2025-10-21,15,エボＴバナナＣＰＬＭ,1134.02,1361,500.0,567010.0
2025-10-21,15,エボＴベリーＣＰＬＭ,1134.02,1361,500.0,567010.0
2025-10-21,15,マウススプレークールＭ,1134.02,1361,251.0,284639.0
2025-10-21,15,おーいお茶緑茶　６００,1134.02,1361,158.0,179175.0
2025-10-21,15,◎のむヨーグルトパイン,1134.02,1361,158.0,179175.0
2025-10-21,15,ルーローハン風パスタサラ,1134.02,1361,417.0,472886.0
2025-10-21,15,１９６白桃３５０,1134.02,1361,161.0,182577.0
2025-10-21,15,履歴書用紙,1134.02,1361,309.0,350412.0
2025-10-21,15,メガライフガード　７００,1134.02,1361,150.0,170103.0
2025-10-21,15,１９６マスカット３５０,1134.02,1361,161.0,182577.0
2025-10-21,15,ケントＮＳダークＦ,1134.02,1361,500.0,567010.0
2025-10-21,15,ワンピデッキ　ティーチ,1134.02,1361,500.0,567010.0
2025-10-21,15,ソフト携帯吸殻入れ,1134.02,1361,273.0,309587.0
2025-10-21,15,リチウム５０００ｍＡｈ,1134.02,1361,2982.0,3381648.0
2025-10-21,15,ユニアリ　ワンパンマン,1134.02,1361,350.0,396907.0
2025-10-21,15,多当祝　御祝,1134.02,1361,87.0,98660.0
2025-10-21,15,碧Ａｏ海薫るＨＢ３５０,1134.02,1361,350.0,396907.0
2025-10-21,15,ポケピファンピカチュウ,1134.02,1361,3164.0,3588039.0
2025-10-21,15,タフグミビッグバンピーチ,1134.02,1361,238.0,269897.0
2025-10-21,15,もちっとガブリマスカット,1134.02,1361,143.0,162165.0
2025-10-21,15,ＭＶＰＧレギュウィズ６Ｐ,1134.02,1361,3273.0,3711647.0
2025-10-21,15,テリアＯパール１０Ｐ,1134.02,1361,5273.0,5979687.0
2025-10-21,15,ふんわりたまごのオムライ,1134.02,1361,276.0,312990.0
2025-10-21,15,韓国風海苔佃煮おむすび,1134.02,1361,147.0,166701.0
2025-10-21,15,ラークスーパー５,1134.02,1361,491.0,556804.0
2025-10-21,15,青しそ高菜おむすび,1134.02,1361,139.0,157629.0
2025-10-21,15,ツメキリ　Ｓ,1134.02,1361,480.0,544330.0
2025-10-21,15,ビタミン野菜,1134.02,1361,113.0,128144.0
2025-10-21,15,ポケぷにフルーツ,1134.02,1361,218.0,247216.0
2025-10-21,15,◎ジューシーソーセージパ,1134.02,1361,135.0,153093.0
2025-10-21,15,炙り豚焼肉マヨネーズ,1134.02,1361,276.0,312990.0
2025-10-21,15,おーいお茶濃い茶６００,1134.02,1361,158.0,179175.0
2025-10-21,15,細ーいじゃがビーサワクリ,1134.02,1361,164.0,185979.0
2025-10-21,15,テリアＢルビーＭ１０Ｐ,1134.02,1361,5273.0,5979687.0
2025-10-21,15,Ｃ１０００コラーゲン＆,1134.02,1361,147.0,166701.0
2025-10-21,15,カニカマの寿司,1134.02,1361,174.0,197319.0
2025-10-21,15,いかめしおむすび,1134.02,1361,258.0,292577.0
2025-10-21,15,モッチュ白桃味,1134.02,1361,148.0,167835.0
2025-10-21,15,テリアミント１０Ｐ,1134.02,1361,5273.0,5979687.0
2025-10-21,15,◎増量うす焼せんべい,1134.02,1361,147.0,166701.0
2025-10-21,15,ポテロング,1134.02,1361,162.0,183711.0
2025-10-21,15,カルピス　リンゴ＆洋梨,1134.02,1361,160.0,181443.0
2025-10-21,15,ごろごろゆでたまごサンド,1134.02,1361,369.0,418453.0
2025-10-21,15,◎ふんわりもっちパン（チ,1134.02,1361,128.0,145155.0
2025-10-21,15,ミンティアＢブラック,1134.02,1361,211.0,239278.0
2025-10-21,15,増量チキンパスタサラダ,1134.02,1361,369.0,418453.0
2025-10-21,15,島星シトラスエール３５０,1134.02,1361,306.0,347010.0
2025-10-21,15,アーモンド効果プロテイン,1134.02,1361,198.0,224536.0
2025-10-21,15,小枝チョコクッキーサンド,1134.02,1361,239.0,271031.0
2025-10-21,15,冷たい生パスタツナトマト,1134.02,1361,499.0,565876.0
2025-10-21,15,◎レアチーズデニッシュ,1134.02,1361,147.0,166701.0
2025-10-21,15,にゃんともチーズ塩バニラ,1134.02,1361,230.0,260825.0
2025-10-21,15,ザクザクやみつきクランキ,1134.02,1361,198.0,224536.0
2025-10-21,15,増量ロースかつカレー,1134.02,1361,555.0,629381.0
2025-10-21,15,＊Ｆハイキューまんじゅう,1134.02,1361,172.0,195051.0
2025-10-21,15,ペタグーソーダ,1134.02,1361,150.0,170103.0
2025-10-21,15,超急速２ｉｎ１Ｃ＆Ｌ１ｍ,1134.02,1361,2346.0,2660411.0
2025-10-21,15,トマトジュースプレミアム,1134.02,1361,148.0,167835.0
2025-10-21,15,玉子焼＆ハムサンド,1134.02,1361,323.0,366288.0
2025-10-21,15,２種チーズとハムサンド,1134.02,1361,323.0,366288.0
2025-10-21,15,かぶり寿司　甘辛そぼろマ,1134.02,1361,283.0,320928.0
2025-10-21,15,◎増量チョコビスケット,1134.02,1361,139.0,157629.0
2025-10-21,15,マーブル,1134.02,1361,184.0,208660.0
2025-10-21,15,ラーク・１００・ＢＯＸ,1134.02,1361,491.0,556804.0
2025-10-21,15,１９６無糖冷凍みかん３５,1134.02,1361,161.0,182577.0
2025-10-21,15,メビウスワン１００Ｂ１０,1134.02,1361,5273.0,5979687.0
2025-10-21,15,◎ミニメンチカツバーガ３,1134.02,1361,195.0,221134.0
2025-10-21,15,野菜マシマシ冷し中華,1134.02,1361,647.0,733711.0
2025-10-21,15,ミンティアＢＣマイルド,1134.02,1361,210.0,238144.0
2025-10-21,15,塩おむすび,1134.02,1361,129.0,146289.0
2025-10-21,15,ミンティアＢＦピーチ,1134.02,1361,211.0,239278.0
2025-10-21,15,ミンティアＢＦレモン,1134.02,1361,211.0,239278.0
2025-10-21,15,カロリーメイトチョコ,1134.02,1361,220.0,249484.0
2025-10-21,15,カロリーメイト　バニラ,1134.02,1361,220.0,249484.0
2025-10-21,15,ゼロプロテインチョコ,1134.02,1361,198.0,224536.0
2025-10-21,15,カントリーＭマロンケーキ,1134.02,1361,180.0,204124.0
2025-10-21,15,カンロザストロングソーダ,1134.02,1361,200.0,226804.0
2025-10-21,15,◎増量大盛たこ焼き,1134.02,1361,554.0,628247.0
2025-10-21,15,フリクション３スリムＢＫ,1134.02,1361,541.0,613505.0
2025-10-21,15,パイの実,1134.02,1361,237.0,268763.0
2025-10-21,15,ゼログラノーラチョコ,1134.02,1361,198.0,224536.0
2025-10-21,15,ペタグーグレープ,1134.02,1361,150.0,170103.0
2025-10-21,15,ＩＱＯＳｉＯＤバイオレ,1134.02,1361,3619.0,4104018.0
2025-10-21,15,テリアＢトロピカルＭ,1134.02,1361,528.0,598763.0
2025-10-21,15,カレーせんオリジナルスパ,1134.02,1361,138.0,156495.0
2025-10-21,15,花椒香る　麻婆焼そばＤ２,1134.02,1361,554.0,628247.0
2025-10-21,15,ジャパンタイムズ,1134.02,1361,273.0,309587.0
2025-10-21,15,たまごっち　めじるし２,1134.02,1361,300.0,340206.0
2025-10-21,15,ワンピカード　師弟の絆,1134.02,1361,200.0,226804.0
2025-10-21,15,アポロチョコレート,1134.02,1361,184.0,208660.0
2025-10-21,15,テリアＢフューシャＭ,1134.02,1361,528.0,598763.0
2025-10-21,15,勝馬,1134.02,1361,500.0,567010.0
2025-10-21,15,おむすび２個（鮭・昆布）,1134.02,1361,313.0,354948.0
2025-10-21,15,クッキークリームクレープ,1134.02,1361,332.0,376495.0
2025-10-21,15,きのこの山のジクカール,1134.02,1361,263.0,298247.0
2025-10-21,15,アーモンド・ブリーズ微糖,1134.02,1361,128.0,145155.0
2025-10-21,15,チーズあじカカールアーモ,1134.02,1361,230.0,260825.0
2025-10-21,15,◎増量かーるいチーズスナ,1134.02,1361,128.0,145155.0
2025-10-21,15,三ツ矢サイダー５００,1134.02,1361,160.0,181443.0
2025-10-21,15,栄養強化型　１日分の野菜,1134.02,1361,131.0,148557.0
2025-10-21,15,ぶどうきゃん,1134.02,1361,128.0,145155.0
2025-10-21,15,大きなロール焼そばたまご,1134.02,1361,369.0,418453.0
2025-10-21,15,シーザーパスタサラダ,1134.02,1361,389.0,441134.0
2025-10-21,15,納豆細巻寿司（５巻増量）,1134.02,1361,389.0,441134.0
2025-10-21,15,わさび海苔　野沢菜わさび,1134.02,1361,175.0,198454.0
2025-10-21,15,さばほぐしごはん,1134.02,1361,332.0,376495.0
2025-10-21,15,ねるねるねるねゼリー,1134.02,1361,276.0,312990.0
2025-10-21,15,たまごボーロっち２,1134.02,1361,350.0,396907.0
2025-10-21,15,グミだよ。ピーチフラッペ,1134.02,1361,166.0,188247.0
2025-10-21,15,◎３種フルーツとナッツ,1134.02,1361,165.0,187113.0
2025-10-21,15,◎でっかいカレーたまごパ,1134.02,1361,139.0,157629.0
2025-10-21,15,◎チョコバナナロール,1134.02,1361,156.0,176907.0
2025-10-21,15,シゲキックスグレープ,1134.02,1361,120.0,136082.0
2025-10-21,15,天使のグミ甘熟マンゴー味,1134.02,1361,170.0,192783.0
2025-10-21,15,かむかむレモン,1134.02,1361,150.0,170103.0
2025-10-21,15,梨スムージー,1134.02,1361,193.0,218866.0
2025-10-21,15,のむアサイーボウル,1134.02,1361,188.0,213196.0
2025-10-21,15,ミルキーバニラアイス味,1134.02,1361,170.0,192783.0
2025-10-21,15,ウェルチ　マスカットＳＰ,1134.02,1361,160.0,181443.0
2025-10-21,15,ゆず鶏だしミニ塩ラーメン,1134.02,1361,399.0,452474.0
2025-10-21,15,コク旨醤油だれの油そば,1134.02,1361,499.0,565876.0
2025-10-21,15,くりーむメロンパン,1134.02,1361,276.0,312990.0
2025-10-21,15,ネバネバと大根のサラダ,1134.02,1361,297.0,336804.0
2025-10-21,15,麻辣湯,1134.02,1361,248.0,281237.0
2025-10-21,15,ポケピファンワッカネズミ,1134.02,1361,3164.0,3588039.0
2025-10-21,15,シフォンマンゴー＆ピーチ,1134.02,1361,250.0,283505.0
2025-10-21,15,ふわもち生大福　きなこ,1134.02,1361,138.0,156495.0
2025-10-21,15,生クリームパイコロネ,1134.02,1361,204.0,231340.0
2025-10-21,15,コカ・コーラゼロ５００,1134.02,1361,170.0,192783.0
2025-10-21,15,ケント１・１００Ｂ１０Ｐ,1134.02,1361,4728.0,5361647.0
2025-10-21,15,生茶６００,1134.02,1361,158.0,179175.0
2025-10-21,15,アリィージェルＵＶミニ,1134.02,1361,1346.0,1526391.0
2025-10-21,15,ｉｎゼリーＥＮ　ブドウ糖,1134.02,1361,210.0,238144.0
2025-10-21,15,その他１０口座売上,1134.02,1361,228.0,258557.0
2025-10-21,15,優馬,1134.02,1361,591.0,670206.0
2025-10-21,15,◎増量しみチョココーン,1134.02,1361,147.0,166701.0
2025-10-21,15,◎クルーラーリングドー８,1134.02,1361,184.0,208660.0
2025-10-21,15,◎クラウンメロンパン,1134.02,1361,139.0,157629.0
2025-10-21,15,◎つぶあんぱん北海道小豆,1134.02,1361,121.0,137216.0
2025-10-21,15,大きなチーズカレーパン（,1134.02,1361,184.0,208660.0
2025-10-21,15,梅づくしおむすび,1134.02,1361,172.0,195051.0
2025-10-21,15,もち麦　枝豆ゆかり,1134.02,1361,163.0,184845.0
2025-10-21,15,青磯海苔　漬けサーモン,1134.02,1361,199.0,225670.0
2025-10-21,15,三ツ矢　特濃アップル,1134.02,1361,160.0,181443.0
2025-10-21,15,ＧＰｌａｙ１０００,1134.02,1361,1000.0,1134020.0
2025-10-21,15,堅あげ極味玉ねぎ黒胡椒,1134.02,1361,196.0,222268.0
2025-10-21,15,秋味３５０,1134.02,1361,216.0,244948.0
2025-10-21,15,黒チャーハンおむすび,1134.02,1361,175.0,198454.0
2025-10-21,15,トルティーヤケバブチキン,1134.02,1361,369.0,418453.0
2025-10-21,15,ピュアポテト濃いのり塩,1134.02,1361,155.0,175773.0
2025-10-21,15,マシマシ焼もろこしせん,1134.02,1361,148.0,167835.0
2025-10-21,15,増量　天使のチーズケーキ,1134.02,1361,230.0,260825.0
2025-10-21,15,ＩＱＯＳｉＯＳモデル,1134.02,1361,3619.0,4104018.0
2025-10-21,15,ｉｎゼリートリプルＥ,1134.02,1361,210.0,238144.0
2025-10-21,15,ＳＰＡＭむすび　玉子焼き,1134.02,1361,320.0,362886.0
2025-10-21,15,蒸し鶏ラー油ネギ冷うどん,1134.02,1361,499.0,565876.0
2025-10-21,15,大きな具材ミックスサント,1134.02,1361,399.0,452474.0
2025-10-21,15,手巻寿司　梅ゆかり納豆,1134.02,1361,189.0,214330.0
2025-10-21,15,大きいバウムクーヘン,1134.02,1361,221.0,250618.0
2025-10-21,15,パリジャン　ハム＆チーズ,1134.02,1361,350.0,396907.0
2025-10-21,15,大きいフィナンシェ,1134.02,1361,221.0,250618.0
2025-10-21,15,◎メロンクリームパン４,1134.02,1361,156.0,176907.0
2025-10-21,15,サンド寿司　まぐろたたき,1134.02,1361,332.0,376495.0
2025-10-21,15,白いたべっ子おさつバター,1134.02,1361,180.0,204124.0
2025-10-21,15,大きなたまごづくしサンド,1134.02,1361,369.0,418453.0
2025-10-21,15,ウィルキンソンマスカット,1134.02,1361,138.0,156495.0
2025-10-21,15,◎北海道メロンのコロネ,1134.02,1361,135.0,153093.0
2025-10-21,15,ミニプラグ用イヤホン,1134.02,1361,1528.0,1732783.0
2025-10-21,15,マスカットのど飴小袋,1134.02,1361,138.0,156495.0
2025-10-21,15,じゃがりこＬヤンニョム,1134.02,1361,218.0,247216.0
2025-10-21,15,カレーコロッケバ－ガ－（,1134.02,1361,167.0,189381.0
2025-10-21,15,檸檬堂白ぶどうレモン３５,1134.02,1361,160.0,181443.0
2025-10-21,15,増量麻婆豆腐ごはん,1134.02,1361,462.0,523917.0
2025-10-21,15,ファミマ・ザ・ナポリタン,1134.02,1361,406.0,460412.0
2025-10-21,15,フルーチェグミイチゴ,1134.02,1361,184.0,208660.0
2025-10-21,15,ガルボチョコパウチ,1134.02,1361,270.0,306185.0
2025-10-21,15,冷たいパスタチキンバジル,1134.02,1361,499.0,565876.0
2025-10-21,15,ポケピファンポッチャマ,1134.02,1361,3164.0,3588039.0
2025-10-21,15,チキングリル弁当,1134.02,1361,555.0,629381.0
2025-10-21,15,辛口回鍋肉焼そば,1134.02,1361,536.0,607835.0
2025-10-21,15,パステルのプリンマドレー,1134.02,1361,220.0,249484.0
2025-10-21,15,ピュアポテト塩と岩塩,1134.02,1361,155.0,175773.0
2025-10-21,15,いちごミルク,1134.02,1361,269.0,305051.0
2025-10-21,15,甘辛醤油たれ唐揚弁当,1134.02,1361,555.0,629381.0
2025-10-21,15,ワンピカード意志,1134.02,1361,200.0,226804.0
2025-10-21,15,ビオレトラベルセット,1134.02,1361,620.0,703092.0
2025-10-21,15,ノンオイル青じそドレッシ,1134.02,1361,28.0,31753.0
2025-10-21,15,◎プリンみたいなパンケー,1134.02,1361,138.0,156495.0
2025-10-21,15,１９６王林３５０,1134.02,1361,161.0,182577.0
2025-10-21,15,オイコス　プレーン加糖,1134.02,1361,179.0,202990.0
2025-10-21,15,ＩＱＯＳｉＤバイオレット,1134.02,1361,6346.0,7196491.0
2025-10-21,15,柿安監修　牛すきおむすび,1134.02,1361,258.0,292577.0
2025-10-21,15,ＧＩＮＯＮレモン３５０,1134.02,1361,167.0,189381.0
2025-10-21,15,◎ラベルレス天然水安曇箱,1134.02,1361,489.0,554536.0
2025-10-21,15,一番搾り糖質ゼロ３５０,1134.02,1361,216.0,244948.0
2025-10-21,15,オニポテスナック,1134.02,1361,248.0,281237.0
2025-10-21,15,しゃりｉｎグミみかん,1134.02,1361,168.0,190515.0
2025-10-21,15,ググッタＳマスカット味,1134.02,1361,199.0,225670.0
2025-10-21,15,とろみーグミぶどう味,1134.02,1361,184.0,208660.0
2025-10-21,15,果汁グミシチリアレモン,1134.02,1361,152.0,172371.0
2025-10-21,15,◎ベーコン＆チーズデニッ,1134.02,1361,158.0,179175.0
2025-10-21,15,桃マカロン,1134.02,1361,249.0,282371.0
2025-10-21,15,梅蒸し鶏あったかそうめん,1134.02,1361,399.0,452474.0
2025-10-21,15,千里眼　ニンニクまぜそば,1134.02,1361,647.0,733711.0
2025-10-21,15,ナッツフルーツカッサータ,1134.02,1361,258.0,292577.0
2025-10-21,15,ＳＤブラックピンク３５０,1134.02,1361,216.0,244948.0
2025-10-21,15,大きな　鮭マヨと生たらこ,1134.02,1361,276.0,312990.0
2025-10-21,15,クリーミーほうじ茶ラテ,1134.02,1361,181.0,205258.0
2025-10-21,15,ハムカツサンド,1134.02,1361,297.0,336804.0
2025-10-21,15,◎たまご蒸しパン４個入,1134.02,1361,172.0,195051.0
2025-10-21,15,しゃりぷにょ梅グミ,1134.02,1361,170.0,192783.0
2025-10-21,15,もちゅグミ温州みかん味,1134.02,1361,184.0,208660.0
2025-10-21,15,むちもっちバナナグミ,1134.02,1361,180.0,204124.0
2025-10-21,15,プリン！？シュー,1134.02,1361,138.0,156495.0
2025-10-21,15,◎ジュワっとしたチーズ塩,1134.02,1361,139.0,157629.0
2025-10-21,15,たっぷりハムサンド,1134.02,1361,323.0,366288.0
2025-10-21,15,野菜生活マスカット,1134.02,1361,118.0,133814.0
2025-10-21,15,◎たっぷりマロンクリーム,1134.02,1361,147.0,166701.0
2025-10-21,15,◎生スコーン６個入（スイ,1134.02,1361,172.0,195051.0
2025-10-21,15,モンブランのサンダー,1134.02,1361,50.0,56701.0
2025-10-21,15,にじピグチップスうすしお,1134.02,1361,230.0,260825.0
2025-10-21,15,◎バウムクーヘン（４）,1134.02,1361,239.0,271031.0
2025-10-21,15,ブルーベリーサンド,1134.02,1361,195.0,221134.0
2025-10-21,15,ハガキフリー,1134.02,1361,200.0,226804.0
2025-10-21,15,ＢＩＯ　ブルーベリーミッ,1134.02,1361,168.0,190515.0
2025-10-21,15,半熟玉子冷ぶっかけうどん,1134.02,1361,399.0,452474.0
2025-10-21,15,ヴイックスのど飴シトラス,1134.02,1361,238.0,269897.0
2025-10-21,15,多当　　御見舞,1134.02,1361,87.0,98660.0
2025-10-21,15,しゃり蔵ザクザクッラー油,1134.02,1361,120.0,136082.0
2025-10-21,15,赤肉メロンミルク,1134.02,1361,267.0,302783.0
2025-10-21,15,完熟トマトベーコンパスタ,1134.02,1361,536.0,607835.0
2025-10-21,15,ＰＧスイートチリＳ缶,1134.02,1361,168.0,190515.0
2025-10-21,15,唐揚巻（マヨネーズ付）,1134.02,1361,462.0,523917.0
2025-10-21,15,クリーム＆コーヒーゼリー,1134.02,1361,135.0,153093.0
2025-10-21,15,ＵＳＢ－Ｃ電池式６本,1134.02,1361,1800.0,2041236.0
2025-10-21,15,甜面醤の旨ジャージャー麺,1134.02,1361,499.0,565876.0
2025-10-21,15,パリジャンサンドチキンべ,1134.02,1361,350.0,396907.0
2025-10-21,15,ケントＮＳスムースＦ,1134.02,1361,500.0,567010.0
2025-10-21,15,スパイシーチキン野菜サラ,1134.02,1361,554.0,628247.0
2025-10-21,15,充電器５０００ｍＡｈ,1134.02,1361,2982.0,3381648.0
2025-10-21,15,キャラパキ発掘恐竜,1134.02,1361,110.0,124742.0
2025-10-21,15,食べマスおぱんちゅうさぎ,1134.02,1361,350.0,396907.0
2025-10-21,15,海老マヨネーズおむすび,1134.02,1361,239.0,271031.0
2025-10-21,15,さけるグミハロウィン,1134.02,1361,120.0,136082.0
2025-10-21,15,◎シャルドネ香るティー,1134.02,1361,110.0,124742.0
2025-10-21,15,スニッカーズハーフＳアー,1134.02,1361,158.0,179175.0
2025-10-21,15,大きな　肉そぼろ卵黄ソー,1134.02,1361,297.0,336804.0
2025-10-21,15,ヱビス和奏３５０,1134.02,1361,272.0,308453.0
2025-10-21,15,タフグミＰＲＯローヤル,1134.02,1361,359.0,407113.0
2025-10-21,15,ヴァルトメンソールＣＬ,1134.02,1361,528.0,598763.0
2025-10-21,15,グロー・ヒーロ・ルビー,1134.02,1361,3619.0,4104018.0
2025-10-21,15,◎サクサク食感のミニチ５,1134.02,1361,184.0,208660.0
2025-10-21,15,ＧＯＤＩＶＡドリンク,1134.02,1361,397.0,450206.0
2025-10-21,15,伝説のケバブ風味ポテトＣ,1134.02,1361,193.0,218866.0
2025-10-21,15,北海道なまらでっかいシュ,1134.02,1361,315.0,357216.0
2025-10-21,15,クラッシュ蒟蒻畑みかん味,1134.02,1361,183.0,207526.0
2025-10-21,15,ＦＭオリジナル安食ロール,1134.02,1361,369.0,418453.0
2025-10-21,15,レッツハロウィンつぶグミ,1134.02,1361,158.0,179175.0
2025-10-21,15,◎ピリ辛明太フランス（か,1134.02,1361,135.0,153093.0
2025-10-21,15,◎和風ツナパン,1134.02,1361,135.0,153093.0
2025-10-21,15,ハラペーニョチキンチェダ,1134.02,1361,443.0,502371.0
2025-10-21,15,全粒粉サラダチキンとハム,1134.02,1361,369.0,418453.0
2025-10-21,15,◎ピスタチオいちごケーキ,1134.02,1361,230.0,260825.0
2025-10-21,15,焼ベーコン寿司,1134.02,1361,230.0,260825.0
2025-10-21,15,ちいかわ黒猫ミニバッグ,1134.02,1361,1000.0,1134020.0
2025-10-21,15,ごろっと白桃ケーキ,1134.02,1361,297.0,336804.0
2025-10-21,15,さくふわきなこもちぼーる,1134.02,1361,150.0,170103.0
2025-10-21,15,◎白生コッペパン（レアチ,1134.02,1361,153.0,173505.0
2025-10-21,15,秋のフルーツこれ一本,1134.02,1361,118.0,133814.0
2025-10-21,15,◎キャラメルバニラメロン,1134.02,1361,172.0,195051.0
2025-10-21,15,３１マスコットつきグミ２,1134.02,1361,350.0,396907.0
2025-10-21,15,◎ショコラクッキー,1134.02,1361,212.0,240412.0
2025-10-21,15,ピュレグミＰふじりんご,1134.02,1361,180.0,204124.0
2025-10-21,15,たぬきおむすび,1134.02,1361,138.0,156495.0
2025-10-21,15,わた雪みたいなレアチーズ,1134.02,1361,315.0,357216.0
2025-10-21,15,スイートポテトスティック,1134.02,1361,212.0,240412.0
2025-10-21,15,ハリボープリマヴェーラ,1134.02,1361,198.0,224536.0
2025-10-21,15,ザバスミルクキャラメル,1134.02,1361,222.0,251752.0
2025-10-21,15,パーラメントＥＸＬ１００,1134.02,1361,564.0,639587.0
2025-10-21,15,チャーシュー冷しまぜそば,1134.02,1361,599.0,679278.0
2025-10-21,15,氷結無糖ゆずＳＰ３５０,1134.02,1361,168.0,190515.0
2025-10-21,15,スティックモンブラン,1134.02,1361,249.0,282371.0
2025-10-21,15,１９６無糖ピンクＧＦ３５,1134.02,1361,161.0,182577.0
2025-10-21,15,◎アールグレイクロワッサ,1134.02,1361,172.0,195051.0
2025-10-21,15,ラーメン荘　豚ラーメン,1134.02,1361,647.0,733711.0
2025-10-21,15,◎ハムチーズデニッシュ４,1134.02,1361,184.0,208660.0
2025-10-21,15,ヴァルトダークタバコ,1134.02,1361,528.0,598763.0
2025-10-21,15,ヴァルトメロンクリック,1134.02,1361,528.0,598763.0
2025-10-21,15,ドラキュラへんしんグミ,1134.02,1361,350.0,396907.0
2025-10-21,15,わさびいなり寿司,1134.02,1361,178.0,201856.0
2025-10-21,15,ちいかわ花占いグミ,1134.02,1361,230.0,260825.0
2025-10-21,15,ねぎ塩チキン醤油まぶし飯,1134.02,1361,555.0,629381.0
2025-10-21,15,紫いもミルクティー,1134.02,1361,190.0,215464.0
2025-10-21,15,ＢＳラーメン柿の種ミック,1134.02,1361,110.0,124742.0
2025-10-21,15,焼まろん,1134.02,1361,215.0,243814.0
2025-10-21,15,ウィルキンソンＥＸ　ＧＦ,1134.02,1361,117.0,132680.0
2025-10-21,15,ミンティア瀬戸田レモン,1134.02,1361,105.0,119072.0
2025-10-21,15,北海道リッチミルクプリン,1134.02,1361,399.0,452474.0
2025-10-21,15,焼ほし芋,1134.02,1361,195.0,221134.0
2025-10-21,15,冷しすだちおろしうどん,1134.02,1361,510.0,578350.0
2025-10-21,15,テリヤキチキンのサラダ,1134.02,1361,397.0,450206.0
2025-10-21,15,和牛カラムーチョわさび,1134.02,1361,155.0,175773.0
2025-10-21,15,きのことベーコンのドリア,1134.02,1361,526.0,596495.0
2025-10-21,15,ｂｉｔｌｏｔガンダム,1134.02,1361,680.0,771134.0
2025-10-21,15,ポケカメガゲンガーｅｘ,1134.02,1361,1637.0,1856391.0
2025-10-21,15,ポケカメガディアンシー,1134.02,1361,1637.0,1856391.0
2025-10-21,15,◎トマトコンソメスープ,1134.02,1361,350.0,396907.0
2025-10-21,15,◎４種きのこクリームスー,1134.02,1361,426.0,483093.0
2025-10-21,15,Ａｐｐｌｅチャージ,1134.02,1361,10500.0,11907210.0
2025-10-21,15,ＨＷ変顔キャンディ,1134.02,1361,400.0,453608.0
2025-10-21,15,週末版ジャパンタイムズ,1134.02,1361,364.0,412783.0
2025-10-21,15,魚ギョッと釣りグミ,1134.02,1361,70.0,79381.0
2025-10-21,15,じゃりむちグミピーチＳ,1134.02,1361,175.0,198454.0
2025-10-21,15,スターバックス　ブラック,1134.02,1361,168.0,190515.0
2025-10-21,15,フリスクＦＦみかん,1134.02,1361,278.0,315258.0
2025-10-21,15,アップルパンチ３５０,1134.02,1361,161.0,182577.0
2025-10-21,15,山ちゃん監修　海老天むす,1134.02,1361,276.0,312990.0
2025-10-21,15,スヌーピークッキーサンド,1134.02,1361,369.0,418453.0
2025-10-21,15,◎塩バターケーキタルト,1134.02,1361,147.0,166701.0
2025-10-21,15,ＳＰＡＭ　玉子焼き明太子,1134.02,1361,369.0,418453.0
2025-10-21,15,ヴァルトＩメンソールＣＬ,1134.02,1361,528.0,598763.0
2025-10-21,15,スターバックスカフェラテ,1134.02,1361,178.0,201856.0
2025-10-21,15,グローＨＧブラック,1134.02,1361,1346.0,1526391.0
2025-10-21,15,ガイコツグミグレープ味,1134.02,1361,230.0,260825.0
2025-10-21,15,モンストロマーブルガム,1134.02,1361,100.0,113402.0
2025-10-21,15,ぷっちょ袋ＨＷアソート,1134.02,1361,210.0,238144.0
2025-10-21,15,宇都宮線・高崎線チップス,1134.02,1361,156.0,176907.0
2025-10-21,15,つくねおむすび,1134.02,1361,276.0,312990.0
2025-10-21,15,ヴァルトＩベリークリック,1134.02,1361,528.0,598763.0
2025-10-21,15,おーいお茶濃茶ストロング,1134.02,1361,158.0,179175.0
2025-10-21,15,ちぎれるブリオッシュパン,1134.02,1361,147.0,166701.0
2025-10-21,15,鮭金ごまおむすび,1134.02,1361,139.0,157629.0
2025-10-21,15,ピュレグミラ・フランス,1134.02,1361,150.0,170103.0
2025-10-21,15,チュッパサワーバイトグミ,1134.02,1361,158.0,179175.0
2025-10-21,15,味付海苔　ベーコンマヨ,1134.02,1361,184.0,208660.0
2025-10-21,15,バナナカスタードブリュレ,1134.02,1361,350.0,396907.0
2025-10-21,15,◎生コッペパン（オムナポ,1134.02,1361,184.0,208660.0
2025-10-21,15,◎伊右衛門　濃い緑茶,1134.02,1361,121.0,137216.0
2025-10-21,15,チョコクリームたい焼き,1134.02,1361,176.0,199588.0
2025-10-21,15,専スヌーピーチョコドーナ,1134.02,1361,156.0,176907.0
2025-10-21,15,ヴァルトベリークリック,1134.02,1361,528.0,598763.0
2025-10-21,15,鶏天うどん,1134.02,1361,599.0,679278.0
2025-10-21,15,チキンカツサンド,1134.02,1361,399.0,452474.0
2025-10-21,15,ルーシーのレモネード,1134.02,1361,184.0,208660.0
2025-10-21,15,ブルガリアＹＯさくらんぼ,1134.02,1361,195.0,221134.0
2025-10-21,15,たべっ子ラムネみかん,1134.02,1361,150.0,170103.0
2025-10-21,15,さつまりこ焼きいも,1134.02,1361,185.0,209794.0
2025-10-21,15,◎焦がしバターのクロワッ,1134.02,1361,121.0,137216.0
2025-10-21,15,モッチ生ドーナツ生チョコ,1134.02,1361,184.0,208660.0
2025-10-21,15,カンデミーナＳＰベスト,1134.02,1361,200.0,226804.0
2025-10-21,15,ＦチャーリーＢロール,1134.02,1361,165.0,187113.0
2025-10-21,15,ルックア・ラ・モード,1134.02,1361,200.0,226804.0
2025-10-21,15,ルックホワイトラバーズ,1134.02,1361,200.0,226804.0
2025-10-21,15,くりーむパン　和栗,1134.02,1361,269.0,305051.0
2025-10-21,15,Ｐルックシャインマスカッ,1134.02,1361,270.0,306185.0
2025-10-21,15,海老とブロッコリーロール,1134.02,1361,369.0,418453.0
2025-10-21,15,かぶり寿司　旨辛唐揚げ巻,1134.02,1361,283.0,320928.0
2025-10-21,15,Ｐルック生キャラメル,1134.02,1361,270.0,306185.0
2025-10-21,15,来来亭監修　冷し中華,1134.02,1361,554.0,628247.0
2025-10-21,15,野菜生活Ｓアサイーバナナ,1134.02,1361,178.0,201856.0
2025-10-21,15,ポテトＣ感謝のほたてしお,1134.02,1361,157.0,178041.0
2025-10-21,15,ぷっちょＳＴ有田みかん,1134.02,1361,118.0,133814.0
2025-10-21,15,ａｍｉ活ゼリーピングレ味,1134.02,1361,210.0,238144.0
2025-10-21,15,ベーコンとレタスのサラダ,1134.02,1361,332.0,376495.0
2025-10-21,15,カカオ味わうショコララテ,1134.02,1361,230.0,260825.0
2025-10-21,15,スッパイマンちいかわ一番,1134.02,1361,200.0,226804.0
2025-10-21,15,天津あんかけ焼そば,1134.02,1361,554.0,628247.0
2025-10-21,15,ヴァルトミントクリック,1134.02,1361,528.0,598763.0
2025-10-21,15,生パスタ　カルボナーラ,1134.02,1361,499.0,565876.0
2025-10-21,15,プルームオーラＪブラック,1134.02,1361,2710.0,3073194.0
2025-10-21,15,帆立と鰹の昆布水つけ麺,1134.02,1361,600.0,680412.0
2025-10-21,15,秋のフルーツスムージー,1134.02,1361,193.0,218866.0
2025-10-21,15,Ｗ・Ｃホワイト５・１０Ｐ,1134.02,1361,4910.0,5568038.0
2025-10-21,15,ＧＰｌａｙ１００００,1134.02,1361,10000.0,11340200.0
2025-10-21,15,白身フライごはん,1134.02,1361,276.0,312990.0
2025-10-21,15,カルピス　Ｐグレープ,1134.02,1361,170.0,192783.0
2025-10-21,15,◎なすトマトソースグラタ,1134.02,1361,508.0,576082.0
2025-10-21,15,０１：ＢＥ：ＦＩＲＳＴ,1134.02,1361,0.0,0.0
2025-10-21,15,コミック乱ツインズ,1134.02,1361,528.0,598763.0
2025-10-21,15,いなり寿司５ヶ入,1134.02,1361,443.0,502371.0
2025-10-21,15,◎根菜入つくね和風スープ,1134.02,1361,406.0,460412.0
2025-10-21,15,もち明太チーズドリア,1134.02,1361,491.0,556804.0
2025-10-21,15,シングルモルト山崎１８０,1134.02,1361,1950.0,2211339.0
2025-10-21,15,グミチョコボールぶどう味,1134.02,1361,199.0,225670.0
2025-10-21,15,Ｈ綾鷹,1134.02,1361,128.0,145155.0
2025-10-21,15,Ｈ伊右衛門５００,1134.02,1361,138.0,156495.0
2025-10-21,15,堅あげポテト鬼旨ブラック,1134.02,1361,190.0,215464.0
2025-10-21,15,三陸産わかめおむすび,1134.02,1361,139.0,157629.0
2025-10-21,15,大きな　チキンとタルタル,1134.02,1361,304.0,344742.0
2025-10-21,15,サンドおむすび炙り焼チキ,1134.02,1361,352.0,399175.0
2025-10-21,15,ベースブレッドさつまいも,1134.02,1361,260.0,294845.0
2025-10-21,15,伊右衛門　京都サイダー,1134.02,1361,158.0,179175.0
2025-10-21,15,紅はるかのスイートポテト,1134.02,1361,264.0,299381.0
2025-10-21,15,スイートポテトロール,1134.02,1361,276.0,312990.0
2025-10-21,15,◎どかっと満足パン（ベー,1134.02,1361,230.0,260825.0
2025-10-21,15,掘って発見スイートポテト,1134.02,1361,341.0,386701.0
2025-10-21,15,メントスＤＵＯブラッドオ,1134.02,1361,163.0,184845.0
2025-10-21,15,カジッテミカン＆レモン,1134.02,1361,228.0,258557.0
2025-10-21,15,大盛！野菜スティック,1134.02,1361,369.0,418453.0
2025-10-21,15,スーパー大麦　梅ひじき,1134.02,1361,175.0,198454.0
2025-10-21,15,野菜生活北海道メロン,1134.02,1361,138.0,156495.0
2025-10-21,15,おーいお茶濃い茶１Ｌ,1134.02,1361,176.0,199588.0
2025-10-21,15,カジッテグレープ＆マスカ,1134.02,1361,228.0,258557.0
2025-10-21,15,生パスタ海老トマトクリム,1134.02,1361,508.0,576082.0
2025-10-21,15,◎スイートポテトタルトデ,1134.02,1361,158.0,179175.0
2025-10-21,15,青磯海苔　まぐろたたき,1134.02,1361,199.0,225670.0
2025-10-21,15,◎スイートポテト蒸しケ４,1134.02,1361,176.0,199588.0
2025-10-21,15,まいたけおこわ,1134.02,1361,185.0,209794.0
2025-10-21,15,◎どかっとパン（テリマヨ,1134.02,1361,135.0,153093.0
2025-10-21,15,鎌倉コロッケサンド,1134.02,1361,297.0,336804.0
2025-10-21,15,◎生フランスパン（おいも,1134.02,1361,156.0,176907.0
2025-10-21,15,◎おいものパウンドケーキ,1134.02,1361,167.0,189381.0
2025-10-21,15,ワイルドターキーＨＢ３５,1134.02,1361,238.0,269897.0
2025-10-21,15,サラダチキンのサラダ,1134.02,1361,239.0,271031.0
2025-10-21,15,ハムチーズとツナサンド,1134.02,1361,323.0,366288.0
2025-10-21,15,◎はちみつすいーとぽてと,1134.02,1361,176.0,199588.0
2025-10-21,15,ロリポップＣちいかわ黒猫,1134.02,1361,300.0,340206.0
2025-10-21,15,◎おいものマドレーヌ,1134.02,1361,167.0,189381.0
2025-10-21,15,シャンゴ監修　ベスビオ,1134.02,1361,582.0,660000.0
2025-10-21,15,ポケカ拡張　ロケット団,1134.02,1361,164.0,185979.0
2025-10-21,15,手巻寿司　３種のねばねば,1134.02,1361,190.0,215464.0
2025-10-21,15,グミチョコボール苺,1134.02,1361,199.0,225670.0
2025-10-21,15,増量３色そぼろ＆チキン南,1134.02,1361,580.0,657732.0
2025-10-21,15,◎紅はるかのおいもチップ,1134.02,1361,198.0,224536.0
2025-10-21,15,お手軽！冷しぶっかけそば,1134.02,1361,276.0,312990.0
2025-10-21,15,極上はちみつ紅茶Ｃ小袋,1134.02,1361,125.0,141752.0
2025-10-21,15,福かまど　べこ餅,1134.02,1361,165.0,187113.0
2025-10-21,15,ねぎたっぷり！豚肉そば,1134.02,1361,554.0,628247.0
2025-10-21,15,ヱビスビール３５０,1134.02,1361,254.0,288041.0
2025-10-21,15,Ｃ玄米プラス　アーモンド,1134.02,1361,180.0,204124.0
2025-10-21,15,お月見タルト　カスタード,1134.02,1361,276.0,312990.0
2025-10-21,15,爽健美茶　６００,1134.02,1361,158.0,179175.0
2025-10-21,15,鳴門金時ラテ,1134.02,1361,267.0,302783.0
2025-10-21,15,ｉｎゼリーＶカロリーゼロ,1134.02,1361,210.0,238144.0
2025-10-21,15,ヘパリーゼＷハイパー,1134.02,1361,380.0,430928.0
2025-10-21,15,増量特製ダレの炙り焼牛カ,1134.02,1361,625.0,708762.0
2025-10-21,15,増量明太海苔弁当,1134.02,1361,555.0,629381.0
2025-10-21,15,ヤクルトＹ１０００,1134.02,1361,150.0,170103.0
2025-10-21,15,クラッシュ蒟蒻畑ぶどう味,1134.02,1361,183.0,207526.0
2025-10-21,15,ブルガリアＹＯブルーベ,1134.02,1361,168.0,190515.0
2025-10-21,15,ビューティチャージハニー,1134.02,1361,548.0,621443.0
2025-10-21,15,ミックスアイスプラス,1134.02,1361,464.0,526185.0
2025-10-21,15,ＡｐｐｌｅＧＣ＿１万,1134.02,1361,10000.0,11340200.0
2025-10-21,15,馬サブロー,1134.02,1361,500.0,567010.0
2025-10-21,15,コロロ二十世紀梨,1134.02,1361,148.0,167835.0
2025-10-21,15,海老とあさりのスパゲティ,1134.02,1361,499.0,565876.0
2025-10-21,15,ライフガード５００,1134.02,1361,150.0,170103.0
2025-10-21,15,ブロックロス　ユニコーン,1134.02,1361,1700.0,1927834.0
2025-10-21,15,Ｈジョージア　カフェラテ,1134.02,1361,148.0,167835.0
2025-10-21,15,サッポロラガービール３５,1134.02,1361,216.0,244948.0
2025-10-21,15,手巻　チャーシューマヨ,1134.02,1361,185.0,209794.0
2025-10-21,15,大きなおむすび　鮭昆布,1134.02,1361,239.0,271031.0
2025-10-21,15,だし醤油まぶし飯海苔佃煮,1134.02,1361,156.0,176907.0
2025-10-21,15,忍者めし鉄の鎧グレープ味,1134.02,1361,160.0,181443.0
2025-10-21,15,ＢＳラーメン丸銀だこ,1134.02,1361,160.0,181443.0
2025-10-21,15,フェットチーネマスカット,1134.02,1361,112.0,127010.0
2025-10-21,15,ラインＳ２５秋の色黒小,1134.02,1361,390.0,442268.0
2025-10-21,15,ミルクブッセ,1134.02,1361,93.0,105464.0
2025-10-21,15,コーヒーブッセ,1134.02,1361,93.0,105464.0
2025-10-21,15,Ｈ伊右衛門焙じ茶,1134.02,1361,138.0,156495.0
2025-10-21,15,Ｈジョージア　ブラック,1134.02,1361,138.0,156495.0
2025-10-21,15,カフェオレクリームサンド,1134.02,1361,121.0,137216.0
2025-10-21,15,キレートレモンクエン酸,1134.02,1361,175.0,198454.0
2025-10-21,15,チョコパイとろ甘キャラメ,1134.02,1361,138.0,156495.0
2025-10-21,15,午後フルーツティ白ぶどう,1134.02,1361,158.0,179175.0
2025-10-21,15,午後フルーツティオレンジ,1134.02,1361,158.0,179175.0
2025-10-21,15,チョコパイほろ苦ダークカ,1134.02,1361,138.0,156495.0
2025-10-21,15,ガルボほろにがブラックＰ,1134.02,1361,175.0,198454.0
2025-10-21,15,スイートポテト＆ホイップ,1134.02,1361,348.0,394639.0
2025-10-21,15,白玉入りお芋のどら焼き,1134.02,1361,195.0,221134.0
2025-10-21,15,ピザサンド　さつまいも,1134.02,1361,306.0,347010.0
2025-10-21,15,カフェラッテクリーミーラ,1134.02,1361,181.0,205258.0
2025-10-21,15,ふわしゅわショコラスフレ,1134.02,1361,258.0,292577.0
2025-10-21,15,◎クロワッサンワッフル,1134.02,1361,167.0,189381.0
2025-10-21,15,ジャックジンジャーＨＢ３,1134.02,1361,210.0,238144.0
2025-10-21,15,たまご＆海老ブロサンド,1134.02,1361,348.0,394639.0
2025-10-21,15,◎チーズインてりやきバー,1134.02,1361,184.0,208660.0
2025-10-21,15,のむココナッツ杏仁,1134.02,1361,276.0,312990.0
2025-10-21,15,たまごっち　まんまる焼き,1134.02,1361,232.0,263093.0
2025-10-21,15,大粒ラムネ濃い果実ぶどう,1134.02,1361,133.0,150825.0
2025-10-21,15,ブロックロスジークアクス,1134.02,1361,1700.0,1927834.0
2025-10-21,15,サンド寿司サーモンチーズ,1134.02,1361,332.0,376495.0
2025-10-21,15,ダースミルク,1134.02,1361,191.0,216598.0
2025-10-21,15,ショコラキャラメルタルト,1134.02,1361,230.0,260825.0
2025-10-21,15,大きなつくねの醤油パスタ,1134.02,1361,510.0,578350.0
2025-10-21,15,コーンのバター醤油パスタ,1134.02,1361,426.0,483093.0
2025-10-21,15,◎グリルＣヨシダテリヤキ,1134.02,1361,232.0,263093.0
2025-10-21,15,スプバレ豊潤ラガー３５０,1134.02,1361,245.0,277835.0
2025-10-21,15,ハリボーハッピーグレープ,1134.02,1361,198.0,224536.0
2025-10-21,15,野菜を食べよう　タンメン,1134.02,1361,554.0,628247.0
2025-10-21,15,たべっ子グミグレープ＆マ,1134.02,1361,200.0,226804.0
2025-10-21,15,バヤリース果実のど飴,1134.02,1361,220.0,249484.0
2025-10-21,15,豚焼肉弁当（マヨネーズ付,1134.02,1361,499.0,565876.0
2025-10-21,15,ｈａｎａキンモクセイ,1134.02,1361,698.0,791546.0
2025-10-21,15,ちいかわひやキャラ,1134.02,1361,280.0,317526.0
2025-10-21,15,４Ｄグミサンリオキャラ,1134.02,1361,180.0,204124.0
2025-10-21,15,オイコス　ピーチ,1134.02,1361,189.0,214330.0
2025-10-21,15,サンリオグミチュアチャー,1134.02,1361,350.0,396907.0
2025-10-21,15,ブラックサンダー至福のバ,1134.02,1361,60.0,68041.0
2025-10-21,15,その他４口座売上,1134.02,1361,164.0,185979.0
2025-10-21,15,１日分Ｖゼリーピーチ,1134.02,1361,218.0,247216.0
2025-10-21,15,うるおいトラベルセット,1134.02,1361,1680.0,1905154.0
2025-10-21,15,ポップアップス！ハチワレ,1134.02,1361,390.0,442268.0
2025-10-21,15,ポップアップス！うさぎ,1134.02,1361,390.0,442268.0
2025-10-21,15,コロロ巨峰,1134.02,1361,148.0,167835.0
2025-10-21,15,◎ロングデニッシュ（バタ,1134.02,1361,121.0,137216.0
2025-10-21,15,麻辣湯（はるさめ麺）,1134.02,1361,554.0,628247.0
2025-10-21,15,◎ふくちゃん豚骨どんぶり,1134.02,1361,297.0,336804.0
2025-10-21,15,ポケカ拡張インフェルノ,1134.02,1361,164.0,185979.0
2025-10-21,15,５種チーズのドリア,1134.02,1361,499.0,565876.0
2025-10-21,15,新金封　結ちどり,1134.02,1361,500.0,567010.0
2025-10-21,15,チップスターＳバター味,1134.02,1361,158.0,179175.0
2025-10-21,15,レンジかき揚げそば,1134.02,1361,462.0,523917.0
2025-10-21,15,モッチュＳマスカット,1134.02,1361,148.0,167835.0
2025-10-21,15,まるごと和なしのど飴小袋,1134.02,1361,128.0,145155.0
2025-10-21,15,ガルボ紫いもＰＫＰ,1134.02,1361,175.0,198454.0
2025-10-21,15,クランキーＰＪストロベリ,1134.02,1361,175.0,198454.0
2025-10-21,15,漬けぶりおむすび,1134.02,1361,249.0,282371.0
2025-10-21,15,ライオンコーヒーブラック,1134.02,1361,168.0,190515.0
2025-10-21,15,ライオンコーヒカフェオレ,1134.02,1361,178.0,201856.0
2025-10-21,15,◎芋きんつば,1134.02,1361,184.0,208660.0
2025-10-21,15,たっぷりコーンマヨネーズ,1134.02,1361,297.0,336804.0
2025-10-21,15,◎肉たっぷり７種具材豚汁,1134.02,1361,369.0,418453.0
2025-10-21,15,Ｐガーナトリュフキャラメ,1134.02,1361,325.0,368556.0
2025-10-21,15,マミー風味シュークリーム,1134.02,1361,167.0,189381.0
2025-10-21,15,背徳　月見台湾風まぜそば,1134.02,1361,647.0,733711.0
2025-10-21,15,メキシカンチキン雑穀,1134.02,1361,462.0,523917.0
2025-10-21,15,森永れん乳風味クレープ,1134.02,1361,239.0,271031.0
2025-10-21,15,◎ふわもち食感のメープル,1134.02,1361,135.0,153093.0
2025-10-21,15,ライトニング電池充電器,1134.02,1361,2164.0,2454019.0
2025-10-21,15,大きな　月見おむすびマヨ,1134.02,1361,304.0,344742.0
2025-10-21,15,あなご寿司,1134.02,1361,255.0,289175.0
2025-10-21,15,とろ生おいもチーズケーキ,1134.02,1361,230.0,260825.0
2025-10-21,15,きつねおむすび,1134.02,1361,147.0,166701.0
2025-10-21,15,チキンチェダーたまご,1134.02,1361,452.0,512577.0
2025-10-21,15,◎ミニベーコンピザパン４,1134.02,1361,212.0,240412.0
2025-10-21,15,◎ミルクツイスト３本入,1134.02,1361,144.0,163299.0
2025-10-21,15,◎ルイボスティー６００,1134.02,1361,110.0,124742.0
2025-10-21,15,野菜生活青森りんご,1134.02,1361,118.0,133814.0
2025-10-21,15,専おかず全部乗せ！お弁当,1134.02,1361,323.0,366288.0
2025-10-21,15,１９６無糖３種の果実３５,1134.02,1361,161.0,182577.0
2025-10-21,15,◎生コッペパン（モンブラ,1134.02,1361,135.0,153093.0
2025-10-21,15,月見うさぎ,1134.02,1361,90.0,102062.0
2025-10-21,15,◎芋あん豆大福,1134.02,1361,165.0,187113.0
2025-10-21,15,エナジーの塊,1134.02,1361,199.0,225670.0
2025-10-21,15,ちいかわチャームグミ,1134.02,1361,380.0,430928.0
2025-10-21,15,◎ロングスティックパン（,1134.02,1361,158.0,179175.0
2025-10-21,15,いちごドーナツ棒１本,1134.02,1361,74.0,83917.0
2025-10-21,15,マカダミアチョコ沖縄黒糖,1134.02,1361,333.0,377629.0
2025-10-21,15,カフェラッテ,1134.02,1361,181.0,205258.0
2025-10-21,15,グミっちょ夕張メロン,1134.02,1361,238.0,269897.0
2025-10-21,15,◎ボロネーゼ風ラザニア,1134.02,1361,369.0,418453.0
2025-10-21,15,ガパオまぜごはん,1134.02,1361,163.0,184845.0
2025-10-21,15,今治ＴＨ斜ＳＴ　Ｔ紺,1134.02,1361,600.0,680412.0
2025-10-21,15,ＳＤドライクリスタル３５,1134.02,1361,216.0,244948.0
2025-10-21,15,◎ふわふわアソートリン４,1134.02,1361,193.0,218866.0
2025-10-21,15,月見チーズバーガー,1134.02,1361,399.0,452474.0
2025-10-21,15,厚切りロースカツサンド,1134.02,1361,426.0,483093.0
2025-10-21,15,きのこの山ポケットパック,1134.02,1361,161.0,182577.0
2025-10-21,15,暴君ハバネロ１５０粒ハバ,1134.02,1361,176.0,199588.0
2025-10-21,15,Ｈ午後の紅茶ミルクティー,1134.02,1361,159.0,180309.0
2025-10-21,15,たけのこの里ＰＫＰ,1134.02,1361,161.0,182577.0
